ROUND,TASKS COMPLETED,worker0 tasks,worker1 tasks,worker0 running,worker1 running,
1,0,0,0,1,0,
2,1,1,0,1,1,
3,3,2,1,1,1,
4,5,3,2,1,1,
5,7,4,3,1,1,
6,9,5,4,1,1,
7,11,6,5,1,1,
8,13,7,6,1,1,
9,15,8,7,1,1,
10,17,9,8,1,1,
11,19,10,9,1,1,
12,21,11,10,1,1,
13,23,12,11,1,1,
14,25,13,12,1,1,
15,27,14,13,1,1,
16,29,15,14,1,1,
17,31,16,15,1,1,
18,33,17,16,1,1,
19,35,18,17,1,1,
20,37,19,18,1,1,
21,39,20,19,1,1,
22,41,21,20,1,1,
23,43,22,21,1,1,
24,45,23,22,1,1,
25,47,24,23,1,1,
26,49,25,24,1,1,
27,51,26,25,1,1,
28,53,27,26,1,1,
29,55,28,27,1,1,
30,57,29,28,1,1,
31,59,30,29,1,1,
32,61,31,30,1,1,
33,63,32,31,1,1,
34,65,33,32,1,1,
35,67,34,33,1,1,
36,69,35,34,1,1,
37,71,36,35,1,1,
38,73,37,36,1,1,
39,75,38,37,1,1,
40,77,39,38,1,1,
41,79,40,39,1,1,
42,81,41,40,1,1,
43,83,42,41,1,1,
44,85,43,42,1,1,
45,87,44,43,1,1,
46,89,45,44,1,1,
47,91,46,45,1,1,
48,93,47,46,1,1,
49,95,48,47,1,1,
50,97,49,48,1,1,
51,99,50,49,1,1,
52,101,51,50,1,1,
53,103,52,51,1,1,
54,105,53,52,1,1,
55,107,54,53,1,1,
56,109,55,54,1,1,
57,111,56,55,1,1,
58,113,57,56,1,1,
59,115,58,57,1,1,
60,117,59,58,1,1,
61,119,60,59,1,1,
62,121,61,60,1,1,
63,123,62,61,1,1,
64,125,63,62,1,1,
65,127,64,63,1,1,
66,129,65,64,1,1,
67,131,66,65,1,1,
68,133,67,66,1,1,
69,135,68,67,1,1,
70,137,69,68,1,1,
71,139,70,69,1,1,
72,141,71,70,1,1,
73,143,72,71,1,1,
74,145,73,72,1,1,
75,147,74,73,1,1,
76,149,75,74,1,1,
77,151,76,75,1,1,
78,153,77,76,1,1,
79,155,78,77,1,1,
80,157,79,78,1,1,
81,159,80,79,1,1,
82,161,81,80,1,1,
83,163,82,81,1,1,
84,165,83,82,1,1,
85,167,84,83,1,1,
86,169,85,84,1,1,
87,171,86,85,1,1,
88,173,87,86,1,1,
89,175,88,87,1,1,
90,177,89,88,1,1,
91,179,90,89,1,1,
92,181,91,90,1,1,
93,183,92,91,1,1,
94,185,93,92,1,1,
95,187,94,93,1,1,
96,189,95,94,1,1,
97,191,96,95,1,1,
98,193,97,96,1,1,
99,195,98,97,1,1,
100,197,99,98,1,1,
101,199,100,99,1,1,
102,201,101,100,1,1,
103,203,102,101,1,1,
104,205,103,102,1,1,
105,207,104,103,1,1,
106,209,105,104,1,1,
107,211,106,105,1,1,
108,213,107,106,1,1,
109,215,108,107,1,1,
110,217,109,108,1,1,
111,219,110,109,1,1,
112,221,111,110,1,1,
113,223,112,111,1,1,
114,225,113,112,1,1,
115,227,114,113,1,1,
116,229,115,114,1,1,
117,231,116,115,1,1,
118,233,117,116,1,1,
119,235,118,117,1,1,
120,237,119,118,1,1,
121,239,120,119,1,1,
122,241,121,120,1,1,
123,243,122,121,1,1,
124,245,123,122,1,1,
125,247,124,123,1,1,
126,249,125,124,1,1,
127,251,126,125,1,1,
128,253,127,126,1,1,
129,255,128,127,1,1,
130,257,129,128,1,1,
131,259,130,129,1,1,
132,261,131,130,1,1,
133,263,132,131,1,1,
134,265,133,132,1,1,
135,267,134,133,1,1,
136,269,135,134,1,1,
137,271,136,135,1,1,
138,273,137,136,1,1,
139,275,138,137,1,1,
140,277,139,138,1,1,
141,279,140,139,1,1,
142,281,141,140,1,1,
143,283,142,141,1,1,
144,285,143,142,1,1,
145,287,144,143,1,1,
146,289,145,144,1,1,
147,291,146,145,1,1,
148,293,147,146,1,1,
149,295,148,147,1,1,
150,297,149,148,1,1,
151,299,150,149,1,1,
152,301,151,150,1,1,
153,303,152,151,1,1,
154,305,153,152,1,1,
155,307,154,153,1,1,
156,309,155,154,1,1,
157,311,156,155,1,1,
158,313,157,156,1,1,
159,315,158,157,1,1,
160,317,159,158,1,1,
161,319,160,159,1,1,
162,321,161,160,1,1,
163,323,162,161,1,1,
164,325,163,162,1,1,
165,327,164,163,1,1,
166,329,165,164,1,1,
167,331,166,165,1,1,
168,333,167,166,1,1,
169,335,168,167,1,1,
170,337,169,168,1,1,
171,339,170,169,1,1,
172,341,171,170,1,1,
173,343,172,171,1,1,
174,345,173,172,1,1,
175,346,174,172,1,0,
176,347,175,172,1,0,
177,348,176,172,1,0,
178,349,177,172,1,0,
179,350,178,172,1,1,
180,352,179,173,1,1,
181,354,180,174,1,1,
182,356,181,175,1,1,
183,358,182,176,1,1,
184,360,183,177,1,1,
185,362,184,178,1,1,
186,364,185,179,1,1,
187,366,186,180,1,1,
188,368,187,181,1,1,
189,370,188,182,1,1,
190,372,189,183,1,1,
191,374,190,184,1,1,
192,376,191,185,1,1,
193,378,192,186,1,1,
194,380,193,187,1,1,
195,382,194,188,1,1,
196,384,195,189,1,1,
197,386,196,190,1,1,
198,388,197,191,1,1,
199,390,198,192,1,1,
200,392,199,193,1,1,
201,394,200,194,1,1,
202,396,201,195,1,1,
203,398,202,196,1,1,
204,400,203,197,1,1,
205,402,204,198,1,1,
206,404,205,199,1,1,
207,406,206,200,1,1,
208,408,207,201,1,1,
209,410,208,202,1,1,
210,412,209,203,1,1,
211,414,210,204,1,1,
212,416,211,205,1,1,
213,418,212,206,1,1,
214,420,213,207,1,1,
215,422,214,208,1,1,
216,424,215,209,1,1,
217,426,216,210,1,1,
218,428,217,211,1,1,
219,430,218,212,1,1,
220,432,219,213,1,1,
221,434,220,214,1,1,
222,436,221,215,1,1,
223,438,222,216,1,1,
224,440,223,217,1,1,
225,442,224,218,1,1,
226,444,225,219,1,1,
227,446,226,220,1,1,
228,448,227,221,1,1,
229,450,228,222,1,1,
230,452,229,223,1,1,
231,454,230,224,1,1,
232,456,231,225,1,1,
233,458,232,226,1,1,
234,460,233,227,1,1,
235,462,234,228,1,1,
236,464,235,229,1,1,
237,466,236,230,1,1,
238,468,237,231,1,1,
239,470,238,232,1,1,
240,472,239,233,1,1,
241,474,240,234,1,1,
242,476,241,235,1,1,
243,478,242,236,1,1,
244,480,243,237,1,1,
245,482,244,238,1,1,
246,484,245,239,1,1,
247,486,246,240,1,1,
248,488,247,241,1,1,
249,490,248,242,1,1,
250,492,249,243,1,1,
251,494,250,244,1,1,
252,496,251,245,1,1,
253,498,252,246,1,1,
254,500,253,247,1,1,
255,502,254,248,1,1,
256,504,255,249,1,1,
257,506,256,250,1,1,
258,508,257,251,1,1,
259,510,258,252,1,1,
260,512,259,253,1,1,
261,514,260,254,1,1,
262,516,261,255,1,1,
263,518,262,256,1,1,
264,520,263,257,1,1,
265,522,264,258,1,1,
266,524,265,259,1,1,
267,526,266,260,1,1,
268,528,267,261,1,1,
269,530,268,262,1,1,
270,532,269,263,1,1,
271,534,270,264,1,1,
272,536,271,265,1,1,
273,538,272,266,1,1,
274,540,273,267,1,1,
275,542,274,268,1,1,
276,544,275,269,1,1,
277,546,276,270,1,1,
278,548,277,271,1,1,
279,550,278,272,1,1,
280,552,279,273,1,1,
281,554,280,274,1,1,
282,556,281,275,1,1,
283,558,282,276,1,1,
284,560,283,277,1,1,
285,562,284,278,1,1,
286,564,285,279,1,1,
287,566,286,280,1,1,
288,568,287,281,1,1,
289,570,288,282,1,1,
290,572,289,283,1,1,
291,574,290,284,1,1,
292,576,291,285,1,1,
293,578,292,286,1,1,
294,580,293,287,1,1,
295,582,294,288,1,1,
296,584,295,289,1,1,
297,586,296,290,1,1,
298,588,297,291,1,1,
299,590,298,292,1,1,
300,592,299,293,1,1,
301,594,300,294,1,1,
302,596,301,295,1,1,
303,598,302,296,1,1,
304,600,303,297,1,1,
305,602,304,298,1,1,
306,604,305,299,1,1,
307,606,306,300,1,1,
308,608,307,301,1,1,
309,610,308,302,1,1,
310,612,309,303,1,1,
311,614,310,304,1,1,
312,616,311,305,1,1,
313,618,312,306,1,1,
314,620,313,307,1,1,
315,622,314,308,1,1,
316,624,315,309,1,1,
317,626,316,310,1,1,
318,628,317,311,1,1,
319,630,318,312,1,1,
320,632,319,313,1,1,
321,634,320,314,1,1,
322,636,321,315,1,1,
323,638,322,316,1,1,
324,640,323,317,1,1,
325,642,324,318,1,1,
326,644,325,319,1,1,
327,646,326,320,1,1,
328,648,327,321,1,1,
329,650,328,322,1,1,
330,652,329,323,1,1,
331,654,330,324,1,1,
332,656,331,325,1,1,
333,658,332,326,1,1,
334,660,333,327,1,1,
335,662,334,328,1,1,
336,664,335,329,1,1,
337,666,336,330,1,1,
338,668,337,331,1,1,
339,670,338,332,1,1,
340,672,339,333,1,1,
341,674,340,334,1,1,
342,676,341,335,1,1,
343,678,342,336,1,1,
344,680,343,337,1,1,
345,682,344,338,1,1,
346,684,345,339,1,1,
347,686,346,340,1,1,
348,688,347,341,1,1,
349,690,348,342,1,1,
350,692,349,343,1,1,
351,694,350,344,1,1,
352,696,351,345,1,1,
353,698,352,346,1,1,
354,700,353,347,1,1,
355,702,354,348,1,1,
356,704,355,349,1,1,
357,706,356,350,1,1,
358,708,357,351,1,1,
359,710,358,352,1,1,
360,712,359,353,1,1,
361,714,360,354,1,1,
362,716,361,355,1,1,
363,718,362,356,1,1,
364,720,363,357,1,1,
365,722,364,358,1,1,
366,724,365,359,1,1,
367,726,366,360,1,1,
368,728,367,361,1,1,
369,730,368,362,1,1,
370,732,369,363,1,1,
371,734,370,364,1,1,
372,736,371,365,1,1,
373,738,372,366,1,1,
374,740,373,367,1,1,
375,742,374,368,1,1,
376,744,375,369,1,1,
377,746,376,370,1,1,
378,748,377,371,1,1,
379,750,378,372,1,1,
380,752,379,373,1,1,
381,754,380,374,1,1,
382,756,381,375,1,1,
383,758,382,376,1,1,
384,760,383,377,1,1,
385,762,384,378,1,1,
386,764,385,379,1,1,
387,766,386,380,1,1,
388,768,387,381,1,1,
389,770,388,382,1,1,
390,772,389,383,1,1,
391,774,390,384,1,1,
392,776,391,385,1,1,
393,778,392,386,1,1,
394,780,393,387,1,1,
395,782,394,388,1,1,
396,784,395,389,1,1,
397,786,396,390,1,1,
398,788,397,391,1,1,
399,790,398,392,1,1,
400,792,399,393,1,1,
401,794,400,394,1,1,
402,796,401,395,1,1,
403,798,402,396,1,1,
404,800,403,397,1,1,
405,802,404,398,1,1,
406,804,405,399,1,1,
407,806,406,400,1,1,
408,808,407,401,1,1,
409,810,408,402,1,1,
410,812,409,403,1,1,
411,814,410,404,1,1,
412,816,411,405,1,1,
413,818,412,406,1,1,
414,820,413,407,1,1,
415,822,414,408,1,1,
416,824,415,409,1,1,
417,826,416,410,1,1,
418,828,417,411,1,1,
419,830,418,412,1,1,
420,832,419,413,1,1,
421,834,420,414,1,1,
422,836,421,415,1,1,
423,838,422,416,1,1,
424,840,423,417,1,1,
425,842,424,418,1,1,
426,844,425,419,1,1,
427,846,426,420,1,1,
428,848,427,421,1,1,
429,850,428,422,1,1,
430,852,429,423,1,1,
431,854,430,424,1,1,
432,856,431,425,1,1,
433,858,432,426,1,1,
434,860,433,427,1,1,
435,862,434,428,1,1,
436,864,435,429,1,1,
437,866,436,430,1,1,
438,868,437,431,1,1,
439,870,438,432,1,1,
440,872,439,433,1,1,
441,874,440,434,1,1,
442,876,441,435,1,1,
443,878,442,436,1,1,
444,880,443,437,1,1,
445,882,444,438,1,1,
446,884,445,439,1,1,
447,886,446,440,1,1,
448,888,447,441,1,1,
449,890,448,442,1,1,
450,892,449,443,1,1,
451,894,450,444,1,1,
452,896,451,445,1,1,
453,898,452,446,1,1,
454,900,453,447,1,1,
455,902,454,448,1,1,
456,904,455,449,1,1,
457,906,456,450,1,1,
458,908,457,451,1,1,
459,910,458,452,1,1,
460,912,459,453,1,1,
461,914,460,454,1,1,
462,916,461,455,1,1,
463,918,462,456,1,1,
464,920,463,457,1,1,
465,922,464,458,1,1,
466,924,465,459,1,1,
467,926,466,460,1,1,
468,928,467,461,1,1,
469,930,468,462,1,1,
470,932,469,463,1,1,
471,934,470,464,1,1,
472,936,471,465,1,1,
473,938,472,466,1,1,
474,940,473,467,1,1,
475,942,474,468,1,1,
476,944,475,469,1,1,
477,946,476,470,1,1,
478,948,477,471,1,1,
479,950,478,472,1,1,
480,952,479,473,1,1,
481,954,480,474,1,1,
482,956,481,475,1,1,
483,958,482,476,1,1,
484,960,483,477,1,1,
485,962,484,478,1,1,
486,964,485,479,1,1,
487,966,486,480,1,1,
488,968,487,481,1,1,
489,970,488,482,1,1,
490,972,489,483,1,1,
491,974,490,484,1,1,
492,976,491,485,1,1,
493,978,492,486,1,1,
494,980,493,487,1,1,
495,982,494,488,1,1,
496,984,495,489,1,1,
497,986,496,490,1,1,
498,988,497,491,1,1,
499,990,498,492,1,1,
500,992,499,493,1,1,
501,994,500,494,1,1,
502,996,501,495,1,1,
503,998,502,496,1,1,
504,1000,503,497,1,1,
505,1002,504,498,1,1,
506,1004,505,499,1,1,
507,1006,506,500,1,1,
508,1008,507,501,1,1,
509,1010,508,502,1,1,
510,1012,509,503,1,1,
511,1014,510,504,1,1,
512,1016,511,505,1,1,
513,1018,512,506,1,1,
514,1020,513,507,1,1,
515,1022,514,508,1,1,
516,1024,515,509,1,1,
517,1026,516,510,1,1,
518,1028,517,511,1,1,
519,1030,518,512,1,1,
520,1032,519,513,1,1,
521,1034,520,514,1,1,
522,1036,521,515,1,1,
523,1038,522,516,1,1,
524,1040,523,517,1,1,
525,1042,524,518,1,1,
526,1044,525,519,1,1,
527,1046,526,520,1,1,
528,1048,527,521,1,1,
529,1050,528,522,1,1,
530,1052,529,523,1,1,
531,1054,530,524,1,1,
532,1056,531,525,1,1,
533,1058,532,526,1,1,
534,1060,533,527,1,1,
535,1062,534,528,1,1,
536,1064,535,529,1,1,
537,1066,536,530,1,1,
538,1068,537,531,1,1,
539,1070,538,532,1,1,
540,1072,539,533,1,1,
541,1074,540,534,1,1,
542,1076,541,535,1,1,
543,1078,542,536,1,1,
544,1080,543,537,1,1,
545,1082,544,538,1,1,
546,1084,545,539,1,1,
547,1086,546,540,1,1,
548,1088,547,541,1,1,
549,1090,548,542,1,1,
550,1092,549,543,1,1,
551,1094,550,544,1,1,
552,1096,551,545,1,1,
553,1098,552,546,1,1,
554,1100,553,547,1,1,
555,1102,554,548,1,1,
556,1104,555,549,1,1,
557,1106,556,550,1,1,
558,1108,557,551,1,1,
559,1110,558,552,1,1,
560,1112,559,553,1,1,
561,1114,560,554,1,1,
562,1116,561,555,1,1,
563,1118,562,556,1,1,
564,1120,563,557,1,1,
565,1122,564,558,1,1,
566,1124,565,559,1,1,
567,1126,566,560,1,1,
568,1128,567,561,1,1,
569,1130,568,562,1,1,
570,1132,569,563,1,1,
571,1134,570,564,1,1,
572,1136,571,565,1,1,
573,1138,572,566,1,1,
574,1140,573,567,1,1,
575,1142,574,568,1,1,
576,1144,575,569,1,1,
577,1146,576,570,1,1,
578,1148,577,571,1,1,
579,1150,578,572,1,1,
580,1152,579,573,1,1,
581,1154,580,574,1,1,
582,1155,581,574,1,1,
583,1157,582,575,1,1,
584,1159,583,576,1,1,
585,1160,584,576,1,0,
586,1161,585,576,1,0,
587,1162,586,576,1,0,
588,1163,587,576,1,0,
589,1164,588,576,1,0,
590,1165,589,576,1,0,
591,1166,590,576,1,0,
592,1167,591,576,1,1,
593,1169,592,577,1,1,
594,1171,593,578,1,1,
595,1173,594,579,1,1,
596,1175,595,580,1,1,
597,1177,596,581,1,1,
598,1179,597,582,1,1,
599,1181,598,583,1,1,
600,1183,599,584,1,1,
601,1185,600,585,1,1,
602,1187,601,586,1,1,
603,1189,602,587,1,1,
604,1191,603,588,1,1,
605,1193,604,589,1,1,
606,1195,605,590,1,1,
607,1197,606,591,1,1,
608,1199,607,592,1,1,
609,1201,608,593,1,1,
610,1203,609,594,1,1,
611,1205,610,595,1,1,
612,1207,611,596,1,1,
613,1209,612,597,1,1,
614,1211,613,598,1,1,
615,1213,614,599,1,1,
616,1215,615,600,1,1,
617,1217,616,601,1,1,
618,1219,617,602,1,1,
619,1221,618,603,1,1,
620,1223,619,604,1,1,
621,1225,620,605,1,1,
622,1227,621,606,1,1,
623,1229,622,607,1,1,
624,1231,623,608,1,1,
625,1233,624,609,1,1,
626,1235,625,610,1,1,
627,1237,626,611,1,1,
628,1239,627,612,1,1,
629,1241,628,613,1,1,
630,1243,629,614,1,1,
631,1245,630,615,1,1,
632,1247,631,616,1,1,
633,1249,632,617,1,1,
634,1251,633,618,1,1,
635,1253,634,619,1,1,
636,1255,635,620,1,1,
637,1257,636,621,1,1,
638,1259,637,622,1,1,
639,1261,638,623,1,1,
640,1263,639,624,1,1,
641,1265,640,625,1,1,
642,1267,641,626,1,1,
643,1269,642,627,1,1,
644,1271,643,628,1,1,
645,1273,644,629,1,1,
646,1275,645,630,1,1,
647,1277,646,631,1,1,
648,1279,647,632,1,1,
649,1281,648,633,1,1,
650,1283,649,634,1,1,
651,1285,650,635,1,1,
652,1287,651,636,1,1,
653,1289,652,637,1,1,
654,1291,653,638,1,1,
655,1293,654,639,1,1,
656,1295,655,640,1,1,
657,1297,656,641,1,1,
658,1299,657,642,1,1,
659,1301,658,643,1,1,
660,1303,659,644,1,1,
661,1305,660,645,1,1,
662,1307,661,646,1,1,
663,1309,662,647,1,1,
664,1311,663,648,1,1,
665,1313,664,649,1,1,
666,1315,665,650,1,1,
667,1317,666,651,1,1,
668,1319,667,652,1,1,
669,1321,668,653,1,1,
670,1323,669,654,1,1,
671,1325,670,655,1,1,
672,1327,671,656,1,1,
673,1329,672,657,1,1,
674,1331,673,658,1,1,
675,1333,674,659,1,1,
676,1335,675,660,1,1,
677,1337,676,661,1,1,
678,1339,677,662,1,1,
679,1341,678,663,1,1,
680,1343,679,664,1,1,
681,1345,680,665,1,1,
682,1347,681,666,1,1,
683,1349,682,667,1,1,
684,1351,683,668,1,1,
685,1353,684,669,1,1,
686,1355,685,670,1,1,
687,1357,686,671,1,1,
688,1359,687,672,1,1,
689,1361,688,673,1,1,
690,1363,689,674,1,1,
691,1365,690,675,1,1,
692,1367,691,676,1,1,
693,1369,692,677,1,1,
694,1371,693,678,1,1,
695,1373,694,679,1,1,
696,1375,695,680,1,1,
697,1377,696,681,1,1,
698,1379,697,682,1,1,
699,1381,698,683,1,1,
700,1383,699,684,1,1,
701,1385,700,685,1,1,
702,1387,701,686,1,1,
703,1389,702,687,1,1,
704,1391,703,688,1,1,
705,1393,704,689,1,1,
706,1395,705,690,1,1,
707,1397,706,691,1,1,
708,1399,707,692,1,1,
709,1401,708,693,1,1,
710,1403,709,694,1,1,
711,1405,710,695,1,1,
712,1407,711,696,1,1,
713,1409,712,697,1,1,
714,1411,713,698,1,1,
715,1413,714,699,1,1,
716,1415,715,700,1,1,
717,1417,716,701,1,1,
718,1419,717,702,1,1,
719,1421,718,703,1,1,
720,1423,719,704,1,1,
721,1425,720,705,1,1,
722,1427,721,706,1,1,
723,1429,722,707,1,1,
724,1431,723,708,1,1,
725,1433,724,709,1,1,
726,1435,725,710,1,1,
727,1437,726,711,1,1,
728,1439,727,712,1,1,
729,1441,728,713,1,1,
730,1443,729,714,1,1,
731,1445,730,715,1,1,
732,1447,731,716,1,1,
733,1449,732,717,1,1,
734,1451,733,718,1,1,
735,1453,734,719,1,1,
736,1455,735,720,1,1,
737,1457,736,721,1,1,
738,1459,737,722,1,1,
739,1461,738,723,1,1,
740,1463,739,724,1,1,
741,1465,740,725,1,1,
742,1467,741,726,1,1,
743,1469,742,727,1,1,
744,1471,743,728,1,1,
745,1473,744,729,1,1,
746,1475,745,730,1,1,
747,1477,746,731,1,1,
748,1479,747,732,1,1,
749,1481,748,733,1,1,
750,1483,749,734,1,1,
751,1485,750,735,1,1,
752,1487,751,736,1,1,
753,1489,752,737,1,1,
754,1491,753,738,1,1,
755,1493,754,739,1,1,
756,1495,755,740,1,1,
757,1497,756,741,1,1,
758,1499,757,742,1,1,
759,1501,758,743,1,1,
760,1503,759,744,1,1,
761,1505,760,745,1,1,
762,1507,761,746,1,1,
763,1509,762,747,1,1,
764,1511,763,748,1,1,
765,1513,764,749,1,1,
766,1515,765,750,1,1,
767,1517,766,751,1,1,
768,1519,767,752,1,1,
769,1521,768,753,1,1,
770,1523,769,754,1,1,
771,1525,770,755,1,1,
772,1527,771,756,1,1,
773,1529,772,757,1,1,
774,1531,773,758,1,1,
775,1533,774,759,1,1,
776,1535,775,760,1,1,
777,1537,776,761,1,1,
778,1539,777,762,1,1,
779,1541,778,763,1,1,
780,1543,779,764,1,1,
781,1545,780,765,1,1,
782,1547,781,766,1,1,
783,1549,782,767,1,1,
784,1551,783,768,1,1,
785,1553,784,769,1,1,
786,1555,785,770,1,1,
787,1557,786,771,1,1,
788,1559,787,772,1,1,
789,1561,788,773,1,1,
790,1563,789,774,1,1,
791,1565,790,775,1,1,
792,1567,791,776,1,1,
793,1569,792,777,1,1,
794,1571,793,778,1,1,
795,1573,794,779,1,1,
796,1575,795,780,1,1,
797,1577,796,781,1,1,
798,1579,797,782,1,1,
799,1581,798,783,1,1,
800,1583,799,784,1,1,
801,1585,800,785,1,1,
802,1587,801,786,1,1,
803,1589,802,787,1,1,
804,1591,803,788,1,1,
805,1593,804,789,1,1,
806,1595,805,790,1,1,
807,1597,806,791,1,1,
808,1599,807,792,1,1,
809,1601,808,793,1,1,
810,1603,809,794,1,1,
811,1605,810,795,1,1,
812,1607,811,796,1,1,
813,1609,812,797,1,1,
814,1611,813,798,1,1,
815,1613,814,799,1,1,
816,1615,815,800,1,1,
817,1617,816,801,1,1,
818,1619,817,802,1,1,
819,1621,818,803,1,1,
820,1623,819,804,1,1,
821,1625,820,805,1,1,
822,1627,821,806,1,1,
823,1629,822,807,1,1,
824,1631,823,808,1,1,
825,1633,824,809,1,1,
826,1635,825,810,1,1,
827,1637,826,811,1,1,
828,1639,827,812,1,1,
829,1641,828,813,1,1,
830,1643,829,814,1,1,
831,1645,830,815,1,1,
832,1647,831,816,1,1,
833,1649,832,817,1,1,
834,1651,833,818,1,1,
835,1653,834,819,1,1,
836,1655,835,820,1,1,
837,1657,836,821,1,1,
838,1659,837,822,1,1,
839,1661,838,823,1,1,
840,1663,839,824,1,1,
841,1665,840,825,1,1,
842,1667,841,826,1,1,
843,1669,842,827,1,1,
844,1671,843,828,1,1,
845,1673,844,829,1,1,
846,1675,845,830,1,1,
847,1677,846,831,1,1,
848,1679,847,832,1,1,
849,1681,848,833,1,1,
850,1683,849,834,1,1,
851,1685,850,835,1,1,
852,1687,851,836,1,1,
853,1689,852,837,1,1,
854,1691,853,838,1,1,
855,1693,854,839,1,1,
856,1695,855,840,1,1,
857,1697,856,841,1,1,
858,1699,857,842,1,1,
859,1701,858,843,1,1,
860,1703,859,844,1,1,
861,1705,860,845,1,1,
862,1707,861,846,1,1,
863,1709,862,847,1,1,
864,1711,863,848,1,1,
865,1713,864,849,1,1,
866,1715,865,850,1,1,
867,1717,866,851,1,1,
868,1719,867,852,1,1,
869,1721,868,853,1,1,
870,1723,869,854,1,1,
871,1725,870,855,1,1,
872,1727,871,856,1,1,
873,1729,872,857,1,1,
874,1731,873,858,1,1,
875,1733,874,859,1,1,
876,1735,875,860,1,1,
877,1737,876,861,1,1,
878,1739,877,862,1,1,
879,1741,878,863,1,1,
880,1743,879,864,1,1,
881,1745,880,865,1,1,
882,1747,881,866,1,1,
883,1749,882,867,1,1,
884,1751,883,868,1,1,
885,1753,884,869,1,1,
886,1755,885,870,1,1,
887,1757,886,871,1,1,
888,1759,887,872,1,1,
889,1761,888,873,1,1,
890,1763,889,874,1,1,
891,1765,890,875,1,1,
892,1767,891,876,1,1,
893,1769,892,877,1,1,
894,1771,893,878,1,1,
895,1773,894,879,1,1,
896,1775,895,880,1,1,
897,1777,896,881,1,1,
898,1779,897,882,1,1,
899,1781,898,883,1,1,
900,1783,899,884,1,1,
901,1785,900,885,1,1,
902,1787,901,886,1,1,
903,1789,902,887,1,1,
904,1791,903,888,1,1,
905,1793,904,889,1,1,
906,1795,905,890,1,1,
907,1797,906,891,1,1,
908,1798,906,892,1,1,
909,1800,907,893,1,1,
910,1802,908,894,1,1,
911,1804,909,895,1,1,
912,1806,910,896,1,1,
913,1808,911,897,1,1,
914,1810,912,898,1,1,
915,1812,913,899,1,1,
916,1814,914,900,1,1,
917,1816,915,901,1,1,
918,1818,916,902,1,1,
919,1820,917,903,1,1,
920,1822,918,904,1,1,
921,1824,919,905,1,1,
922,1826,920,906,1,1,
923,1828,921,907,1,1,
924,1830,922,908,1,1,
925,1832,923,909,1,1,
926,1834,924,910,1,1,
927,1836,925,911,1,1,
928,1838,926,912,1,1,
929,1840,927,913,1,1,
930,1842,928,914,1,1,
931,1844,929,915,1,1,
932,1846,930,916,1,1,
933,1848,931,917,1,1,
934,1850,932,918,1,1,
935,1852,933,919,1,1,
936,1854,934,920,1,1,
937,1856,935,921,1,1,
938,1858,936,922,1,1,
939,1860,937,923,1,1,
940,1862,938,924,1,1,
941,1864,939,925,1,1,
942,1866,940,926,1,1,
943,1868,941,927,1,1,
944,1870,942,928,1,1,
945,1872,943,929,1,1,
946,1874,944,930,1,1,
947,1876,945,931,1,1,
948,1878,946,932,1,1,
949,1880,947,933,1,1,
950,1882,948,934,1,1,
951,1884,949,935,1,1,
952,1886,950,936,1,1,
953,1888,951,937,1,1,
954,1890,952,938,1,1,
955,1892,953,939,1,1,
956,1894,954,940,1,1,
957,1896,955,941,1,1,
958,1898,956,942,1,1,
959,1900,957,943,1,1,
960,1902,958,944,1,1,
961,1904,959,945,1,1,
962,1906,960,946,1,1,
963,1908,961,947,1,1,
964,1910,962,948,1,1,
965,1912,963,949,1,1,
966,1914,964,950,1,1,
967,1916,965,951,1,1,
968,1918,966,952,1,1,
969,1920,967,953,1,1,
970,1922,968,954,1,1,
971,1924,969,955,1,1,
972,1926,970,956,1,1,
973,1928,971,957,1,1,
974,1930,972,958,1,1,
975,1932,973,959,1,1,
976,1934,974,960,1,1,
977,1936,975,961,1,1,
978,1938,976,962,1,1,
979,1940,977,963,1,1,
980,1942,978,964,1,1,
981,1944,979,965,1,1,
982,1946,980,966,1,1,
983,1948,981,967,1,1,
984,1950,982,968,1,1,
985,1952,983,969,1,1,
986,1954,984,970,1,1,
987,1956,985,971,1,1,
988,1958,986,972,1,1,
989,1960,987,973,1,1,
990,1962,988,974,1,1,
991,1964,989,975,1,1,
992,1966,990,976,1,1,
993,1968,991,977,1,1,
994,1970,992,978,1,1,
995,1972,993,979,1,1,
996,1974,994,980,1,1,
997,1976,995,981,1,1,
998,1978,996,982,1,1,
999,1980,997,983,1,1,
1000,1982,998,984,1,1,
1001,1984,999,985,1,1,
1002,1986,1000,986,1,1,
1003,1988,1001,987,1,1,
1004,1990,1002,988,1,1,
1005,1992,1003,989,1,1,
1006,1994,1004,990,1,1,
1007,1996,1005,991,1,1,
1008,1998,1006,992,1,1,
1009,2000,1007,993,1,1,
1010,2002,1008,994,1,1,
1011,2004,1009,995,1,1,
1012,2006,1010,996,1,1,
1013,2008,1011,997,1,1,
1014,2010,1012,998,1,1,
1015,2012,1013,999,1,1,
1016,2014,1014,1000,1,1,
1017,2016,1015,1001,1,1,
1018,2018,1016,1002,1,1,
1019,2020,1017,1003,1,1,
1020,2022,1018,1004,1,1,
1021,2024,1019,1005,1,1,
1022,2026,1020,1006,1,1,
1023,2028,1021,1007,1,1,
1024,2030,1022,1008,1,1,
1025,2032,1023,1009,1,1,
1026,2034,1024,1010,1,1,
1027,2036,1025,1011,1,1,
1028,2038,1026,1012,1,1,
1029,2040,1027,1013,1,1,
1030,2042,1028,1014,1,1,
1031,2044,1029,1015,1,1,
1032,2046,1030,1016,1,1,
1033,2048,1031,1017,1,1,
1034,2050,1032,1018,1,1,
1035,2052,1033,1019,1,1,
1036,2054,1034,1020,1,1,
1037,2056,1035,1021,1,1,
1038,2058,1036,1022,1,1,
1039,2060,1037,1023,1,1,
1040,2062,1038,1024,1,1,
1041,2064,1039,1025,1,1,
1042,2066,1040,1026,1,1,
1043,2068,1041,1027,1,1,
1044,2070,1042,1028,1,1,
1045,2072,1043,1029,1,1,
1046,2074,1044,1030,1,1,
1047,2076,1045,1031,1,1,
1048,2078,1046,1032,1,1,
1049,2080,1047,1033,1,1,
1050,2082,1048,1034,1,1,
1051,2084,1049,1035,1,1,
1052,2086,1050,1036,1,1,
1053,2088,1051,1037,1,1,
1054,2090,1052,1038,1,1,
1055,2092,1053,1039,1,1,
1056,2094,1054,1040,1,1,
1057,2096,1055,1041,1,1,
1058,2098,1056,1042,1,1,
1059,2100,1057,1043,1,1,
1060,2102,1058,1044,1,1,
1061,2104,1059,1045,1,1,
1062,2106,1060,1046,1,1,
1063,2108,1061,1047,1,1,
1064,2110,1062,1048,1,1,
1065,2112,1063,1049,1,1,
1066,2114,1064,1050,1,1,
1067,2116,1065,1051,1,1,
1068,2118,1066,1052,1,1,
1069,2120,1067,1053,1,1,
1070,2122,1068,1054,1,1,
1071,2124,1069,1055,1,1,
1072,2126,1070,1056,1,1,
1073,2128,1071,1057,1,1,
1074,2130,1072,1058,1,1,
1075,2132,1073,1059,1,1,
1076,2134,1074,1060,1,1,
1077,2136,1075,1061,1,1,
1078,2138,1076,1062,1,1,
1079,2140,1077,1063,1,1,
1080,2142,1078,1064,1,1,
1081,2144,1079,1065,1,1,
1082,2146,1080,1066,1,1,
1083,2148,1081,1067,1,1,
1084,2150,1082,1068,1,1,
1085,2152,1083,1069,1,1,
1086,2154,1084,1070,1,1,
1087,2156,1085,1071,1,1,
1088,2158,1086,1072,1,1,
1089,2160,1087,1073,1,1,
1090,2162,1088,1074,1,1,
1091,2164,1089,1075,1,1,
1092,2166,1090,1076,1,1,
1093,2168,1091,1077,1,1,
1094,2170,1092,1078,1,1,
1095,2172,1093,1079,1,1,
1096,2174,1094,1080,1,1,
1097,2176,1095,1081,1,1,
1098,2178,1096,1082,1,1,
1099,2180,1097,1083,1,1,
1100,2182,1098,1084,1,1,
1101,2184,1099,1085,1,1,
1102,2186,1100,1086,1,1,
1103,2188,1101,1087,1,1,
1104,2190,1102,1088,1,1,
1105,2192,1103,1089,1,1,
1106,2194,1104,1090,1,1,
1107,2196,1105,1091,1,1,
1108,2198,1106,1092,1,1,
1109,2200,1107,1093,1,1,
1110,2202,1108,1094,1,1,
1111,2204,1109,1095,1,1,
1112,2206,1110,1096,1,1,
1113,2208,1111,1097,1,1,
1114,2210,1112,1098,1,1,
1115,2212,1113,1099,1,1,
1116,2214,1114,1100,1,1,
1117,2216,1115,1101,1,1,
1118,2218,1116,1102,1,1,
1119,2220,1117,1103,1,1,
1120,2222,1118,1104,1,1,
1121,2224,1119,1105,1,1,
1122,2226,1120,1106,1,1,
1123,2228,1121,1107,1,1,
1124,2230,1122,1108,1,1,
1125,2232,1123,1109,1,1,
1126,2234,1124,1110,1,1,
1127,2236,1125,1111,1,1,
1128,2238,1126,1112,1,1,
1129,2240,1127,1113,1,1,
1130,2242,1128,1114,1,1,
1131,2244,1129,1115,1,1,
1132,2246,1130,1116,1,1,
1133,2248,1131,1117,1,1,
1134,2250,1132,1118,1,1,
1135,2252,1133,1119,1,1,
1136,2254,1134,1120,1,1,
1137,2256,1135,1121,1,1,
1138,2258,1136,1122,1,1,
1139,2260,1137,1123,1,1,
1140,2262,1138,1124,1,1,
1141,2264,1139,1125,1,1,
1142,2266,1140,1126,1,1,
1143,2268,1141,1127,1,1,
1144,2270,1142,1128,1,1,
1145,2272,1143,1129,1,1,
1146,2274,1144,1130,1,1,
1147,2276,1145,1131,1,1,
1148,2278,1146,1132,1,1,
1149,2280,1147,1133,1,1,
1150,2282,1148,1134,1,1,
1151,2284,1149,1135,1,1,
1152,2286,1150,1136,1,1,
1153,2288,1151,1137,1,1,
1154,2290,1152,1138,1,1,
1155,2292,1153,1139,1,1,
1156,2294,1154,1140,1,1,
1157,2296,1155,1141,1,1,
1158,2298,1156,1142,1,1,
1159,2300,1157,1143,1,1,
1160,2302,1158,1144,1,1,
1161,2304,1159,1145,1,1,
1162,2306,1160,1146,1,1,
1163,2308,1161,1147,1,1,
1164,2310,1162,1148,1,1,
1165,2312,1163,1149,1,1,
1166,2314,1164,1150,1,1,
1167,2316,1165,1151,1,1,
1168,2318,1166,1152,1,1,
1169,2320,1167,1153,1,1,
1170,2322,1168,1154,1,1,
1171,2324,1169,1155,1,1,
1172,2326,1170,1156,1,1,
1173,2328,1171,1157,1,1,
1174,2330,1172,1158,1,1,
1175,2332,1173,1159,1,1,
1176,2334,1174,1160,1,1,
1177,2336,1175,1161,1,1,
1178,2338,1176,1162,1,1,
1179,2340,1177,1163,1,1,
1180,2342,1178,1164,1,1,
1181,2344,1179,1165,1,1,
1182,2346,1180,1166,1,1,
1183,2348,1181,1167,1,1,
1184,2350,1182,1168,1,1,
1185,2352,1183,1169,1,1,
1186,2354,1184,1170,1,1,
1187,2356,1185,1171,1,1,
1188,2358,1186,1172,1,1,
1189,2360,1187,1173,1,1,
1190,2362,1188,1174,1,1,
1191,2364,1189,1175,1,1,
1192,2366,1190,1176,1,1,
1193,2368,1191,1177,1,1,
1194,2370,1192,1178,1,1,
1195,2372,1193,1179,1,1,
1196,2374,1194,1180,1,1,
1197,2376,1195,1181,1,1,
1198,2378,1196,1182,1,1,
1199,2380,1197,1183,1,1,
1200,2382,1198,1184,1,1,
1201,2384,1199,1185,1,1,
1202,2386,1200,1186,1,1,
1203,2388,1201,1187,1,1,
1204,2390,1202,1188,1,1,
1205,2392,1203,1189,1,1,
1206,2394,1204,1190,1,1,
1207,2396,1205,1191,1,1,
1208,2398,1206,1192,1,1,
1209,2400,1207,1193,1,1,
1210,2402,1208,1194,1,1,
1211,2404,1209,1195,1,1,
1212,2406,1210,1196,1,1,
1213,2408,1211,1197,1,1,
1214,2410,1212,1198,1,1,
1215,2412,1213,1199,1,1,
1216,2414,1214,1200,1,1,
1217,2416,1215,1201,1,1,
1218,2418,1216,1202,1,1,
1219,2420,1217,1203,1,1,
1220,2422,1218,1204,1,1,
1221,2424,1219,1205,1,1,
1222,2426,1220,1206,1,1,
1223,2428,1221,1207,1,1,
1224,2430,1222,1208,1,1,
1225,2432,1223,1209,1,1,
1226,2434,1224,1210,1,1,
1227,2436,1225,1211,1,1,
1228,2438,1226,1212,1,1,
1229,2440,1227,1213,1,1,
1230,2442,1228,1214,1,1,
1231,2444,1229,1215,1,1,
1232,2446,1230,1216,1,1,
1233,2448,1231,1217,1,1,
1234,2450,1232,1218,1,1,
1235,2452,1233,1219,1,1,
1236,2454,1234,1220,1,1,
1237,2456,1235,1221,1,1,
1238,2458,1236,1222,1,1,
1239,2460,1237,1223,1,1,
1240,2462,1238,1224,1,1,
1241,2464,1239,1225,1,1,
1242,2466,1240,1226,1,1,
1243,2468,1241,1227,1,1,
1244,2470,1242,1228,1,1,
1245,2472,1243,1229,1,1,
1246,2474,1244,1230,1,1,
1247,2476,1245,1231,1,1,
1248,2478,1246,1232,1,1,
1249,2480,1247,1233,1,1,
1250,2482,1248,1234,1,1,
1251,2484,1249,1235,1,1,
1252,2486,1250,1236,1,1,
1253,2488,1251,1237,1,1,
1254,2490,1252,1238,1,1,
1255,2492,1253,1239,1,1,
1256,2494,1254,1240,1,1,
1257,2496,1255,1241,1,1,
1258,2498,1256,1242,1,1,
1259,2500,1257,1243,1,1,
1260,2502,1258,1244,1,1,
1261,2504,1259,1245,1,1,
1262,2506,1260,1246,1,1,
1263,2508,1261,1247,1,1,
1264,2510,1262,1248,1,1,
1265,2512,1263,1249,1,1,
1266,2514,1264,1250,1,1,
1267,2516,1265,1251,1,1,
1268,2518,1266,1252,1,1,
1269,2520,1267,1253,1,1,
1270,2522,1268,1254,1,1,
1271,2523,1268,1255,0,1,
1272,2525,1269,1256,1,1,
1273,2527,1270,1257,1,1,
1274,2529,1271,1258,1,1,
1275,2531,1272,1259,1,1,
1276,2533,1273,1260,1,1,
1277,2535,1274,1261,1,1,
1278,2537,1275,1262,1,1,
1279,2539,1276,1263,1,1,
1280,2541,1277,1264,1,1,
1281,2543,1278,1265,1,1,
1282,2545,1279,1266,1,1,
1283,2547,1280,1267,1,1,
1284,2549,1281,1268,1,1,
1285,2551,1282,1269,1,1,
1286,2553,1283,1270,1,1,
1287,2555,1284,1271,1,1,
1288,2557,1285,1272,1,1,
1289,2559,1286,1273,1,1,
1290,2561,1287,1274,1,1,
1291,2563,1288,1275,1,1,
1292,2565,1289,1276,1,1,
1293,2567,1290,1277,1,1,
1294,2569,1291,1278,1,1,
1295,2571,1292,1279,1,1,
1296,2573,1293,1280,1,1,
1297,2575,1294,1281,1,1,
1298,2577,1295,1282,1,1,
1299,2579,1296,1283,1,1,
1300,2581,1297,1284,1,1,
1301,2583,1298,1285,1,1,
1302,2585,1299,1286,1,1,
1303,2587,1300,1287,1,1,
1304,2589,1301,1288,1,1,
1305,2591,1302,1289,1,1,
1306,2593,1303,1290,1,1,
1307,2595,1304,1291,1,1,
1308,2597,1305,1292,1,1,
1309,2599,1306,1293,1,1,
1310,2601,1307,1294,1,1,
1311,2603,1308,1295,1,1,
1312,2605,1309,1296,1,1,
1313,2607,1310,1297,1,1,
1314,2609,1311,1298,1,1,
1315,2611,1312,1299,1,1,
1316,2613,1313,1300,1,1,
1317,2615,1314,1301,1,1,
1318,2617,1315,1302,1,1,
1319,2619,1316,1303,1,1,
1320,2621,1317,1304,1,1,
1321,2623,1318,1305,1,1,
1322,2625,1319,1306,1,1,
1323,2627,1320,1307,1,1,
1324,2629,1321,1308,1,1,
1325,2631,1322,1309,1,1,
1326,2633,1323,1310,1,1,
1327,2635,1324,1311,1,1,
1328,2637,1325,1312,1,1,
1329,2639,1326,1313,1,1,
1330,2641,1327,1314,1,1,
1331,2643,1328,1315,1,1,
1332,2645,1329,1316,1,1,
1333,2647,1330,1317,1,1,
1334,2649,1331,1318,1,1,
1335,2651,1332,1319,1,1,
1336,2653,1333,1320,1,1,
1337,2655,1334,1321,1,1,
1338,2657,1335,1322,1,1,
1339,2659,1336,1323,1,1,
1340,2661,1337,1324,1,1,
1341,2663,1338,1325,1,1,
1342,2665,1339,1326,1,1,
1343,2667,1340,1327,1,1,
1344,2669,1341,1328,1,1,
1345,2671,1342,1329,1,1,
1346,2673,1343,1330,1,1,
1347,2675,1344,1331,1,1,
1348,2677,1345,1332,1,1,
1349,2679,1346,1333,1,1,
1350,2681,1347,1334,1,1,
1351,2683,1348,1335,1,1,
1352,2685,1349,1336,1,1,
1353,2687,1350,1337,1,1,
1354,2689,1351,1338,1,1,
1355,2691,1352,1339,1,1,
1356,2693,1353,1340,1,1,
1357,2695,1354,1341,1,1,
1358,2697,1355,1342,1,1,
1359,2699,1356,1343,1,1,
1360,2701,1357,1344,1,1,
1361,2703,1358,1345,1,1,
1362,2705,1359,1346,1,1,
1363,2707,1360,1347,1,1,
1364,2709,1361,1348,1,1,
1365,2711,1362,1349,1,1,
1366,2713,1363,1350,1,1,
1367,2715,1364,1351,1,1,
1368,2717,1365,1352,1,1,
1369,2719,1366,1353,1,1,
1370,2721,1367,1354,1,1,
1371,2723,1368,1355,1,1,
1372,2725,1369,1356,1,1,
1373,2727,1370,1357,1,1,
1374,2729,1371,1358,1,1,
1375,2731,1372,1359,1,1,
1376,2733,1373,1360,1,1,
1377,2735,1374,1361,1,1,
1378,2737,1375,1362,1,1,
1379,2739,1376,1363,1,1,
1380,2741,1377,1364,1,1,
1381,2743,1378,1365,1,1,
1382,2745,1379,1366,1,1,
1383,2747,1380,1367,1,1,
1384,2749,1381,1368,1,1,
1385,2751,1382,1369,1,1,
1386,2753,1383,1370,1,1,
1387,2755,1384,1371,1,1,
1388,2757,1385,1372,1,1,
1389,2759,1386,1373,1,1,
1390,2761,1387,1374,1,1,
1391,2763,1388,1375,1,1,
1392,2765,1389,1376,1,1,
1393,2767,1390,1377,1,1,
1394,2769,1391,1378,1,1,
1395,2771,1392,1379,1,1,
1396,2773,1393,1380,1,1,
1397,2775,1394,1381,1,1,
1398,2777,1395,1382,1,1,
1399,2779,1396,1383,1,1,
1400,2781,1397,1384,1,1,
1401,2783,1398,1385,1,1,
1402,2785,1399,1386,1,1,
1403,2787,1400,1387,1,1,
1404,2789,1401,1388,1,1,
1405,2791,1402,1389,1,1,
1406,2793,1403,1390,1,1,
1407,2795,1404,1391,1,1,
1408,2797,1405,1392,1,1,
1409,2799,1406,1393,1,1,
1410,2801,1407,1394,1,1,
1411,2803,1408,1395,1,1,
1412,2805,1409,1396,1,1,
1413,2807,1410,1397,1,1,
1414,2809,1411,1398,1,1,
1415,2811,1412,1399,1,1,
1416,2813,1413,1400,1,1,
1417,2815,1414,1401,1,1,
1418,2817,1415,1402,1,1,
1419,2819,1416,1403,1,1,
1420,2821,1417,1404,1,1,
1421,2823,1418,1405,1,1,
1422,2825,1419,1406,1,1,
1423,2827,1420,1407,1,1,
1424,2829,1421,1408,1,1,
1425,2831,1422,1409,1,1,
1426,2833,1423,1410,1,1,
1427,2835,1424,1411,1,1,
1428,2837,1425,1412,1,1,
1429,2839,1426,1413,1,1,
1430,2841,1427,1414,1,1,
1431,2843,1428,1415,1,1,
1432,2845,1429,1416,1,1,
1433,2847,1430,1417,1,1,
1434,2849,1431,1418,1,1,
1435,2851,1432,1419,1,1,
1436,2853,1433,1420,1,1,
1437,2855,1434,1421,1,1,
1438,2857,1435,1422,1,1,
1439,2859,1436,1423,1,1,
1440,2861,1437,1424,1,1,
1441,2863,1438,1425,1,1,
1442,2865,1439,1426,1,1,
1443,2867,1440,1427,1,1,
1444,2869,1441,1428,1,1,
1445,2871,1442,1429,1,1,
1446,2873,1443,1430,1,1,
1447,2875,1444,1431,1,1,
1448,2877,1445,1432,1,1,
1449,2879,1446,1433,1,1,
1450,2881,1447,1434,1,1,
1451,2883,1448,1435,1,1,
1452,2885,1449,1436,1,1,
1453,2887,1450,1437,1,1,
1454,2889,1451,1438,1,1,
1455,2891,1452,1439,1,1,
1456,2893,1453,1440,1,1,
1457,2895,1454,1441,1,1,
1458,2897,1455,1442,1,1,
1459,2899,1456,1443,1,1,
1460,2901,1457,1444,1,1,
1461,2903,1458,1445,1,1,
1462,2905,1459,1446,1,1,
1463,2907,1460,1447,1,1,
1464,2909,1461,1448,1,1,
1465,2911,1462,1449,1,1,
1466,2913,1463,1450,1,1,
1467,2915,1464,1451,1,1,
1468,2917,1465,1452,1,1,
1469,2919,1466,1453,1,1,
1470,2921,1467,1454,1,1,
1471,2923,1468,1455,1,1,
1472,2925,1469,1456,1,1,
1473,2927,1470,1457,1,1,
1474,2929,1471,1458,1,1,
1475,2931,1472,1459,1,1,
1476,2933,1473,1460,1,1,
1477,2935,1474,1461,1,1,
1478,2937,1475,1462,1,1,
1479,2939,1476,1463,1,1,
1480,2941,1477,1464,1,1,
1481,2943,1478,1465,1,1,
1482,2945,1479,1466,1,1,
1483,2947,1480,1467,1,1,
1484,2949,1481,1468,1,1,
1485,2951,1482,1469,1,1,
1486,2953,1483,1470,1,1,
1487,2955,1484,1471,1,1,
1488,2957,1485,1472,1,1,
1489,2959,1486,1473,1,1,
1490,2961,1487,1474,1,1,
1491,2963,1488,1475,1,1,
1492,2965,1489,1476,1,1,
1493,2967,1490,1477,1,1,
1494,2969,1491,1478,1,1,
1495,2971,1492,1479,1,1,
1496,2973,1493,1480,1,1,
1497,2975,1494,1481,1,1,
1498,2977,1495,1482,1,1,
1499,2979,1496,1483,1,1,
1500,2981,1497,1484,1,1,
1501,2983,1498,1485,1,1,
1502,2985,1499,1486,1,1,
1503,2987,1500,1487,1,1,
1504,2989,1501,1488,1,1,
1505,2991,1502,1489,1,1,
1506,2993,1503,1490,1,1,
1507,2995,1504,1491,1,1,
1508,2997,1505,1492,1,1,
1509,2999,1506,1493,1,1,
1510,3001,1507,1494,1,1,
1511,3003,1508,1495,1,1,
1512,3005,1509,1496,1,1,
1513,3007,1510,1497,1,1,
1514,3009,1511,1498,1,1,
1515,3011,1512,1499,1,1,
1516,3013,1513,1500,1,1,
1517,3015,1514,1501,1,1,
1518,3017,1515,1502,1,1,
1519,3019,1516,1503,1,1,
1520,3021,1517,1504,1,1,
1521,3023,1518,1505,1,1,
1522,3025,1519,1506,1,1,
1523,3027,1520,1507,1,1,
1524,3029,1521,1508,1,1,
1525,3031,1522,1509,1,1,
1526,3033,1523,1510,1,1,
1527,3035,1524,1511,1,1,
1528,3037,1525,1512,1,1,
1529,3039,1526,1513,1,1,
1530,3041,1527,1514,1,1,
1531,3043,1528,1515,1,1,
1532,3045,1529,1516,1,1,
1533,3047,1530,1517,1,1,
1534,3049,1531,1518,1,1,
1535,3051,1532,1519,1,1,
1536,3053,1533,1520,1,1,
1537,3055,1534,1521,1,1,
1538,3057,1535,1522,1,1,
1539,3059,1536,1523,1,1,
1540,3061,1537,1524,1,1,
1541,3063,1538,1525,1,1,
1542,3065,1539,1526,1,1,
1543,3067,1540,1527,1,1,
1544,3069,1541,1528,1,1,
1545,3071,1542,1529,1,1,
1546,3073,1543,1530,1,1,
1547,3075,1544,1531,1,1,
1548,3077,1545,1532,1,1,
1549,3079,1546,1533,1,1,
1550,3081,1547,1534,1,1,
1551,3083,1548,1535,1,1,
1552,3085,1549,1536,1,1,
1553,3087,1550,1537,1,1,
1554,3089,1551,1538,1,1,
1555,3091,1552,1539,1,1,
1556,3093,1553,1540,1,1,
1557,3095,1554,1541,1,1,
1558,3097,1555,1542,1,1,
1559,3099,1556,1543,1,1,
1560,3101,1557,1544,1,1,
1561,3103,1558,1545,1,1,
1562,3105,1559,1546,1,1,
1563,3107,1560,1547,1,1,
1564,3109,1561,1548,1,1,
1565,3111,1562,1549,1,1,
1566,3113,1563,1550,1,1,
1567,3115,1564,1551,1,1,
1568,3117,1565,1552,1,1,
1569,3119,1566,1553,1,1,
1570,3121,1567,1554,1,1,
1571,3123,1568,1555,1,1,
1572,3125,1569,1556,1,1,
1573,3127,1570,1557,1,1,
1574,3129,1571,1558,1,1,
1575,3131,1572,1559,1,1,
1576,3133,1573,1560,1,1,
1577,3135,1574,1561,1,1,
1578,3137,1575,1562,1,1,
1579,3139,1576,1563,1,1,
1580,3141,1577,1564,1,1,
1581,3143,1578,1565,1,1,
1582,3145,1579,1566,1,1,
1583,3147,1580,1567,1,1,
1584,3149,1581,1568,1,1,
1585,3151,1582,1569,1,1,
1586,3153,1583,1570,1,1,
1587,3155,1584,1571,1,1,
1588,3157,1585,1572,1,1,
1589,3159,1586,1573,1,1,
1590,3161,1587,1574,1,1,
1591,3163,1588,1575,1,1,
1592,3165,1589,1576,1,1,
1593,3167,1590,1577,1,1,
1594,3169,1591,1578,1,1,
1595,3171,1592,1579,1,1,
1596,3173,1593,1580,1,1,
1597,3175,1594,1581,1,1,
1598,3177,1595,1582,1,1,
1599,3179,1596,1583,1,1,
1600,3181,1597,1584,1,1,
1601,3183,1598,1585,1,1,
1602,3185,1599,1586,1,1,
1603,3187,1600,1587,1,1,
1604,3189,1601,1588,1,1,
1605,3191,1602,1589,1,1,
1606,3193,1603,1590,1,1,
1607,3195,1604,1591,1,1,
1608,3197,1605,1592,1,1,
1609,3199,1606,1593,1,1,
1610,3201,1607,1594,1,1,
1611,3203,1608,1595,1,1,
1612,3205,1609,1596,1,1,
1613,3207,1610,1597,1,1,
1614,3209,1611,1598,1,1,
1615,3211,1612,1599,1,1,
1616,3213,1613,1600,1,1,
1617,3215,1614,1601,1,1,
1618,3217,1615,1602,1,1,
1619,3219,1616,1603,1,1,
1620,3221,1617,1604,1,1,
1621,3223,1618,1605,1,1,
1622,3225,1619,1606,1,1,
1623,3227,1620,1607,1,1,
1624,3229,1621,1608,1,1,
1625,3231,1622,1609,1,1,
1626,3233,1623,1610,1,1,
1627,3235,1624,1611,1,1,
1628,3237,1625,1612,1,1,
1629,3239,1626,1613,1,1,
1630,3241,1627,1614,1,1,
1631,3243,1628,1615,1,1,
1632,3245,1629,1616,1,1,
1633,3247,1630,1617,1,1,
1634,3249,1631,1618,1,1,
1635,3251,1632,1619,1,1,
1636,3253,1633,1620,1,1,
1637,3255,1634,1621,1,1,
1638,3257,1635,1622,1,1,
1639,3259,1636,1623,1,1,
1640,3261,1637,1624,1,1,
1641,3263,1638,1625,1,1,
1642,3265,1639,1626,1,1,
1643,3267,1640,1627,1,1,
1644,3269,1641,1628,1,1,
1645,3271,1642,1629,1,1,
1646,3273,1643,1630,1,1,
1647,3275,1644,1631,1,1,
1648,3277,1645,1632,1,1,
1649,3279,1646,1633,1,1,
1650,3281,1647,1634,1,1,
1651,3283,1648,1635,1,1,
1652,3285,1649,1636,1,1,
1653,3287,1650,1637,1,1,
1654,3289,1651,1638,1,1,
1655,3291,1652,1639,1,1,
1656,3293,1653,1640,1,1,
1657,3295,1654,1641,1,1,
1658,3297,1655,1642,1,1,
1659,3299,1656,1643,1,1,
1660,3301,1657,1644,1,1,
1661,3303,1658,1645,1,1,
1662,3305,1659,1646,1,1,
1663,3307,1660,1647,1,1,
1664,3309,1661,1648,1,1,
1665,3311,1662,1649,1,1,
1666,3313,1663,1650,1,1,
1667,3315,1664,1651,1,1,
1668,3317,1665,1652,1,1,
1669,3319,1666,1653,1,1,
1670,3321,1667,1654,1,1,
1671,3323,1668,1655,1,1,
1672,3325,1669,1656,1,1,
1673,3327,1670,1657,1,1,
1674,3329,1671,1658,1,1,
1675,3331,1672,1659,1,1,
1676,3333,1673,1660,1,1,
1677,3335,1674,1661,1,1,
1678,3337,1675,1662,1,1,
1679,3339,1676,1663,1,1,
1680,3341,1677,1664,1,1,
1681,3343,1678,1665,1,1,
1682,3345,1679,1666,1,1,
1683,3347,1680,1667,1,1,
1684,3349,1681,1668,1,1,
1685,3351,1682,1669,1,1,
1686,3353,1683,1670,1,1,
1687,3355,1684,1671,1,1,
1688,3357,1685,1672,1,1,
1689,3359,1686,1673,1,1,
1690,3361,1687,1674,1,1,
1691,3363,1688,1675,1,1,
1692,3365,1689,1676,1,1,
1693,3367,1690,1677,1,1,
1694,3369,1691,1678,1,1,
1695,3371,1692,1679,1,1,
1696,3373,1693,1680,1,1,
1697,3375,1694,1681,1,1,
1698,3377,1695,1682,1,1,
1699,3379,1696,1683,1,1,
1700,3381,1697,1684,1,1,
1701,3383,1698,1685,1,1,
1702,3385,1699,1686,1,1,
1703,3387,1700,1687,1,1,
1704,3389,1701,1688,1,1,
1705,3391,1702,1689,1,1,
1706,3393,1703,1690,1,1,
1707,3395,1704,1691,1,1,
1708,3397,1705,1692,1,1,
1709,3399,1706,1693,1,1,
1710,3401,1707,1694,1,1,
1711,3403,1708,1695,1,1,
1712,3405,1709,1696,1,1,
1713,3407,1710,1697,1,1,
1714,3409,1711,1698,1,1,
1715,3411,1712,1699,1,1,
1716,3413,1713,1700,1,1,
1717,3415,1714,1701,1,1,
1718,3417,1715,1702,1,1,
1719,3419,1716,1703,1,1,
1720,3421,1717,1704,1,1,
1721,3423,1718,1705,1,1,
1722,3425,1719,1706,1,1,
1723,3427,1720,1707,1,1,
1724,3429,1721,1708,1,1,
1725,3431,1722,1709,1,1,
1726,3433,1723,1710,1,1,
1727,3435,1724,1711,1,1,
1728,3437,1725,1712,1,1,
1729,3439,1726,1713,1,1,
1730,3441,1727,1714,1,1,
1731,3443,1728,1715,1,1,
1732,3445,1729,1716,1,1,
1733,3447,1730,1717,1,1,
1734,3449,1731,1718,1,1,
1735,3451,1732,1719,1,1,
1736,3453,1733,1720,1,1,
1737,3455,1734,1721,1,1,
1738,3457,1735,1722,1,1,
1739,3459,1736,1723,1,1,
1740,3461,1737,1724,1,1,
1741,3463,1738,1725,1,1,
1742,3465,1739,1726,1,1,
1743,3467,1740,1727,1,1,
1744,3469,1741,1728,1,1,
1745,3471,1742,1729,1,1,
1746,3473,1743,1730,1,1,
1747,3475,1744,1731,1,1,
1748,3477,1745,1732,1,1,
1749,3479,1746,1733,1,1,
1750,3481,1747,1734,1,1,
1751,3483,1748,1735,1,1,
1752,3485,1749,1736,1,1,
1753,3487,1750,1737,1,1,
1754,3489,1751,1738,1,1,
1755,3491,1752,1739,1,1,
1756,3493,1753,1740,1,1,
1757,3495,1754,1741,1,1,
1758,3497,1755,1742,1,1,
1759,3499,1756,1743,1,1,
1760,3501,1757,1744,1,1,
1761,3503,1758,1745,1,1,
1762,3505,1759,1746,1,1,
1763,3507,1760,1747,1,1,
1764,3509,1761,1748,1,1,
1765,3511,1762,1749,1,1,
1766,3513,1763,1750,1,1,
1767,3515,1764,1751,1,1,
1768,3517,1765,1752,1,1,
1769,3519,1766,1753,1,1,
1770,3521,1767,1754,1,1,
1771,3523,1768,1755,1,1,
1772,3525,1769,1756,1,1,
1773,3527,1770,1757,1,1,
1774,3529,1771,1758,1,1,
1775,3531,1772,1759,1,1,
1776,3533,1773,1760,1,1,
1777,3535,1774,1761,1,1,
1778,3537,1775,1762,1,1,
1779,3539,1776,1763,1,1,
1780,3541,1777,1764,1,1,
1781,3543,1778,1765,1,1,
1782,3545,1779,1766,1,1,
1783,3547,1780,1767,1,1,
1784,3549,1781,1768,1,1,
1785,3551,1782,1769,1,1,
1786,3553,1783,1770,1,1,
1787,3555,1784,1771,1,1,
1788,3557,1785,1772,1,1,
1789,3559,1786,1773,1,1,
1790,3561,1787,1774,1,1,
1791,3563,1788,1775,1,1,
1792,3565,1789,1776,1,1,
1793,3567,1790,1777,1,1,
1794,3569,1791,1778,1,1,
1795,3571,1792,1779,1,1,
1796,3573,1793,1780,1,1,
1797,3575,1794,1781,1,1,
1798,3577,1795,1782,1,1,
1799,3579,1796,1783,1,1,
1800,3581,1797,1784,1,1,
1801,3583,1798,1785,1,1,
1802,3585,1799,1786,1,1,
1803,3587,1800,1787,1,1,
1804,3589,1801,1788,1,1,
1805,3591,1802,1789,1,1,
1806,3593,1803,1790,1,1,
1807,3595,1804,1791,1,1,
1808,3597,1805,1792,1,1,
1809,3599,1806,1793,1,1,
1810,3601,1807,1794,1,1,
1811,3603,1808,1795,1,1,
1812,3605,1809,1796,1,1,
1813,3607,1810,1797,1,1,
1814,3609,1811,1798,1,1,
1815,3611,1812,1799,1,1,
1816,3613,1813,1800,1,1,
1817,3615,1814,1801,1,1,
1818,3617,1815,1802,1,1,
1819,3619,1816,1803,1,1,
1820,3621,1817,1804,1,1,
1821,3623,1818,1805,1,1,
1822,3625,1819,1806,1,1,
1823,3627,1820,1807,1,1,
1824,3629,1821,1808,1,1,
1825,3631,1822,1809,1,1,
1826,3633,1823,1810,1,1,
1827,3635,1824,1811,1,1,
1828,3637,1825,1812,1,1,
1829,3639,1826,1813,1,1,
1830,3641,1827,1814,1,1,
1831,3643,1828,1815,1,1,
1832,3645,1829,1816,1,1,
1833,3647,1830,1817,1,1,
1834,3649,1831,1818,1,1,
1835,3651,1832,1819,1,1,
1836,3653,1833,1820,1,1,
1837,3655,1834,1821,1,1,
1838,3657,1835,1822,1,1,
1839,3659,1836,1823,1,1,
1840,3661,1837,1824,1,1,
1841,3663,1838,1825,1,1,
1842,3665,1839,1826,1,1,
1843,3667,1840,1827,1,1,
1844,3669,1841,1828,1,1,
1845,3671,1842,1829,1,1,
1846,3673,1843,1830,1,1,
1847,3675,1844,1831,1,1,
1848,3677,1845,1832,1,1,
1849,3679,1846,1833,1,1,
1850,3681,1847,1834,1,1,
1851,3683,1848,1835,1,1,
1852,3685,1849,1836,1,1,
1853,3687,1850,1837,1,1,
1854,3689,1851,1838,1,1,
1855,3691,1852,1839,1,1,
1856,3693,1853,1840,1,1,
1857,3695,1854,1841,1,1,
1858,3697,1855,1842,1,1,
1859,3699,1856,1843,1,1,
1860,3701,1857,1844,1,1,
1861,3703,1858,1845,1,1,
1862,3705,1859,1846,1,1,
1863,3707,1860,1847,1,1,
1864,3709,1861,1848,1,1,
1865,3711,1862,1849,1,1,
1866,3713,1863,1850,1,1,
1867,3715,1864,1851,1,1,
1868,3717,1865,1852,1,1,
1869,3719,1866,1853,1,1,
1870,3721,1867,1854,1,1,
1871,3723,1868,1855,1,1,
1872,3725,1869,1856,1,1,
1873,3727,1870,1857,1,1,
1874,3729,1871,1858,1,1,
1875,3731,1872,1859,1,1,
1876,3733,1873,1860,1,1,
1877,3735,1874,1861,1,1,
1878,3737,1875,1862,1,1,
1879,3739,1876,1863,1,1,
1880,3741,1877,1864,1,1,
1881,3743,1878,1865,1,1,
1882,3745,1879,1866,1,1,
1883,3747,1880,1867,1,1,
1884,3749,1881,1868,1,1,
1885,3751,1882,1869,1,1,
1886,3753,1883,1870,1,1,
1887,3755,1884,1871,1,1,
1888,3757,1885,1872,1,1,
1889,3759,1886,1873,1,1,
1890,3761,1887,1874,1,1,
1891,3763,1888,1875,1,1,
1892,3765,1889,1876,1,1,
1893,3767,1890,1877,1,1,
1894,3769,1891,1878,1,1,
1895,3771,1892,1879,1,1,
1896,3773,1893,1880,1,1,
1897,3775,1894,1881,1,1,
1898,3777,1895,1882,1,1,
1899,3779,1896,1883,1,1,
1900,3781,1897,1884,1,1,
1901,3783,1898,1885,1,1,
1902,3785,1899,1886,1,1,
1903,3787,1900,1887,1,1,
1904,3789,1901,1888,1,1,
1905,3791,1902,1889,1,1,
1906,3793,1903,1890,1,1,
1907,3795,1904,1891,1,1,
1908,3797,1905,1892,1,1,
1909,3799,1906,1893,1,1,
1910,3801,1907,1894,1,1,
1911,3803,1908,1895,1,1,
1912,3805,1909,1896,1,1,
1913,3807,1910,1897,1,1,
1914,3809,1911,1898,1,1,
1915,3811,1912,1899,1,1,
1916,3813,1913,1900,1,1,
1917,3815,1914,1901,1,1,
1918,3817,1915,1902,1,1,
1919,3819,1916,1903,1,1,
1920,3821,1917,1904,1,1,
1921,3823,1918,1905,1,1,
1922,3825,1919,1906,1,1,
1923,3827,1920,1907,1,1,
1924,3829,1921,1908,1,1,
1925,3831,1922,1909,1,1,
1926,3833,1923,1910,1,1,
1927,3835,1924,1911,1,1,
1928,3837,1925,1912,1,1,
1929,3839,1926,1913,1,1,
1930,3841,1927,1914,1,1,
1931,3843,1928,1915,1,1,
1932,3845,1929,1916,1,1,
1933,3847,1930,1917,1,1,
1934,3849,1931,1918,1,1,
1935,3851,1932,1919,1,1,
1936,3853,1933,1920,1,1,
1937,3855,1934,1921,1,1,
1938,3857,1935,1922,1,1,
1939,3859,1936,1923,1,1,
1940,3861,1937,1924,1,1,
1941,3863,1938,1925,1,1,
1942,3865,1939,1926,1,1,
1943,3867,1940,1927,1,1,
1944,3869,1941,1928,1,1,
1945,3871,1942,1929,1,1,
1946,3873,1943,1930,1,1,
1947,3875,1944,1931,1,1,
1948,3877,1945,1932,1,1,
1949,3879,1946,1933,1,1,
1950,3881,1947,1934,1,1,
1951,3883,1948,1935,1,1,
1952,3885,1949,1936,1,1,
1953,3887,1950,1937,1,1,
1954,3889,1951,1938,1,1,
1955,3891,1952,1939,1,1,
1956,3893,1953,1940,1,1,
1957,3895,1954,1941,1,1,
1958,3897,1955,1942,1,1,
1959,3899,1956,1943,1,1,
1960,3901,1957,1944,1,1,
1961,3903,1958,1945,1,1,
1962,3905,1959,1946,1,1,
1963,3907,1960,1947,1,1,
1964,3909,1961,1948,1,1,
1965,3911,1962,1949,1,1,
1966,3913,1963,1950,1,1,
1967,3915,1964,1951,1,1,
1968,3917,1965,1952,1,1,
1969,3919,1966,1953,1,1,
1970,3921,1967,1954,1,1,
1971,3923,1968,1955,1,1,
1972,3925,1969,1956,1,1,
1973,3927,1970,1957,1,1,
1974,3929,1971,1958,1,1,
1975,3931,1972,1959,1,1,
1976,3933,1973,1960,1,1,
1977,3935,1974,1961,1,1,
1978,3937,1975,1962,1,1,
1979,3939,1976,1963,1,1,
1980,3941,1977,1964,1,1,
1981,3943,1978,1965,1,1,
1982,3945,1979,1966,1,1,
1983,3947,1980,1967,1,1,
1984,3949,1981,1968,1,1,
1985,3951,1982,1969,1,1,
1986,3953,1983,1970,1,1,
1987,3955,1984,1971,1,1,
1988,3957,1985,1972,1,1,
1989,3959,1986,1973,1,1,
1990,3961,1987,1974,1,1,
1991,3963,1988,1975,1,1,
1992,3965,1989,1976,1,1,
1993,3967,1990,1977,1,1,
1994,3969,1991,1978,1,1,
1995,3971,1992,1979,1,1,
1996,3973,1993,1980,1,1,
1997,3975,1994,1981,1,1,
1998,3977,1995,1982,1,1,
1999,3979,1996,1983,1,1,
2000,3981,1997,1984,1,1,
2001,3983,1998,1985,1,1,
2002,3985,1999,1986,1,1,
2003,3987,2000,1987,1,1,
2004,3989,2001,1988,1,1,
2005,3991,2002,1989,1,1,
2006,3993,2003,1990,1,1,
2007,3995,2004,1991,1,1,
2008,3997,2005,1992,1,1,
2009,3999,2006,1993,1,1,
2010,4001,2007,1994,1,1,
2011,4003,2008,1995,1,1,
2012,4005,2009,1996,1,1,
2013,4007,2010,1997,1,1,
2014,4009,2011,1998,1,1,
2015,4011,2012,1999,1,1,
2016,4013,2013,2000,1,1,
2017,4015,2014,2001,1,1,
2018,4017,2015,2002,1,1,
2019,4019,2016,2003,1,1,
2020,4021,2017,2004,1,1,
2021,4023,2018,2005,1,1,
2022,4025,2019,2006,1,1,
2023,4027,2020,2007,1,1,
2024,4029,2021,2008,1,1,
2025,4031,2022,2009,1,1,
2026,4033,2023,2010,1,1,
2027,4035,2024,2011,1,1,
2028,4037,2025,2012,1,1,
2029,4039,2026,2013,1,1,
2030,4041,2027,2014,1,1,
2031,4043,2028,2015,1,1,
2032,4045,2029,2016,1,1,
2033,4047,2030,2017,1,1,
2034,4049,2031,2018,1,1,
2035,4051,2032,2019,1,1,
2036,4053,2033,2020,1,1,
2037,4055,2034,2021,1,1,
2038,4057,2035,2022,1,1,
2039,4059,2036,2023,1,1,
2040,4061,2037,2024,1,1,
2041,4063,2038,2025,1,1,
2042,4065,2039,2026,1,1,
2043,4067,2040,2027,1,1,
2044,4069,2041,2028,1,1,
2045,4071,2042,2029,1,1,
2046,4073,2043,2030,1,1,
2047,4075,2044,2031,1,1,
2048,4077,2045,2032,1,1,
2049,4079,2046,2033,1,1,
2050,4081,2047,2034,1,1,
2051,4083,2048,2035,1,1,
2052,4085,2049,2036,1,1,
2053,4087,2050,2037,1,1,
2054,4089,2051,2038,1,1,
2055,4091,2052,2039,1,1,
2056,4093,2053,2040,1,1,
2057,4095,2054,2041,1,1,
2058,4097,2055,2042,1,1,
2059,4099,2056,2043,1,1,
2060,4101,2057,2044,1,1,
2061,4103,2058,2045,1,1,
2062,4105,2059,2046,1,1,
2063,4107,2060,2047,1,1,
2064,4109,2061,2048,1,1,
2065,4111,2062,2049,1,1,
2066,4113,2063,2050,1,1,
2067,4115,2064,2051,1,1,
2068,4117,2065,2052,1,1,
2069,4119,2066,2053,1,1,
2070,4121,2067,2054,1,1,
2071,4123,2068,2055,1,1,
2072,4125,2069,2056,1,1,
2073,4127,2070,2057,1,1,
2074,4129,2071,2058,1,1,
2075,4131,2072,2059,1,1,
2076,4133,2073,2060,1,1,
2077,4135,2074,2061,1,1,
2078,4136,2075,2061,1,0,
2079,4137,2076,2061,1,0,
2080,4138,2077,2061,1,0,
2081,4139,2078,2061,1,0,
2082,4140,2079,2061,1,1,
2083,4142,2080,2062,1,1,
2084,4144,2081,2063,1,1,
2085,4145,2082,2063,1,1,
2086,4147,2083,2064,1,1,
2087,4149,2084,2065,1,1,
2088,4150,2085,2065,1,1,
2089,4152,2086,2066,1,1,
2090,4154,2087,2067,1,1,
2091,4155,2088,2067,1,1,
2092,4157,2089,2068,1,1,
2093,4159,2090,2069,1,1,
2094,4161,2091,2070,1,1,
2095,4163,2092,2071,1,1,
2096,4165,2093,2072,1,1,
2097,4167,2094,2073,1,1,
2098,4169,2095,2074,1,1,
2099,4171,2096,2075,1,1,
2100,4173,2097,2076,1,1,
2101,4174,2098,2076,1,0,
2102,4175,2099,2076,1,0,
2103,4176,2100,2076,1,1,
2104,4178,2101,2077,1,1,
2105,4180,2102,2078,1,1,
2106,4182,2103,2079,1,1,
2107,4184,2104,2080,1,1,
2108,4186,2105,2081,1,1,
2109,4188,2106,2082,1,1,
2110,4190,2107,2083,1,1,
2111,4192,2108,2084,1,1,
2112,4194,2109,2085,1,1,
2113,4196,2110,2086,1,1,
2114,4198,2111,2087,1,1,
2115,4200,2112,2088,1,1,
2116,4202,2113,2089,1,1,
2117,4204,2114,2090,1,1,
2118,4206,2115,2091,1,1,
2119,4208,2116,2092,1,1,
2120,4210,2117,2093,1,1,
2121,4212,2118,2094,1,1,
2122,4214,2119,2095,1,1,
2123,4216,2120,2096,1,1,
2124,4218,2121,2097,1,1,
2125,4220,2122,2098,1,1,
2126,4222,2123,2099,1,1,
2127,4224,2124,2100,1,1,
2128,4225,2124,2101,0,1,
2129,4226,2124,2102,0,1,
2130,4228,2125,2103,1,1,
2131,4230,2126,2104,1,1,
2132,4232,2127,2105,1,1,
2133,4232,2127,2105,0,0,
2134,4232,2127,2105,0,0,
2135,4233,2128,2105,1,1,
2136,4235,2129,2106,1,1,
2137,4237,2130,2107,1,1,
2138,4238,2131,2107,1,0,
2139,4239,2132,2107,1,1,
2140,4241,2133,2108,1,1,
2141,4243,2134,2109,1,1,
2142,4245,2135,2110,1,1,
2143,4247,2136,2111,1,1,
2144,4249,2137,2112,1,1,
2145,4251,2138,2113,1,1,
2146,4252,2139,2113,1,1,
2147,4254,2140,2114,1,1,
2148,4256,2141,2115,1,1,
2149,4257,2142,2115,1,0,
2150,4258,2143,2115,1,1,
2151,4260,2144,2116,1,1,
2152,4262,2145,2117,1,1,
2153,4263,2146,2117,1,0,
2154,4263,2146,2117,0,0,
2155,4263,2146,2117,1,0,
2156,4264,2147,2117,1,0,
2157,4265,2148,2117,1,0,
2158,4266,2149,2117,1,0,
2159,4266,2149,2117,0,0,
2160,4266,2149,2117,1,1,
2161,4268,2150,2118,1,1,
2162,4270,2151,2119,1,1,
2163,4270,2151,2119,0,0,
2164,4270,2151,2119,0,1,
2165,4271,2151,2120,0,1,
2166,4272,2151,2121,1,1,
2167,4274,2152,2122,1,1,
2168,4276,2153,2123,1,1,
2169,4277,2153,2124,0,1,
2170,4277,2153,2124,1,0,
2171,4278,2154,2124,1,0,
2172,4279,2155,2124,1,0,
2173,4280,2156,2124,1,0,
2174,4280,2156,2124,1,1,
2175,4282,2157,2125,1,1,
2176,4284,2158,2126,1,1,
2177,4285,2159,2126,1,0,
2178,4286,2160,2126,1,1,
2179,4288,2161,2127,1,1,
2180,4290,2162,2128,1,1,
2181,4290,2162,2128,1,0,
2182,4291,2163,2128,1,1,
2183,4293,2164,2129,1,1,
2184,4295,2165,2130,1,1,
2185,4296,2166,2130,1,0,
2186,4297,2167,2130,1,1,
2187,4299,2168,2131,1,1,
2188,4301,2169,2132,1,1,
2189,4303,2170,2133,1,1,
2190,4305,2171,2134,1,1,
2191,4307,2172,2135,1,1,
2192,4309,2173,2136,1,1,
2193,4311,2174,2137,1,1,
2194,4313,2175,2138,1,1,
2195,4315,2176,2139,1,1,
2196,4317,2177,2140,1,1,
2197,4319,2178,2141,1,1,
2198,4321,2179,2142,1,1,
2199,4323,2180,2143,1,1,
2200,4324,2181,2143,1,1,
2201,4326,2182,2144,1,1,
2202,4328,2183,2145,1,1,
2203,4329,2184,2145,1,0,
2204,4330,2185,2145,1,0,
2205,4331,2186,2145,1,1,
2206,4333,2187,2146,1,1,
2207,4335,2188,2147,1,1,
2208,4336,2189,2147,1,0,
2209,4337,2190,2147,1,0,
2210,4338,2191,2147,1,0,
2211,4339,2192,2147,1,1,
2212,4341,2193,2148,1,1,
2213,4343,2194,2149,1,1,
2214,4345,2195,2150,1,1,
2215,4347,2196,2151,1,1,
2216,4349,2197,2152,1,1,
2217,4351,2198,2153,1,1,
2218,4353,2199,2154,1,1,
2219,4355,2200,2155,1,1,
2220,4357,2201,2156,1,1,
2221,4359,2202,2157,1,1,
2222,4361,2203,2158,1,1,
2223,4363,2204,2159,1,1,
2224,4365,2205,2160,1,1,
2225,4367,2206,2161,1,1,
2226,4369,2207,2162,1,1,
2227,4371,2208,2163,1,1,
2228,4373,2209,2164,1,1,
2229,4375,2210,2165,1,1,
2230,4377,2211,2166,1,1,
2231,4379,2212,2167,1,1,
2232,4381,2213,2168,1,1,
2233,4383,2214,2169,1,1,
2234,4385,2215,2170,1,1,
2235,4387,2216,2171,1,1,
2236,4389,2217,2172,1,1,
2237,4390,2218,2172,1,0,
2238,4391,2219,2172,1,0,
2239,4392,2220,2172,1,1,
2240,4394,2221,2173,1,1,
2241,4396,2222,2174,1,1,
2242,4397,2223,2174,1,0,
2243,4398,2224,2174,1,0,
2244,4399,2225,2174,1,0,
2245,4400,2226,2174,1,1,
2246,4402,2227,2175,1,1,
2247,4404,2228,2176,1,1,
2248,4406,2229,2177,1,1,
2249,4408,2230,2178,1,1,
2250,4410,2231,2179,1,1,
2251,4412,2232,2180,1,1,
2252,4414,2233,2181,1,1,
2253,4416,2234,2182,1,1,
2254,4417,2235,2182,1,0,
2255,4418,2236,2182,1,0,
2256,4419,2237,2182,1,0,
2257,4420,2238,2182,1,0,
2258,4421,2239,2182,1,0,
2259,4422,2240,2182,1,0,
2260,4423,2241,2182,1,0,
2261,4424,2242,2182,1,0,
2262,4425,2243,2182,1,0,
2263,4426,2244,2182,1,0,
2264,4427,2245,2182,1,0,
2265,4428,2246,2182,1,0,
2266,4429,2247,2182,1,0,
2267,4430,2248,2182,1,1,
2268,4432,2249,2183,1,1,
2269,4434,2250,2184,1,1,
2270,4435,2251,2184,1,0,
2271,4436,2252,2184,1,0,
2272,4436,2252,2184,0,0,
2273,4436,2252,2184,0,1,
2274,4437,2252,2185,0,1,
2275,4438,2252,2186,1,1,
2276,4440,2253,2187,1,1,
2277,4442,2254,2188,1,1,
2278,4443,2254,2189,0,1,
2279,4444,2254,2190,0,1,
2280,4445,2254,2191,0,1,
2281,4446,2254,2192,1,1,
2282,4448,2255,2193,1,1,
2283,4450,2256,2194,1,1,
2284,4452,2257,2195,1,1,
2285,4454,2258,2196,1,1,
2286,4455,2259,2196,1,0,
2287,4456,2260,2196,1,0,
2288,4457,2261,2196,1,0,
2289,4458,2262,2196,1,0,
2290,4459,2263,2196,1,0,
2291,4460,2264,2196,1,0,
2292,4461,2265,2196,1,0,
2293,4462,2266,2196,1,0,
2294,4463,2267,2196,1,1,
2295,4465,2268,2197,1,1,
2296,4467,2269,2198,1,1,
2297,4468,2270,2198,1,0,
2298,4469,2271,2198,1,1,
2299,4471,2272,2199,1,1,
2300,4473,2273,2200,1,1,
2301,4474,2274,2200,1,1,
2302,4476,2275,2201,1,1,
2303,4478,2276,2202,1,1,
2304,4479,2277,2202,1,1,
2305,4481,2278,2203,1,1,
2306,4483,2279,2204,1,1,
2307,4484,2280,2204,1,0,
2308,4485,2281,2204,1,0,
2309,4486,2282,2204,1,0,
2310,4487,2283,2204,1,1,
2311,4489,2284,2205,1,1,
2312,4491,2285,2206,1,1,
2313,4492,2286,2206,1,0,
2314,4493,2287,2206,1,0,
2315,4494,2288,2206,1,0,
2316,4495,2289,2206,1,0,
2317,4496,2290,2206,1,0,
2318,4496,2290,2206,0,0,
2319,4496,2290,2206,0,0,
2320,4496,2290,2206,0,1,
2321,4498,2291,2207,1,1,
2322,4500,2292,2208,1,1,
Completed in 2322 rounds.
Completed in 44.205 ms
