ROUND,TASKS COMPLETED,worker0 tasks,worker1 tasks,worker2 tasks,worker3 tasks,worker4 tasks,worker5 tasks,worker6 tasks,worker7 tasks,worker8 tasks,worker9 tasks,worker10 tasks,worker11 tasks,worker12 tasks,worker13 tasks,worker14 tasks,worker15 tasks,worker16 tasks,worker17 tasks,worker18 tasks,worker19 tasks,worker0 running,worker1 running,worker2 running,worker3 running,worker4 running,worker5 running,worker6 running,worker7 running,worker8 running,worker9 running,worker10 running,worker11 running,worker12 running,worker13 running,worker14 running,worker15 running,worker16 running,worker17 running,worker18 running,worker19 running,
1,0,0,0,0,0,0,0,0,0,0,0,0,0,0,0,0,0,0,0,0,0,1,0,0,0,0,0,0,0,0,0,0,0,0,0,0,0,0,0,0,0,
2,1,1,0,0,0,0,0,0,0,0,0,0,0,0,0,0,0,0,0,0,0,1,0,0,0,1,0,0,0,0,0,0,1,0,0,0,1,0,0,0,0,
3,5,2,0,0,0,1,0,0,0,0,0,0,1,0,0,0,1,0,0,0,0,1,0,0,0,1,0,0,0,0,0,0,1,0,0,0,1,0,0,0,1,
4,9,3,0,0,0,2,0,0,0,0,0,0,2,0,0,0,1,0,0,0,1,1,0,0,0,1,1,0,0,0,0,0,1,0,0,1,0,1,0,1,1,
5,17,4,0,0,0,3,1,0,0,0,0,0,3,0,0,1,1,1,0,1,2,1,0,0,0,1,1,1,1,0,0,0,1,0,0,1,0,1,0,1,1,
6,26,4,0,0,0,4,2,1,1,0,0,0,4,0,0,2,1,2,0,2,3,1,0,0,0,1,1,1,1,1,0,0,1,0,0,1,0,1,1,1,1,
7,38,5,0,0,0,5,3,2,2,1,0,0,5,0,0,3,1,3,1,3,4,1,0,0,0,1,1,1,1,1,0,1,1,0,0,1,1,1,1,1,1,
8,52,6,0,0,0,6,4,3,3,2,0,1,6,0,0,4,2,4,2,4,5,1,1,0,0,1,1,1,1,1,0,1,1,0,0,1,1,1,1,1,1,
9,67,7,1,0,0,7,5,4,4,3,0,2,7,0,0,5,3,5,3,5,6,1,1,0,1,1,1,1,1,1,0,1,1,0,0,1,1,1,1,1,1,
10,83,8,2,0,1,8,6,5,5,4,0,3,8,0,0,6,4,6,4,6,7,1,1,1,1,1,1,1,1,1,1,1,1,0,0,1,1,1,1,1,1,
11,101,9,3,1,2,9,7,6,6,5,1,4,9,0,0,7,5,7,5,7,8,1,1,1,1,1,1,1,1,1,1,1,1,1,0,1,1,1,1,1,1,
12,120,10,4,2,3,10,8,7,7,6,2,5,10,1,0,8,6,8,6,8,9,1,1,1,1,1,1,1,1,1,1,1,1,1,1,1,1,1,1,1,1,
13,140,11,5,3,4,11,9,8,8,7,3,6,11,2,1,9,7,9,7,9,10,1,1,1,1,1,1,1,1,1,1,1,1,1,1,1,1,1,1,1,1,
14,160,12,6,4,5,12,10,9,9,8,4,7,12,3,2,10,8,10,8,10,11,1,1,1,1,1,1,1,1,1,1,1,1,1,1,1,1,1,1,1,1,
15,180,13,7,5,6,13,11,10,10,9,5,8,13,4,3,11,9,11,9,11,12,1,1,1,1,1,1,1,1,1,1,1,1,1,1,1,1,1,1,1,1,
16,200,14,8,6,7,14,12,11,11,10,6,9,14,5,4,12,10,12,10,12,13,1,1,1,1,1,1,1,1,1,1,1,1,1,1,1,1,1,1,1,1,
17,219,15,9,6,8,15,13,12,12,11,7,10,15,6,5,13,11,13,11,13,14,1,1,0,1,1,1,1,1,1,1,1,1,1,1,1,1,1,1,1,1,
18,238,16,10,6,9,16,14,13,13,12,8,11,16,7,6,14,12,14,12,14,15,1,1,0,1,1,1,1,1,1,1,1,1,1,1,1,1,1,1,1,1,
19,257,17,11,6,10,17,15,14,14,13,9,12,17,8,7,15,13,15,13,15,16,1,1,1,1,1,1,1,1,1,1,1,1,1,1,1,1,1,1,1,1,
20,277,18,12,7,11,18,16,15,15,14,10,13,18,9,8,16,14,16,14,16,17,1,1,1,1,1,1,1,1,1,1,1,1,1,1,1,1,1,1,1,1,
21,296,19,13,8,11,19,17,16,16,15,11,14,19,10,9,17,15,17,15,17,18,1,1,1,1,1,1,1,1,1,1,1,1,1,1,1,1,1,1,1,1,
22,315,20,14,8,12,20,18,17,17,16,12,15,20,11,10,18,16,18,16,18,19,1,1,1,1,1,1,1,1,1,1,1,1,1,1,1,1,1,1,1,1,
23,335,21,15,9,13,21,19,18,18,17,13,16,21,12,11,19,17,19,17,19,20,1,1,1,1,1,1,1,1,1,1,1,1,1,1,1,1,1,1,1,1,
24,355,22,16,10,14,22,20,19,19,18,14,17,22,13,12,20,18,20,18,20,21,1,1,1,1,1,1,1,1,1,1,1,1,1,1,1,1,1,1,1,1,
25,375,23,17,11,15,23,21,20,20,19,15,18,23,14,13,21,19,21,19,21,22,1,1,1,1,1,1,1,1,1,1,1,1,1,1,1,1,1,1,1,1,
26,395,24,18,12,16,24,22,21,21,20,16,19,24,15,14,22,20,22,20,22,23,1,1,1,1,1,1,1,1,1,1,1,1,1,1,1,1,1,1,1,1,
27,415,25,19,13,17,25,23,22,22,21,17,20,25,16,15,23,21,23,21,23,24,1,1,1,1,1,1,1,1,1,1,1,1,1,1,1,1,1,1,1,1,
28,435,26,20,14,18,26,24,23,23,22,18,21,26,17,16,24,22,24,22,24,25,1,1,1,1,1,1,1,1,1,1,1,1,1,1,1,1,1,1,1,1,
29,455,27,21,15,19,27,25,24,24,23,19,22,27,18,17,25,23,25,23,25,26,1,1,1,1,1,1,1,1,1,1,1,1,1,1,1,1,1,1,1,1,
30,475,28,22,16,20,28,26,25,25,24,20,23,28,19,18,26,24,26,24,26,27,1,1,1,1,1,1,1,1,1,1,1,1,1,1,1,1,1,1,1,1,
31,495,29,23,17,21,29,27,26,26,25,21,24,29,20,19,27,25,27,25,27,28,1,1,1,1,1,1,1,1,1,1,1,1,1,1,1,1,1,1,1,1,
32,514,30,24,18,22,30,28,27,27,26,22,25,30,21,20,28,26,28,25,28,29,1,1,1,1,1,1,1,1,1,1,1,1,1,1,1,1,1,0,1,1,
33,533,31,25,19,23,31,29,28,28,27,23,26,31,22,21,29,27,29,25,29,30,1,1,1,1,1,1,1,1,1,1,1,1,1,1,1,1,1,0,1,1,
34,553,32,26,20,24,32,30,29,29,28,24,27,32,23,22,30,28,30,26,30,31,1,1,1,1,1,1,1,1,1,1,1,1,1,1,1,1,1,1,1,1,
35,573,33,27,21,25,33,31,30,30,29,25,28,33,24,23,31,29,31,27,31,32,1,1,1,1,1,1,1,1,1,1,1,1,1,1,1,1,1,1,1,1,
36,593,34,28,22,26,34,32,31,31,30,26,29,34,25,24,32,30,32,28,32,33,1,1,1,1,1,1,1,1,1,1,1,1,1,1,1,1,1,1,1,1,
37,613,35,29,23,27,35,33,32,32,31,27,30,35,26,25,33,31,33,29,33,34,1,1,1,1,1,1,1,1,1,1,1,1,1,1,1,1,1,1,1,1,
38,633,36,30,24,28,36,34,33,33,32,28,31,36,27,26,34,32,34,30,34,35,1,1,1,1,1,1,1,1,1,1,1,1,1,1,1,1,1,1,1,1,
39,653,37,31,25,29,37,35,34,34,33,29,32,37,28,27,35,33,35,31,35,36,1,1,1,1,1,1,1,1,1,1,1,1,1,1,1,1,1,1,1,1,
40,673,38,32,26,30,38,36,35,35,34,30,33,38,29,28,36,34,36,32,36,37,1,1,1,1,1,1,1,1,1,1,1,1,1,1,1,1,1,1,1,1,
41,693,39,33,27,31,39,37,36,36,35,31,34,39,30,29,37,35,37,33,37,38,1,1,1,1,1,1,1,1,1,1,1,1,1,1,1,1,1,1,1,1,
42,713,40,34,28,32,40,38,37,37,36,32,35,40,31,30,38,36,38,34,38,39,1,1,1,1,1,1,1,1,1,1,1,1,1,1,1,1,1,1,1,1,
43,733,41,35,29,33,41,39,38,38,37,33,36,41,32,31,39,37,39,35,39,40,1,1,1,1,1,1,1,1,1,1,1,1,1,1,1,1,1,1,1,1,
44,753,42,36,30,34,42,40,39,39,38,34,37,42,33,32,40,38,40,36,40,41,1,1,1,1,1,1,1,1,1,1,1,1,1,1,1,1,1,1,1,1,
45,773,43,37,31,35,43,41,40,40,39,35,38,43,34,33,41,39,41,37,41,42,1,1,1,1,1,1,1,1,1,1,1,1,1,1,1,1,1,1,1,1,
46,793,44,38,32,36,44,42,41,41,40,36,39,44,35,34,42,40,42,38,42,43,1,1,1,1,1,1,1,1,1,1,1,1,1,1,1,1,1,1,1,1,
47,813,45,39,33,37,45,43,42,42,41,37,40,45,36,35,43,41,43,39,43,44,1,1,1,1,1,1,1,1,1,1,1,1,1,1,1,1,1,1,1,1,
48,833,46,40,34,38,46,44,43,43,42,38,41,46,37,36,44,42,44,40,44,45,1,1,1,1,1,1,1,1,1,1,1,1,1,1,1,1,1,1,1,1,
49,853,47,41,35,39,47,45,44,44,43,39,42,47,38,37,45,43,45,41,45,46,1,1,1,1,1,1,1,1,1,1,1,1,1,1,1,1,1,1,1,1,
50,872,48,42,36,40,48,46,45,45,44,40,43,48,39,38,46,44,46,41,46,47,1,1,1,1,1,1,1,1,1,1,1,1,1,1,1,1,1,0,1,1,
51,891,49,43,37,41,49,47,46,46,45,41,44,49,40,39,47,45,47,41,47,48,1,1,1,1,1,1,1,1,1,1,1,1,1,1,1,1,1,1,1,1,
52,911,50,44,38,42,50,48,47,47,46,42,45,50,41,40,48,46,48,42,48,49,1,1,1,1,1,1,1,1,1,1,1,1,1,1,1,1,1,1,1,1,
53,931,51,45,39,43,51,49,48,48,47,43,46,51,42,41,49,47,49,43,49,50,1,1,1,1,1,1,1,1,1,1,1,1,1,1,1,1,1,1,1,1,
54,950,52,46,40,44,52,50,49,49,48,44,47,52,43,42,50,47,50,44,50,51,1,1,1,1,1,1,1,1,1,1,1,1,1,1,1,1,1,1,1,1,
55,970,53,47,41,45,53,51,50,50,49,45,48,53,44,43,51,48,51,45,51,52,1,1,1,1,1,1,1,1,1,1,1,1,1,1,1,1,1,1,1,1,
56,990,54,48,42,46,54,52,51,51,50,46,49,54,45,44,52,49,52,46,52,53,1,1,1,1,1,1,1,1,1,1,1,1,1,1,1,1,1,1,1,1,
57,1009,55,49,43,47,55,53,52,52,51,47,50,55,46,45,53,49,53,47,53,54,1,1,1,1,1,1,1,1,1,1,1,1,1,1,1,0,1,1,1,1,
58,1028,56,50,44,48,56,54,53,53,52,48,51,56,47,46,54,49,54,48,54,55,1,1,1,1,1,1,1,1,1,1,1,1,1,1,1,1,1,1,1,1,
59,1048,57,51,45,49,57,55,54,54,53,49,52,57,48,47,55,50,55,49,55,56,1,1,1,1,1,1,1,1,1,1,1,1,1,1,1,1,1,1,1,1,
60,1068,58,52,46,50,58,56,55,55,54,50,53,58,49,48,56,51,56,50,56,57,1,1,1,1,1,1,1,1,1,1,1,1,1,1,1,1,1,1,1,1,
61,1087,59,53,47,51,59,57,56,56,55,51,54,59,49,49,57,52,57,51,57,58,1,1,1,1,1,1,1,1,1,1,1,1,1,1,1,1,1,1,1,1,
62,1106,60,54,48,52,60,58,57,57,56,52,55,60,50,50,58,53,57,52,58,59,1,1,1,1,1,1,1,1,1,1,1,1,1,1,1,1,0,1,1,1,
63,1125,61,55,49,53,61,59,58,58,57,53,56,61,51,51,59,54,57,53,59,60,1,1,1,1,1,1,1,1,1,1,1,1,1,1,1,1,0,1,1,1,
64,1145,62,56,50,54,62,60,59,59,58,54,57,62,52,52,60,55,58,54,60,61,1,1,1,1,1,1,1,1,1,1,1,1,1,1,1,1,1,1,1,1,
65,1164,63,57,51,55,63,61,60,60,59,55,58,63,53,53,61,55,59,55,61,62,1,1,1,1,1,1,1,1,1,1,1,1,1,1,1,1,1,1,1,1,
66,1184,64,58,52,56,64,62,61,61,60,56,59,64,54,54,62,56,60,56,62,63,1,1,1,1,1,1,1,1,1,1,1,1,1,1,1,1,1,1,1,1,
67,1204,65,59,53,57,65,63,62,62,61,57,60,65,55,55,63,57,61,57,63,64,1,1,1,1,1,1,1,1,1,1,1,1,1,1,1,1,1,1,1,1,
68,1223,66,60,54,58,66,64,63,63,62,58,61,66,56,56,64,57,62,58,64,65,1,1,1,1,1,1,1,1,1,1,1,1,1,1,1,0,1,1,1,1,
69,1242,67,61,55,59,67,65,64,64,63,59,62,67,57,57,65,57,63,59,65,66,1,1,1,1,1,1,1,1,1,1,1,1,1,1,1,0,1,1,1,1,
70,1261,68,62,56,60,68,66,65,65,64,60,63,68,58,58,66,57,64,60,66,67,1,1,1,1,1,1,1,1,1,1,1,1,1,1,1,0,1,1,1,1,
71,1280,69,63,57,61,69,67,66,66,65,61,64,69,59,59,67,57,65,61,67,68,1,1,1,1,1,1,1,1,1,1,1,1,1,1,1,0,1,1,1,1,
72,1299,70,64,58,62,70,68,67,67,66,62,65,70,60,60,68,57,66,62,68,69,1,1,1,1,1,1,1,1,1,1,1,1,1,1,1,0,1,1,1,1,
73,1318,71,65,59,63,71,69,68,68,67,63,66,71,61,61,69,57,67,63,69,70,1,1,1,1,1,1,1,1,1,1,1,1,1,1,1,0,1,1,1,1,
74,1337,72,66,60,64,72,70,69,69,68,64,67,72,62,62,70,57,68,64,70,71,1,1,1,1,1,1,1,1,1,1,1,1,1,1,1,1,1,1,1,1,
75,1357,73,67,61,65,73,71,70,70,69,65,68,73,63,63,71,58,69,65,71,72,1,1,1,1,1,1,1,1,1,1,1,1,1,1,1,1,1,1,1,1,
76,1376,74,68,62,66,74,72,71,71,70,66,69,74,64,64,72,58,70,66,72,73,1,1,1,1,1,1,1,1,1,1,1,1,1,1,1,1,1,1,1,1,
77,1396,75,69,63,67,75,73,72,72,71,67,70,75,65,65,73,59,71,67,73,74,1,1,1,1,1,1,1,1,1,1,1,1,1,1,1,1,1,1,1,1,
78,1416,76,70,64,68,76,74,73,73,72,68,71,76,66,66,74,60,72,68,74,75,1,1,1,1,1,1,1,1,1,1,1,1,1,1,1,1,1,1,1,1,
79,1436,77,71,65,69,77,75,74,74,73,69,72,77,67,67,75,61,73,69,75,76,1,1,1,1,1,1,1,1,1,1,1,1,1,1,1,1,1,1,1,1,
80,1456,78,72,66,70,78,76,75,75,74,70,73,78,68,68,76,62,74,70,76,77,1,1,1,1,1,1,1,1,1,1,1,1,1,1,1,1,1,1,1,1,
81,1476,79,73,67,71,79,77,76,76,75,71,74,79,69,69,77,63,75,71,77,78,1,1,1,1,1,1,1,1,1,1,1,1,1,1,1,1,1,1,1,1,
82,1496,80,74,68,72,80,78,77,77,76,72,75,80,70,70,78,64,76,72,78,79,1,1,1,1,1,1,1,1,1,1,1,1,1,1,1,1,1,1,1,1,
83,1515,81,75,69,73,81,79,78,78,77,73,75,81,71,71,79,65,77,73,79,80,1,1,1,1,1,1,1,1,1,1,1,1,1,1,1,1,1,1,1,1,
84,1535,82,76,70,74,82,80,79,79,78,74,76,82,72,72,80,66,78,74,80,81,1,1,1,1,1,1,1,1,1,1,1,1,1,1,1,1,1,1,1,1,
85,1555,83,77,71,75,83,81,80,80,79,75,77,83,73,73,81,67,79,75,81,82,1,1,1,1,1,1,1,1,1,1,1,1,1,1,1,1,1,1,1,1,
86,1575,84,78,72,76,84,82,81,81,80,76,78,84,74,74,82,68,80,76,82,83,1,1,1,1,1,1,1,1,1,1,1,1,1,1,1,1,1,1,1,1,
87,1595,85,79,73,77,85,83,82,82,81,77,79,85,75,75,83,69,81,77,83,84,1,1,1,1,1,1,1,1,1,1,1,1,1,1,1,1,1,1,1,1,
88,1615,86,80,74,78,86,84,83,83,82,78,80,86,76,76,84,70,82,78,84,85,1,1,1,1,1,1,1,1,1,1,1,1,1,1,1,1,1,1,1,1,
89,1635,87,81,75,79,87,85,84,84,83,79,81,87,77,77,85,71,83,79,85,86,1,1,1,1,1,1,1,1,1,1,1,1,1,1,1,1,1,1,1,1,
90,1655,88,82,76,80,88,86,85,85,84,80,82,88,78,78,86,72,84,80,86,87,1,1,1,1,1,1,1,1,1,1,1,1,1,1,1,1,1,1,1,1,
91,1675,89,83,77,81,89,87,86,86,85,81,83,89,79,79,87,73,85,81,87,88,1,1,1,1,1,1,1,1,1,1,1,1,1,1,1,1,1,1,1,1,
92,1695,90,84,78,82,90,88,87,87,86,82,84,90,80,80,88,74,86,82,88,89,1,1,1,1,1,1,1,1,1,1,1,1,1,1,1,1,1,1,1,1,
93,1713,91,85,79,83,91,89,88,88,87,83,84,91,81,81,89,75,86,83,89,90,1,1,1,1,1,1,1,1,1,1,1,1,1,1,1,1,1,1,1,1,
94,1733,92,86,80,84,92,90,89,89,88,84,85,92,82,82,90,76,87,84,90,91,1,1,1,1,1,1,1,1,1,1,1,1,1,1,1,1,1,1,1,1,
95,1753,93,87,81,85,93,91,90,90,89,85,86,93,83,83,91,77,88,85,91,92,1,1,1,1,1,1,1,1,1,1,1,1,1,1,1,1,1,1,1,1,
96,1773,94,88,82,86,94,92,91,91,90,86,87,94,84,84,92,78,89,86,92,93,1,1,1,1,1,1,1,1,1,1,1,1,1,1,1,1,1,1,1,1,
97,1793,95,89,83,87,95,93,92,92,91,87,88,95,85,85,93,79,90,87,93,94,1,1,1,1,1,1,1,1,1,1,1,1,1,1,1,1,1,1,1,1,
98,1813,96,90,84,88,96,94,93,93,92,88,89,96,86,86,94,80,91,88,94,95,1,1,1,1,1,1,1,1,1,1,1,1,1,1,1,1,1,1,1,1,
99,1833,97,91,85,89,97,95,94,94,93,89,90,97,87,87,95,81,92,89,95,96,1,1,1,1,1,1,1,1,1,1,1,1,1,1,1,1,1,1,1,1,
100,1853,98,92,86,90,98,96,95,95,94,90,91,98,88,88,96,82,93,90,96,97,1,1,1,1,1,1,1,1,1,1,1,1,1,1,1,1,1,1,1,1,
101,1873,99,93,87,91,99,97,96,96,95,91,92,99,89,89,97,83,94,91,97,98,1,1,1,1,1,1,1,1,1,1,1,1,1,1,1,1,1,1,1,1,
102,1893,100,94,88,92,100,98,97,97,96,92,93,100,90,90,98,84,95,92,98,99,1,1,1,1,1,1,1,1,1,1,1,1,1,1,1,1,1,1,1,1,
103,1913,101,95,89,93,101,99,98,98,97,93,94,101,91,91,99,85,96,93,99,100,1,1,1,1,1,1,1,1,1,1,1,1,1,1,1,1,1,1,1,1,
104,1933,102,96,90,94,102,100,99,99,98,94,95,102,92,92,100,86,97,94,100,101,1,1,1,1,1,1,1,1,1,1,1,1,1,1,1,1,1,1,1,1,
105,1952,103,97,91,95,103,101,100,100,99,95,95,103,93,93,101,87,98,95,101,102,1,1,1,1,1,1,1,1,1,1,0,1,1,1,1,1,1,1,1,1,
106,1972,104,98,92,96,104,102,101,101,100,96,96,104,94,94,102,88,99,96,102,103,1,1,1,1,1,1,1,1,1,1,1,1,1,1,1,1,1,1,1,1,
107,1992,105,99,93,97,105,103,102,102,101,97,97,105,95,95,103,89,100,97,103,104,1,1,1,1,1,1,1,1,1,1,1,1,1,1,1,1,1,1,1,1,
108,2012,106,100,94,98,106,104,103,103,102,98,98,106,96,96,104,90,101,98,104,105,1,1,1,1,1,1,1,1,1,1,1,1,1,1,1,1,1,1,1,1,
109,2032,107,101,95,99,107,105,104,104,103,99,99,107,97,97,105,91,102,99,105,106,1,1,1,1,1,1,1,1,1,1,1,1,1,1,1,1,1,1,1,1,
110,2052,108,102,96,100,108,106,105,105,104,100,100,108,98,98,106,92,103,100,106,107,1,1,1,1,1,1,1,1,1,1,1,1,1,1,1,1,1,1,1,1,
111,2072,109,103,97,101,109,107,106,106,105,101,101,109,99,99,107,93,104,101,107,108,1,1,1,1,1,1,1,1,1,1,1,1,1,1,1,1,1,1,1,1,
112,2092,110,104,98,102,110,108,107,107,106,102,102,110,100,100,108,94,105,102,108,109,1,1,1,1,1,1,1,1,1,1,1,1,1,1,1,1,1,1,1,1,
113,2112,111,105,99,103,111,109,108,108,107,103,103,111,101,101,109,95,106,103,109,110,1,1,1,1,1,1,1,1,1,1,1,1,1,1,1,1,1,1,1,1,
114,2132,112,106,100,104,112,110,109,109,108,104,104,112,102,102,110,96,107,104,110,111,1,1,1,1,1,1,1,1,1,1,1,1,1,1,1,1,1,1,1,1,
115,2152,113,107,101,105,113,111,110,110,109,105,105,113,103,103,111,97,108,105,111,112,1,1,1,1,1,1,1,1,1,1,1,1,1,1,1,1,1,1,1,1,
116,2172,114,108,102,106,114,112,111,111,110,106,106,114,104,104,112,98,109,106,112,113,1,1,1,1,1,1,1,1,1,1,1,1,1,1,1,1,1,1,1,1,
117,2192,115,109,103,107,115,113,112,112,111,107,107,115,105,105,113,99,110,107,113,114,1,1,1,1,1,1,1,1,1,1,1,1,1,1,1,1,1,1,1,1,
118,2212,116,110,104,108,116,114,113,113,112,108,108,116,106,106,114,100,111,108,114,115,1,1,1,1,1,1,1,1,1,1,1,1,1,1,1,1,1,1,1,1,
119,2232,117,111,105,109,117,115,114,114,113,109,109,117,107,107,115,101,112,109,115,116,1,1,1,1,1,1,1,1,1,1,1,1,1,1,1,1,1,1,1,1,
120,2252,118,112,106,110,118,116,115,115,114,110,110,118,108,108,116,102,113,110,116,117,1,1,1,1,1,1,1,1,1,1,1,1,1,1,1,1,1,1,1,1,
121,2272,119,113,107,111,119,117,116,116,115,111,111,119,109,109,117,103,114,111,117,118,1,1,1,1,1,1,1,1,1,1,1,1,1,1,1,1,1,1,1,1,
122,2292,120,114,108,112,120,118,117,117,116,112,112,120,110,110,118,104,115,112,118,119,1,1,1,1,1,1,1,1,1,1,1,1,1,1,1,1,1,1,1,1,
123,2312,121,115,109,113,121,119,118,118,117,113,113,121,111,111,119,105,116,113,119,120,1,1,1,1,1,1,1,1,1,1,1,1,1,1,1,1,1,1,1,1,
124,2332,122,116,110,114,122,120,119,119,118,114,114,122,112,112,120,106,117,114,120,121,1,1,1,1,1,1,1,1,1,1,1,1,1,1,1,1,1,1,1,1,
125,2352,123,117,111,115,123,121,120,120,119,115,115,123,113,113,121,107,118,115,121,122,1,1,1,1,1,1,1,1,1,1,1,1,1,1,1,1,1,1,1,1,
126,2372,124,118,112,116,124,122,121,121,120,116,116,124,114,114,122,108,119,116,122,123,1,1,1,1,1,1,1,1,1,1,1,1,1,1,1,1,1,1,1,1,
127,2392,125,119,113,117,125,123,122,122,121,117,117,125,115,115,123,109,120,117,123,124,1,1,1,1,1,1,1,1,1,1,1,1,1,1,1,1,1,1,1,1,
128,2412,126,120,114,118,126,124,123,123,122,118,118,126,116,116,124,110,121,118,124,125,1,1,1,1,1,1,1,1,1,1,1,1,1,1,1,1,1,1,1,1,
129,2432,127,121,115,119,127,125,124,124,123,119,119,127,117,117,125,111,122,119,125,126,1,1,1,1,1,1,1,1,1,1,1,1,1,1,1,1,1,1,1,1,
130,2452,128,122,116,120,128,126,125,125,124,120,120,128,118,118,126,112,123,120,126,127,1,1,1,1,1,1,1,1,1,1,1,1,1,1,1,1,1,1,1,1,
131,2472,129,123,117,121,129,127,126,126,125,121,121,129,119,119,127,113,124,121,127,128,1,1,1,1,1,1,1,1,1,1,1,1,1,1,1,1,1,1,1,1,
132,2492,130,124,118,122,130,128,127,127,126,122,122,130,120,120,128,114,125,122,128,129,1,1,1,1,1,1,1,1,1,1,1,1,1,1,1,1,1,1,1,1,
133,2512,131,125,119,123,131,129,128,128,127,123,123,131,121,121,129,115,126,123,129,130,1,1,1,1,1,1,1,1,1,1,1,1,1,1,1,1,1,1,1,1,
134,2531,132,126,120,124,132,130,129,129,128,124,124,132,122,122,130,116,126,124,130,131,1,1,1,1,1,1,1,1,1,1,1,1,1,1,1,1,1,1,1,1,
135,2551,133,127,121,125,133,131,130,130,129,125,125,133,123,123,131,117,127,125,131,132,1,1,1,1,1,1,1,1,1,1,1,1,1,1,1,1,1,1,1,1,
136,2571,134,128,122,126,134,132,131,131,130,126,126,134,124,124,132,118,128,126,132,133,1,1,1,1,1,1,1,1,1,1,1,1,1,1,1,1,1,1,1,1,
137,2590,135,129,123,127,135,133,132,132,131,127,127,135,125,125,133,119,128,127,133,134,1,1,1,1,1,1,1,1,1,1,1,1,1,1,1,1,1,1,1,1,
138,2610,136,130,124,128,136,134,133,133,132,128,128,136,126,126,134,120,129,128,134,135,1,1,1,1,1,1,1,1,1,1,1,1,1,1,1,1,1,1,1,1,
139,2630,137,131,125,129,137,135,134,134,133,129,129,137,127,127,135,121,130,129,135,136,1,1,1,1,1,1,1,1,1,1,1,1,1,1,1,1,1,1,1,1,
140,2650,138,132,126,130,138,136,135,135,134,130,130,138,128,128,136,122,131,130,136,137,1,1,1,1,1,1,1,1,1,1,1,1,1,1,1,1,1,1,1,1,
141,2670,139,133,127,131,139,137,136,136,135,131,131,139,129,129,137,123,132,131,137,138,1,1,1,1,1,1,1,1,1,1,1,1,1,1,1,1,1,1,1,1,
142,2690,140,134,128,132,140,138,137,137,136,132,132,140,130,130,138,124,133,132,138,139,1,1,1,1,1,1,1,1,1,1,1,1,1,1,1,1,1,1,1,1,
143,2709,141,135,129,133,141,139,138,138,137,133,133,141,131,131,138,125,134,133,139,140,1,1,1,1,1,1,1,1,1,1,1,1,1,1,0,1,1,1,1,1,
144,2728,142,136,130,134,142,140,139,139,138,134,134,142,132,132,138,126,135,134,140,141,1,1,1,1,1,1,1,1,1,1,1,1,1,1,0,1,1,1,1,1,
145,2747,143,137,131,135,143,141,140,140,139,135,135,143,133,133,138,127,136,135,141,142,1,1,1,1,1,1,1,1,1,1,1,1,1,1,1,1,1,1,1,1,
146,2767,144,138,132,136,144,142,141,141,140,136,136,144,134,134,139,128,137,136,142,143,1,1,1,1,1,1,1,1,1,1,1,1,1,1,1,1,1,1,1,1,
147,2787,145,139,133,137,145,143,142,142,141,137,137,145,135,135,140,129,138,137,143,144,1,1,1,1,1,1,1,1,1,1,1,1,1,1,1,1,1,1,1,1,
148,2807,146,140,134,138,146,144,143,143,142,138,138,146,136,136,141,130,139,138,144,145,1,1,1,1,1,1,1,1,1,1,1,1,1,1,1,1,1,1,1,1,
149,2827,147,141,135,139,147,145,144,144,143,139,139,147,137,137,142,131,140,139,145,146,1,1,1,1,1,1,1,1,1,1,1,1,1,1,1,1,1,1,1,1,
150,2847,148,142,136,140,148,146,145,145,144,140,140,148,138,138,143,132,141,140,146,147,1,1,1,1,1,1,1,1,1,1,1,1,1,1,1,1,1,1,1,1,
151,2867,149,143,137,141,149,147,146,146,145,141,141,149,139,139,144,133,142,141,147,148,1,1,1,1,1,1,1,1,1,1,1,1,1,1,1,1,1,1,1,1,
152,2887,150,144,138,142,150,148,147,147,146,142,142,150,140,140,145,134,143,142,148,149,1,1,1,1,1,1,1,1,1,1,1,1,1,1,1,1,1,1,1,1,
153,2907,151,145,139,143,151,149,148,148,147,143,143,151,141,141,146,135,144,143,149,150,1,1,1,1,1,1,1,1,1,1,1,1,1,1,1,1,1,1,1,1,
154,2927,152,146,140,144,152,150,149,149,148,144,144,152,142,142,147,136,145,144,150,151,1,1,1,1,1,1,1,1,1,1,1,1,1,1,1,1,1,1,1,1,
155,2947,153,147,141,145,153,151,150,150,149,145,145,153,143,143,148,137,146,145,151,152,1,1,1,1,1,1,1,1,1,1,1,1,1,1,1,1,1,1,1,1,
156,2967,154,148,142,146,154,152,151,151,150,146,146,154,144,144,149,138,147,146,152,153,1,1,1,1,1,1,1,1,1,1,1,1,1,1,1,1,1,1,1,1,
157,2987,155,149,143,147,155,153,152,152,151,147,147,155,145,145,150,139,148,147,153,154,1,1,1,1,1,1,1,1,1,1,1,1,1,1,1,1,1,1,1,1,
158,3007,156,150,144,148,156,154,153,153,152,148,148,156,146,146,151,140,149,148,154,155,1,1,1,1,1,1,1,1,1,1,1,1,1,1,1,1,1,1,1,1,
159,3026,157,151,145,149,157,155,154,154,153,149,149,157,147,147,152,141,150,148,155,156,1,1,1,1,1,1,1,1,1,1,1,1,1,1,1,1,1,1,1,1,
160,3046,158,152,146,150,158,156,155,155,154,150,150,158,148,148,153,142,151,149,156,157,1,1,1,1,1,1,1,1,1,1,1,1,1,1,1,1,1,1,1,1,
161,3066,159,153,147,151,159,157,156,156,155,151,151,159,149,149,154,143,152,150,157,158,1,1,1,1,1,1,1,1,1,1,1,1,1,1,1,1,1,1,1,1,
162,3086,160,154,148,152,160,158,157,157,156,152,152,160,150,150,155,144,153,151,158,159,1,1,1,1,1,1,1,1,1,1,1,1,1,1,1,1,1,1,1,1,
163,3105,161,155,149,153,161,159,158,158,157,153,153,161,151,151,156,145,154,151,159,160,1,1,1,1,1,1,1,1,1,1,1,1,1,1,1,1,1,1,1,1,
164,3125,162,156,150,154,162,160,159,159,158,154,154,162,152,152,157,146,155,152,160,161,1,1,1,1,1,1,1,1,1,1,1,1,1,1,1,1,1,1,1,1,
165,3145,163,157,151,155,163,161,160,160,159,155,155,163,153,153,158,147,156,153,161,162,1,1,1,1,1,1,1,1,1,1,1,1,1,1,1,1,1,1,1,1,
166,3164,164,158,152,156,164,162,161,161,160,156,156,164,154,154,159,148,157,153,162,163,1,1,1,1,1,1,1,1,1,1,1,1,1,1,1,1,1,0,1,1,
167,3183,165,159,153,157,165,163,162,162,161,157,157,165,155,155,160,149,158,153,163,164,1,1,1,1,1,1,1,1,1,1,1,1,1,1,1,1,1,0,1,1,
168,3202,166,160,154,158,166,164,163,163,162,158,158,166,156,156,161,150,159,153,164,165,1,1,1,1,1,1,1,1,1,1,1,1,1,1,1,1,1,1,1,1,
169,3222,167,161,155,159,167,165,164,164,163,159,159,167,157,157,162,151,160,154,165,166,1,1,1,1,1,1,1,1,1,1,1,1,1,1,1,1,1,1,1,1,
170,3242,168,162,156,160,168,166,165,165,164,160,160,168,158,158,163,152,161,155,166,167,1,1,1,1,1,1,1,1,1,1,1,1,1,1,1,1,1,1,1,1,
171,3262,169,163,157,161,169,167,166,166,165,161,161,169,159,159,164,153,162,156,167,168,1,1,1,1,1,1,1,1,1,1,1,1,1,1,1,1,1,1,1,1,
172,3282,170,164,158,162,170,168,167,167,166,162,162,170,160,160,165,154,163,157,168,169,1,1,1,1,1,1,1,1,1,1,1,1,1,1,1,1,1,1,1,1,
173,3302,171,165,159,163,171,169,168,168,167,163,163,171,161,161,166,155,164,158,169,170,1,1,1,1,1,1,1,1,1,1,1,1,1,1,1,1,1,1,1,1,
174,3322,172,166,160,164,172,170,169,169,168,164,164,172,162,162,167,156,165,159,170,171,1,1,1,1,1,1,1,1,1,1,1,1,1,1,1,1,1,1,1,1,
175,3342,173,167,161,165,173,171,170,170,169,165,165,173,163,163,168,157,166,160,171,172,1,1,1,1,1,1,1,1,1,1,1,1,1,1,1,1,1,1,1,1,
176,3362,174,168,162,166,174,172,171,171,170,166,166,174,164,164,169,158,167,161,172,173,1,1,1,1,1,1,1,1,1,1,1,1,1,1,1,1,1,1,1,1,
177,3382,175,169,163,167,175,173,172,172,171,167,167,175,165,165,170,159,168,162,173,174,1,1,1,1,1,1,1,1,1,1,1,1,1,1,1,1,1,1,1,1,
178,3402,176,170,164,168,176,174,173,173,172,168,168,176,166,166,171,160,169,163,174,175,1,1,1,1,1,1,1,1,1,1,1,1,1,1,1,1,1,1,1,1,
179,3422,177,171,165,169,177,175,174,174,173,169,169,177,167,167,172,161,170,164,175,176,1,1,1,1,1,1,1,1,1,1,1,1,1,1,1,1,1,1,1,1,
180,3442,178,172,166,170,178,176,175,175,174,170,170,178,168,168,173,162,171,165,176,177,1,1,1,1,1,1,1,1,1,1,1,1,1,1,1,1,1,1,1,1,
181,3462,179,173,167,171,179,177,176,176,175,171,171,179,169,169,174,163,172,166,177,178,1,1,1,1,1,1,1,1,1,1,1,1,1,1,1,1,1,1,1,1,
182,3482,180,174,168,172,180,178,177,177,176,172,172,180,170,170,175,164,173,167,178,179,1,1,1,1,1,1,1,1,1,1,1,1,1,1,1,1,1,1,1,1,
183,3502,181,175,169,173,181,179,178,178,177,173,173,181,171,171,176,165,174,168,179,180,1,1,1,1,1,1,1,1,1,1,1,1,1,1,1,1,1,1,1,1,
184,3522,182,176,170,174,182,180,179,179,178,174,174,182,172,172,177,166,175,169,180,181,1,1,1,1,1,1,1,1,1,1,1,1,1,1,1,1,1,1,1,1,
185,3542,183,177,171,175,183,181,180,180,179,175,175,183,173,173,178,167,176,170,181,182,1,1,1,1,1,1,1,1,1,1,1,1,1,1,1,1,1,1,1,1,
186,3562,184,178,172,176,184,182,181,181,180,176,176,184,174,174,179,168,177,171,182,183,1,1,1,1,1,1,1,1,1,1,1,1,1,1,1,1,1,1,1,1,
187,3582,185,179,173,177,185,183,182,182,181,177,177,185,175,175,180,169,178,172,183,184,1,1,1,1,1,1,1,1,1,1,1,1,1,1,1,1,1,1,1,1,
188,3602,186,180,174,178,186,184,183,183,182,178,178,186,176,176,181,170,179,173,184,185,1,1,1,1,1,1,1,1,1,1,1,1,1,1,1,1,1,1,1,1,
189,3622,187,181,175,179,187,185,184,184,183,179,179,187,177,177,182,171,180,174,185,186,1,1,1,1,1,1,1,1,1,1,1,1,1,1,1,1,1,1,1,1,
190,3642,188,182,176,180,188,186,185,185,184,180,180,188,178,178,183,172,181,175,186,187,1,1,1,1,1,1,1,1,1,1,1,1,1,1,1,1,1,1,1,1,
191,3662,189,183,177,181,189,187,186,186,185,181,181,189,179,179,184,173,182,176,187,188,1,1,1,1,1,1,1,1,1,1,1,1,1,1,1,1,1,1,1,1,
192,3682,190,184,178,182,190,188,187,187,186,182,182,190,180,180,185,174,183,177,188,189,1,1,1,1,1,1,1,1,1,1,1,1,1,1,1,1,1,1,1,1,
193,3701,191,185,179,183,191,189,188,188,187,183,182,191,181,181,186,175,184,178,189,190,1,1,1,1,1,1,1,1,1,1,1,1,1,1,1,1,1,1,1,1,
194,3721,192,186,180,184,192,190,189,189,188,184,183,192,182,182,187,176,185,179,190,191,1,1,1,1,1,1,1,1,1,1,1,1,1,1,1,1,1,1,1,1,
195,3741,193,187,181,185,193,191,190,190,189,185,184,193,183,183,188,177,186,180,191,192,1,1,1,1,1,1,1,1,1,1,1,1,1,1,1,1,1,1,1,1,
196,3761,194,188,182,186,194,192,191,191,190,186,185,194,184,184,189,178,187,181,192,193,1,1,1,1,1,1,1,1,1,1,1,1,1,1,1,1,1,1,1,1,
197,3780,195,189,183,187,195,193,192,192,191,187,185,195,185,185,190,179,188,182,193,194,1,1,1,1,1,1,1,1,1,1,0,1,1,1,1,1,1,1,1,1,
198,3799,196,190,184,188,196,194,193,193,192,188,185,196,186,186,191,180,189,183,194,195,1,1,1,1,1,1,1,1,1,1,1,1,1,1,1,1,1,1,1,1,
199,3819,197,191,185,189,197,195,194,194,193,189,186,197,187,187,192,181,190,184,195,196,1,1,1,1,1,1,1,1,1,1,1,1,1,1,1,1,1,1,1,1,
200,3839,198,192,186,190,198,196,195,195,194,190,187,198,188,188,193,182,191,185,196,197,1,1,1,1,1,1,1,1,1,1,1,1,1,1,1,1,1,1,1,1,
201,3858,199,193,187,191,199,197,196,196,195,191,187,199,189,189,194,183,192,186,197,198,1,1,1,1,1,1,1,1,1,1,0,1,1,1,1,1,1,1,1,1,
202,3877,200,194,188,192,200,198,197,197,196,192,187,200,190,190,195,184,193,187,198,199,1,1,1,1,1,1,1,1,1,1,0,1,1,1,1,1,1,1,1,1,
203,3896,201,195,189,193,201,199,198,198,197,193,187,201,191,191,196,185,194,188,199,200,1,1,1,1,1,1,1,1,1,1,0,1,1,1,1,1,1,1,1,1,
204,3915,202,196,190,194,202,200,199,199,198,194,187,202,192,192,197,186,195,189,200,201,1,1,1,1,1,1,1,1,1,1,0,1,1,1,1,1,1,1,1,1,
205,3934,203,197,191,195,203,201,200,200,199,195,187,203,193,193,198,187,196,190,201,202,1,1,1,1,1,1,1,1,1,1,0,1,1,1,1,1,1,1,1,1,
206,3953,204,198,192,196,204,202,201,201,200,196,187,204,194,194,199,188,197,191,202,203,1,1,1,1,1,1,1,1,1,1,1,1,1,1,1,1,1,1,1,1,
207,3973,205,199,193,197,205,203,202,202,201,197,188,205,195,195,200,189,198,192,203,204,1,1,1,1,1,1,1,1,1,1,1,1,1,1,1,1,1,1,1,1,
208,3993,206,200,194,198,206,204,203,203,202,198,189,206,196,196,201,190,199,193,204,205,1,1,1,1,1,1,1,1,1,1,1,1,1,1,1,1,1,1,1,1,
209,4013,207,201,195,199,207,205,204,204,203,199,190,207,197,197,202,191,200,194,205,206,1,1,1,1,1,1,1,1,1,1,1,1,1,1,1,1,1,1,1,1,
210,4032,208,202,196,200,208,206,205,205,204,200,190,208,198,198,203,192,201,195,206,207,1,1,1,1,1,1,1,1,1,1,0,1,1,1,1,1,1,1,1,1,
211,4051,209,203,197,201,209,207,206,206,205,201,190,209,199,199,204,193,202,196,207,208,1,1,1,1,1,1,1,1,1,1,0,1,1,1,1,1,1,1,1,1,
212,4070,210,204,198,202,210,208,207,207,206,202,190,210,200,200,205,194,203,197,208,209,1,1,1,1,1,1,1,1,1,1,1,1,1,1,1,1,1,1,1,1,
213,4090,211,205,199,203,211,209,208,208,207,203,191,211,201,201,206,195,204,198,209,210,1,1,1,1,1,1,1,1,1,1,1,1,1,1,1,1,1,1,1,1,
214,4110,212,206,200,204,212,210,209,209,208,204,192,212,202,202,207,196,205,199,210,211,1,1,1,1,1,1,1,1,1,1,1,1,1,1,1,1,1,1,1,1,
215,4129,213,207,201,205,213,211,210,210,209,205,192,213,203,203,208,197,206,200,211,212,1,1,1,1,1,1,1,1,1,1,1,1,1,1,1,1,1,1,1,1,
216,4149,214,208,202,206,214,212,211,211,210,206,193,214,204,204,209,198,207,201,212,213,1,1,1,1,1,1,1,1,1,1,1,1,1,1,1,1,1,1,1,1,
217,4169,215,209,203,207,215,213,212,212,211,207,194,215,205,205,210,199,208,202,213,214,1,1,1,1,1,1,1,1,1,1,1,1,1,1,1,1,1,1,1,1,
218,4189,216,210,204,208,216,214,213,213,212,208,195,216,206,206,211,200,209,203,214,215,1,1,1,1,1,1,1,1,1,1,1,1,1,1,1,1,1,1,1,1,
219,4208,217,211,205,209,217,215,214,214,213,209,195,217,207,207,212,201,210,204,215,216,1,1,1,1,1,1,1,1,1,1,1,1,1,1,1,1,1,1,1,1,
220,4228,218,212,206,210,218,216,215,215,214,210,196,218,208,208,213,202,211,205,216,217,1,1,1,1,1,1,1,1,1,1,1,1,1,1,1,1,1,1,1,1,
221,4248,219,213,207,211,219,217,216,216,215,211,197,219,209,209,214,203,212,206,217,218,1,1,1,1,1,1,1,1,1,1,1,1,1,1,1,1,1,1,1,1,
222,4268,220,214,208,212,220,218,217,217,216,212,198,220,210,210,215,204,213,207,218,219,1,1,1,1,1,1,1,1,1,1,1,1,1,1,1,1,1,1,1,1,
223,4288,221,215,209,213,221,219,218,218,217,213,199,221,211,211,216,205,214,208,219,220,1,1,1,1,1,1,1,1,1,1,1,1,1,1,1,1,1,1,1,1,
224,4308,222,216,210,214,222,220,219,219,218,214,200,222,212,212,217,206,215,209,220,221,1,1,1,1,1,1,1,1,1,1,1,1,1,1,1,1,1,1,1,1,
225,4327,223,217,211,215,223,221,220,220,219,215,201,223,213,212,218,207,216,210,221,222,1,1,1,1,1,1,1,1,1,1,1,1,1,0,1,1,1,1,1,1,
226,4346,224,218,212,216,224,222,221,221,220,216,202,224,214,212,219,208,217,211,222,223,1,1,1,1,1,1,1,1,1,1,1,1,1,0,1,1,1,1,1,1,
227,4365,225,219,213,217,225,223,222,222,221,217,202,225,215,213,220,209,218,212,223,224,1,1,1,1,1,1,1,1,1,1,0,1,1,1,1,1,1,1,1,1,
228,4384,226,220,214,218,226,224,223,223,222,218,202,226,216,214,221,210,219,213,224,225,1,1,1,1,1,1,1,1,1,1,0,1,1,1,1,1,1,1,1,1,
229,4403,227,221,215,219,227,225,224,224,223,219,202,227,217,215,222,211,220,214,225,226,1,1,1,1,1,1,1,1,1,1,1,1,1,1,1,1,1,1,1,1,
230,4423,228,222,216,220,228,226,225,225,224,220,203,228,218,216,223,212,221,215,226,227,1,1,1,1,1,1,1,1,1,1,1,1,1,1,1,1,1,1,1,1,
231,4443,229,223,217,221,229,227,226,226,225,221,204,229,219,217,224,213,222,216,227,228,1,1,1,1,1,1,1,1,1,1,1,1,1,1,1,1,1,1,1,1,
232,4463,230,224,218,222,230,228,227,227,226,222,205,230,220,218,225,214,223,217,228,229,1,1,1,1,1,1,1,1,1,1,1,1,1,1,1,1,1,1,1,1,
233,4483,231,225,219,223,231,229,228,228,227,223,206,231,221,219,226,215,224,218,229,230,1,1,1,1,1,1,1,1,1,1,1,1,1,1,1,1,1,1,1,1,
234,4503,232,226,220,224,232,230,229,229,228,224,207,232,222,220,227,216,225,219,230,231,1,1,1,1,1,1,1,1,1,1,1,1,1,1,1,1,1,1,1,1,
Completed in 234 rounds.
Completed in 45.0087 ms
