ROUND,TASKS COMPLETED,worker0 tasks,worker1 tasks,worker2 tasks,worker3 tasks,worker4 tasks,worker5 tasks,worker6 tasks,worker7 tasks,worker8 tasks,worker9 tasks,worker10 tasks,worker11 tasks,worker12 tasks,worker13 tasks,worker14 tasks,worker15 tasks,worker16 tasks,worker17 tasks,worker18 tasks,worker19 tasks,worker20 tasks,worker21 tasks,worker22 tasks,worker23 tasks,worker24 tasks,worker0 running,worker1 running,worker2 running,worker3 running,worker4 running,worker5 running,worker6 running,worker7 running,worker8 running,worker9 running,worker10 running,worker11 running,worker12 running,worker13 running,worker14 running,worker15 running,worker16 running,worker17 running,worker18 running,worker19 running,worker20 running,worker21 running,worker22 running,worker23 running,worker24 running,
1,0,0,0,0,0,0,0,0,0,0,0,0,0,0,0,0,0,0,0,0,0,0,0,0,0,0,1,0,0,0,0,0,0,0,0,0,0,0,0,0,0,0,0,0,0,0,1,0,0,0,0,
2,2,1,0,0,0,0,0,0,0,0,0,0,0,0,0,0,0,0,0,0,0,1,0,0,0,0,1,0,0,0,0,0,0,1,0,0,0,0,0,1,0,0,0,0,0,0,1,0,0,0,0,
3,6,2,0,0,0,0,0,0,1,0,0,0,0,0,1,0,0,0,0,0,0,2,0,0,0,0,1,0,1,0,0,0,0,1,0,0,0,0,0,1,1,0,0,0,0,1,1,0,0,0,0,
4,13,3,0,1,0,0,0,0,2,0,0,0,0,0,2,1,0,0,0,0,1,3,0,0,0,0,1,0,1,0,0,0,0,1,0,0,0,0,0,1,1,0,0,0,0,1,1,1,1,1,1,
5,23,4,0,2,0,0,0,0,3,0,0,0,0,0,3,2,0,0,0,0,2,4,1,0,1,1,1,0,1,0,0,0,0,1,0,0,1,0,0,1,1,0,0,0,0,1,1,1,0,1,1,
6,31,5,0,3,0,0,0,0,4,0,0,1,0,0,4,3,0,0,0,0,3,4,2,0,1,1,1,0,1,1,0,0,1,1,0,1,1,1,1,1,1,0,0,1,1,1,0,1,0,1,0,
7,47,6,0,4,1,0,0,1,5,0,1,2,1,1,5,4,0,0,1,1,4,4,3,0,2,1,1,0,1,1,1,1,1,1,0,1,1,1,1,1,1,1,1,1,1,1,0,1,1,1,0,
8,70,7,0,5,2,1,1,2,6,0,2,3,2,2,6,5,1,1,2,2,5,5,4,1,3,2,1,0,1,1,1,1,1,1,0,1,1,1,1,1,1,1,1,1,1,1,1,1,1,1,1,
9,93,8,0,6,3,2,2,3,7,0,3,4,3,3,7,6,2,2,3,3,6,6,5,2,4,3,1,1,1,1,1,1,1,1,0,1,1,1,1,1,1,1,1,1,1,1,1,1,1,1,1,
10,117,9,1,7,4,3,3,4,8,0,4,5,4,4,8,7,3,3,4,4,7,7,6,3,5,4,1,1,1,1,1,1,1,1,0,1,1,1,1,1,1,1,1,1,1,1,1,1,1,1,1,
11,141,10,2,8,5,4,4,5,9,0,5,6,5,5,9,8,4,4,5,5,8,8,7,4,6,5,1,1,1,1,1,1,1,1,0,1,1,1,1,1,1,1,1,1,1,1,1,1,1,1,1,
12,165,11,3,9,6,5,5,6,10,0,6,7,6,6,10,9,5,5,6,6,9,9,8,5,7,6,1,1,1,1,1,1,1,1,1,1,1,1,1,1,1,1,1,1,1,1,1,1,1,1,1,
13,190,12,4,10,7,6,6,7,11,1,7,8,7,7,11,10,6,6,7,7,10,10,9,6,8,7,1,1,1,1,1,1,1,1,1,1,1,1,1,1,1,1,1,1,1,1,1,1,1,1,1,
14,215,13,5,11,8,7,7,8,12,2,8,9,8,8,12,11,7,7,8,8,11,11,10,7,9,8,1,1,1,1,1,1,1,1,1,1,1,1,1,1,1,1,1,1,1,1,1,1,1,1,1,
15,240,14,6,12,9,8,8,9,13,3,9,10,9,9,13,12,8,8,9,9,12,12,11,8,10,9,1,1,1,1,1,1,1,1,1,1,1,1,1,1,1,1,1,1,1,1,1,1,1,1,1,
16,265,15,7,13,10,9,9,10,14,4,10,11,10,10,14,13,9,9,10,10,13,13,12,9,11,10,1,1,1,1,1,1,1,1,1,1,1,1,1,1,1,1,1,1,1,1,1,1,1,1,1,
17,290,16,8,14,11,10,10,11,15,5,11,12,11,11,15,14,10,10,11,11,14,14,13,10,12,11,1,1,1,1,1,1,1,1,1,1,1,1,1,1,1,1,1,1,1,1,1,1,1,1,1,
18,315,17,9,15,12,11,11,12,16,6,12,13,12,12,16,15,11,11,12,12,15,15,14,11,13,12,1,1,1,1,1,1,1,1,1,1,1,1,1,1,1,1,1,1,1,1,1,1,1,1,1,
19,340,18,10,16,13,12,12,13,17,7,13,14,13,13,17,16,12,12,13,13,16,16,15,12,14,13,1,1,1,1,1,1,1,1,1,1,1,1,1,1,1,1,1,1,1,1,1,1,1,1,1,
20,365,19,11,17,14,13,13,14,18,8,14,15,14,14,18,17,13,13,14,14,17,17,16,13,15,14,1,1,1,1,1,1,1,1,1,1,1,1,1,1,1,1,1,1,1,1,1,1,1,1,1,
21,390,20,12,18,15,14,14,15,19,9,15,16,15,15,19,18,14,14,15,15,18,18,17,14,16,15,1,1,1,1,1,1,1,1,1,1,1,1,1,1,1,1,1,1,1,1,1,1,1,1,1,
22,415,21,13,19,16,15,15,16,20,10,16,17,16,16,20,19,15,15,16,16,19,19,18,15,17,16,1,1,1,1,1,1,1,1,1,1,1,1,1,1,1,1,1,1,1,1,1,1,1,1,1,
23,440,22,14,20,17,16,16,17,21,11,17,18,17,17,21,20,16,16,17,17,20,20,19,16,18,17,1,1,1,1,1,1,1,1,1,1,1,1,1,1,1,1,1,1,1,1,1,1,1,1,1,
24,465,23,15,21,18,17,17,18,22,12,18,19,18,18,22,21,17,17,18,18,21,21,20,17,19,18,1,1,1,1,1,1,1,1,1,1,1,1,1,1,1,1,1,1,1,1,1,1,1,1,1,
25,490,24,16,22,19,18,18,19,23,13,19,20,19,19,23,22,18,18,19,19,22,22,21,18,20,19,1,1,1,1,1,1,1,1,1,1,1,1,1,1,1,1,1,1,1,1,1,1,1,1,1,
26,515,25,17,23,20,19,19,20,24,14,20,21,20,20,24,23,19,19,20,20,23,23,22,19,21,20,1,1,1,1,1,1,1,1,1,1,1,1,1,1,1,1,1,1,1,1,1,1,1,1,1,
27,540,26,18,24,21,20,20,21,25,15,21,22,21,21,25,24,20,20,21,21,24,24,23,20,22,21,1,1,1,1,1,1,1,1,1,1,1,1,1,1,1,1,1,1,1,1,1,1,1,1,1,
28,565,27,19,25,22,21,21,22,26,16,22,23,22,22,26,25,21,21,22,22,25,25,24,21,23,22,1,1,1,1,1,1,1,1,1,1,1,1,1,1,1,1,1,1,1,1,1,1,1,1,1,
29,590,28,20,26,23,22,22,23,27,17,23,24,23,23,27,26,22,22,23,23,26,26,25,22,24,23,1,1,1,1,1,1,1,1,1,1,1,1,1,1,1,1,1,1,1,1,1,1,1,1,1,
30,615,29,21,27,24,23,23,24,28,18,24,25,24,24,28,27,23,23,24,24,27,27,26,23,25,24,1,1,1,1,1,1,1,1,1,1,1,1,1,1,1,1,1,1,1,1,1,1,1,1,1,
31,640,30,22,28,25,24,24,25,29,19,25,26,25,25,29,28,24,24,25,25,28,28,27,24,26,25,1,1,1,1,1,1,1,1,1,1,1,1,1,1,1,1,1,1,1,1,1,1,1,1,1,
32,665,31,23,29,26,25,25,26,30,20,26,27,26,26,30,29,25,25,26,26,29,29,28,25,27,26,1,1,1,1,1,1,1,1,1,1,1,1,1,1,1,1,1,1,1,1,1,1,1,1,1,
33,690,32,24,30,27,26,26,27,31,21,27,28,27,27,31,30,26,26,27,27,30,30,29,26,28,27,1,1,1,1,1,1,1,1,1,1,1,1,1,1,1,1,1,1,1,1,1,1,1,1,1,
34,715,33,25,31,28,27,27,28,32,22,28,29,28,28,32,31,27,27,28,28,31,31,30,27,29,28,1,1,1,1,1,1,1,1,1,1,1,1,1,1,1,1,1,1,1,1,1,1,1,1,1,
35,740,34,26,32,29,28,28,29,33,23,29,30,29,29,33,32,28,28,29,29,32,32,31,28,30,29,1,1,1,1,1,1,1,1,1,1,1,1,1,1,1,1,1,1,1,1,1,1,1,1,1,
36,765,35,27,33,30,29,29,30,34,24,30,31,30,30,34,33,29,29,30,30,33,33,32,29,31,30,1,1,1,1,1,1,1,1,1,1,1,1,1,1,1,1,1,1,1,1,1,1,1,1,1,
37,790,36,28,34,31,30,30,31,35,25,31,32,31,31,35,34,30,30,31,31,34,34,33,30,32,31,1,1,1,1,1,1,1,1,1,1,1,1,1,1,1,1,1,1,1,1,1,1,1,1,1,
38,815,37,29,35,32,31,31,32,36,26,32,33,32,32,36,35,31,31,32,32,35,35,34,31,33,32,1,1,1,1,1,1,1,1,1,1,1,1,1,1,1,1,1,1,1,1,1,1,1,1,1,
39,840,38,30,36,33,32,32,33,37,27,33,34,33,33,37,36,32,32,33,33,36,36,35,32,34,33,1,1,1,1,1,1,1,1,1,1,1,1,1,1,1,1,1,1,1,1,1,1,1,1,1,
40,865,39,31,37,34,33,33,34,38,28,34,35,34,34,38,37,33,33,34,34,37,37,36,33,35,34,1,1,1,1,1,1,1,1,1,1,1,1,1,1,1,1,1,1,1,1,1,1,1,1,1,
41,890,40,32,38,35,34,34,35,39,29,35,36,35,35,39,38,34,34,35,35,38,38,37,34,36,35,1,1,1,1,1,1,1,1,1,1,1,1,1,1,1,1,1,1,1,1,1,1,1,1,1,
42,915,41,33,39,36,35,35,36,40,30,36,37,36,36,40,39,35,35,36,36,39,39,38,35,37,36,1,1,1,1,1,1,1,1,1,1,1,1,1,1,1,1,1,1,1,1,1,1,1,1,1,
43,940,42,34,40,37,36,36,37,41,31,37,38,37,37,41,40,36,36,37,37,40,40,39,36,38,37,1,1,1,1,1,1,1,1,1,1,1,1,1,1,1,1,1,1,1,1,1,1,1,1,1,
44,965,43,35,41,38,37,37,38,42,32,38,39,38,38,42,41,37,37,38,38,41,41,40,37,39,38,1,1,1,1,1,1,1,1,1,1,1,1,1,1,1,1,1,1,1,1,1,1,1,1,1,
45,990,44,36,42,39,38,38,39,43,33,39,40,39,39,43,42,38,38,39,39,42,42,41,38,40,39,1,1,1,1,1,1,1,1,1,1,1,1,1,1,1,1,1,1,1,1,1,1,1,1,1,
46,1015,45,37,43,40,39,39,40,44,34,40,41,40,40,44,43,39,39,40,40,43,43,42,39,41,40,1,1,1,1,1,1,1,1,1,1,1,1,1,1,1,1,1,1,1,1,1,1,1,1,1,
47,1040,46,38,44,41,40,40,41,45,35,41,42,41,41,45,44,40,40,41,41,44,44,43,40,42,41,1,1,1,1,1,1,1,1,1,1,1,1,1,1,1,1,1,1,1,1,1,1,1,1,1,
48,1065,47,39,45,42,41,41,42,46,36,42,43,42,42,46,45,41,41,42,42,45,45,44,41,43,42,1,1,1,1,1,1,1,1,1,1,1,1,1,1,1,1,1,1,1,1,1,1,1,1,1,
49,1090,48,40,46,43,42,42,43,47,37,43,44,43,43,47,46,42,42,43,43,46,46,45,42,44,43,1,1,1,1,1,1,1,1,1,1,1,1,1,1,1,1,1,1,1,1,1,1,1,1,1,
50,1115,49,41,47,44,43,43,44,48,38,44,45,44,44,48,47,43,43,44,44,47,47,46,43,45,44,1,1,1,1,1,1,1,1,1,1,1,1,1,1,1,1,1,1,1,1,1,1,1,1,1,
51,1140,50,42,48,45,44,44,45,49,39,45,46,45,45,49,48,44,44,45,45,48,48,47,44,46,45,1,1,1,1,1,1,1,1,1,1,1,1,1,1,1,1,1,1,1,1,1,1,1,1,1,
52,1164,51,43,49,46,45,44,46,50,40,46,47,46,46,50,49,45,45,46,46,49,49,48,45,47,46,1,1,1,1,1,0,1,1,1,1,1,1,1,1,1,1,1,1,1,1,1,1,1,1,1,
53,1187,52,44,50,47,46,44,47,51,41,47,48,47,47,51,50,46,46,47,47,50,50,49,45,48,47,1,1,1,1,1,1,1,1,1,1,1,1,1,1,1,1,1,1,1,1,1,1,0,1,1,
54,1210,53,45,51,48,47,44,48,52,42,48,49,48,48,52,51,47,47,48,48,51,51,50,45,49,48,1,1,1,1,1,0,1,1,1,1,1,1,1,1,1,1,1,1,1,1,1,1,1,1,1,
55,1234,54,46,52,49,48,44,49,53,43,49,50,49,49,53,52,48,48,49,49,52,52,51,46,50,49,1,1,1,1,1,0,1,1,1,1,1,1,1,1,1,1,1,1,1,1,1,1,1,1,1,
56,1257,55,47,53,50,49,44,50,54,44,50,51,50,50,54,53,49,49,50,49,53,53,52,47,51,50,1,1,1,1,1,1,1,1,1,1,1,1,1,1,1,1,1,1,0,1,1,1,1,1,1,
57,1280,56,48,54,51,50,45,51,55,45,51,52,51,50,55,54,50,50,51,49,54,54,53,48,52,51,1,1,1,1,1,1,1,1,1,1,1,1,0,1,1,1,1,1,1,1,1,1,1,1,1,
58,1303,57,49,55,52,51,45,52,56,46,52,53,52,50,56,55,51,51,52,50,55,55,54,49,53,52,1,1,1,1,1,0,1,1,1,1,1,1,0,1,1,1,1,1,1,1,1,1,1,1,1,
59,1326,58,50,56,53,52,45,53,57,47,53,54,53,50,57,56,52,52,53,51,56,56,55,50,54,53,1,1,1,1,1,1,1,1,1,1,1,1,0,1,1,1,1,1,1,1,1,1,1,1,1,
60,1350,59,51,57,54,53,46,54,58,48,54,55,54,50,58,57,53,53,54,52,57,57,56,51,55,54,1,1,1,1,1,1,1,1,1,1,1,1,1,1,1,1,1,1,1,1,1,1,1,1,1,
61,1375,60,52,58,55,54,47,55,59,49,55,56,55,51,59,58,54,54,55,53,58,58,57,52,56,55,1,1,1,1,1,1,1,1,1,1,1,1,1,1,1,1,1,1,1,1,1,1,1,1,1,
62,1400,61,53,59,56,55,48,56,60,50,56,57,56,52,60,59,55,55,56,54,59,59,58,53,57,56,1,1,1,1,1,1,1,1,1,1,1,1,1,1,1,1,1,1,1,1,1,1,1,1,1,
63,1425,62,54,60,57,56,49,57,61,51,57,58,57,53,61,60,56,56,57,55,60,60,59,54,58,57,1,1,1,1,1,1,1,1,1,1,1,1,1,1,1,1,1,1,1,1,1,1,1,1,1,
64,1450,63,55,61,58,57,50,58,62,52,58,59,58,54,62,61,57,57,58,56,61,61,60,55,59,58,1,1,1,1,1,1,1,1,1,1,1,1,1,1,1,1,1,1,1,1,1,1,1,1,1,
65,1475,64,56,62,59,58,51,59,63,53,59,60,59,55,63,62,58,58,59,57,62,62,61,56,60,59,1,1,1,1,1,1,1,1,1,1,1,1,1,1,1,1,1,1,1,1,1,1,1,1,1,
66,1499,65,57,63,60,59,52,60,64,54,59,61,60,56,64,63,59,59,60,58,63,63,62,57,61,60,1,1,1,1,1,1,1,1,1,0,1,1,1,1,1,1,1,1,1,1,1,1,1,1,1,
67,1524,66,58,64,61,60,53,61,65,55,60,62,61,57,65,64,60,60,61,59,64,64,63,58,62,61,1,1,1,1,1,1,1,1,1,1,1,1,1,1,1,1,1,1,1,1,1,1,1,1,1,
68,1548,67,59,65,62,61,54,61,66,56,61,63,62,58,66,65,61,61,62,60,65,65,64,59,63,62,1,1,1,1,1,1,0,1,1,1,1,1,1,1,1,1,1,1,1,1,1,1,1,1,1,
69,1572,68,60,66,63,62,55,61,67,57,62,64,63,59,67,66,62,62,63,61,66,66,65,60,64,63,1,1,1,1,1,1,0,1,1,1,1,1,1,1,1,1,1,1,1,1,1,1,1,1,1,
70,1596,69,61,67,64,63,56,61,68,58,63,65,64,60,68,67,63,63,64,62,67,67,66,61,65,64,1,1,1,1,1,1,0,1,1,1,1,1,1,1,1,1,1,1,1,1,1,1,1,1,1,
71,1621,70,62,68,65,64,57,62,69,59,64,66,65,61,69,68,64,64,65,63,68,68,67,62,66,65,1,1,1,1,1,1,1,1,1,1,1,1,1,1,1,1,1,1,1,1,1,1,1,1,1,
72,1646,71,63,69,66,65,58,63,70,60,65,67,66,62,70,69,65,65,66,64,69,69,68,63,67,66,1,1,1,1,1,1,1,1,1,1,1,1,1,1,1,1,1,1,1,1,1,1,1,1,1,
73,1671,72,64,70,67,66,59,64,71,61,66,68,67,63,71,70,66,66,67,65,70,70,69,64,68,67,1,1,1,1,1,1,1,1,1,1,1,1,1,1,1,1,1,1,1,1,1,1,1,1,1,
74,1696,73,65,71,68,67,60,65,72,62,67,69,68,64,72,71,67,67,68,66,71,71,70,65,69,68,1,1,1,1,1,1,1,1,1,1,1,1,1,1,1,1,1,1,1,1,1,1,1,1,1,
75,1721,74,66,72,69,68,61,66,73,63,68,70,69,65,73,72,68,68,69,67,72,72,71,66,70,69,1,1,1,1,1,1,1,1,1,1,1,1,1,1,1,1,1,1,1,1,1,1,1,1,1,
76,1746,75,67,73,70,69,62,67,74,64,69,71,70,66,74,73,69,69,70,68,73,73,72,67,71,70,1,1,1,1,1,1,1,1,1,1,1,1,1,1,1,1,1,1,1,1,1,1,1,1,1,
77,1771,76,68,74,71,70,63,68,75,65,70,72,71,67,75,74,70,70,71,69,74,74,73,68,72,71,1,1,1,1,1,1,1,1,1,1,1,1,1,1,1,1,1,1,1,1,1,1,1,1,1,
78,1796,77,69,75,72,71,64,69,76,66,71,73,72,68,76,75,71,71,72,70,75,75,74,69,73,72,1,1,1,1,1,1,1,1,1,1,1,1,1,1,1,1,1,1,1,1,1,1,1,1,1,
79,1821,78,70,76,73,72,65,70,77,67,72,74,73,69,77,76,72,72,73,71,76,76,75,70,74,73,1,1,1,1,1,1,1,1,1,1,1,1,1,1,1,1,1,1,1,1,1,1,1,1,1,
80,1846,79,71,77,74,73,66,71,78,68,73,75,74,70,78,77,73,73,74,72,77,77,76,71,75,74,1,1,1,1,1,1,1,1,1,1,1,1,1,1,1,1,1,1,1,1,1,1,1,1,1,
81,1871,80,72,78,75,74,67,72,79,69,74,76,75,71,79,78,74,74,75,73,78,78,77,72,76,75,1,1,1,1,1,1,1,1,1,1,1,1,1,1,1,1,1,1,1,1,1,1,1,1,1,
82,1896,81,73,79,76,75,68,73,80,70,75,77,76,72,80,79,75,75,76,74,79,79,78,73,77,76,1,1,1,1,1,1,1,1,1,1,1,1,1,1,1,1,1,1,1,1,1,1,1,1,1,
83,1921,82,74,80,77,76,69,74,81,71,76,78,77,73,81,80,76,76,77,75,80,80,79,74,78,77,1,1,1,1,1,1,1,1,1,1,1,1,1,1,1,1,1,1,1,1,1,1,1,1,1,
84,1946,83,75,81,78,77,70,75,82,72,77,79,78,74,82,81,77,77,78,76,81,81,80,75,79,78,1,1,1,1,1,1,1,1,1,1,1,1,1,1,1,1,1,1,1,1,1,1,1,1,1,
85,1971,84,76,82,79,78,71,76,83,73,78,80,79,75,83,82,78,78,79,77,82,82,81,76,80,79,1,1,1,1,1,1,1,1,1,1,1,1,1,1,1,1,1,1,1,1,1,1,1,1,1,
86,1996,85,77,83,80,79,72,77,84,74,79,81,80,76,84,83,79,79,80,78,83,83,82,77,81,80,1,1,1,1,1,1,1,1,1,1,1,1,1,1,1,1,1,1,1,1,1,1,1,1,1,
87,2021,86,78,84,81,80,73,78,85,75,80,82,81,77,85,84,80,80,81,79,84,84,83,78,82,81,1,1,1,1,1,1,1,1,1,1,1,1,1,1,1,1,1,1,1,1,1,1,1,1,1,
88,2046,87,79,85,82,81,74,79,86,76,81,83,82,78,86,85,81,81,82,80,85,85,84,79,83,82,1,1,1,1,1,1,1,1,1,1,1,1,1,1,1,1,1,1,1,1,1,1,1,1,1,
89,2071,88,80,86,83,82,75,80,87,77,82,84,83,79,87,86,82,82,83,81,86,86,85,80,84,83,1,1,1,1,1,1,1,1,1,1,1,1,1,1,1,1,1,1,1,1,1,1,1,1,1,
90,2096,89,81,87,84,83,76,81,88,78,83,85,84,80,88,87,83,83,84,82,87,87,86,81,85,84,1,1,1,1,1,1,1,1,1,1,1,1,1,1,1,1,1,1,1,1,1,1,1,1,1,
91,2121,90,82,88,85,84,77,82,89,79,84,86,85,81,89,88,84,84,85,83,88,88,87,82,86,85,1,1,1,1,1,1,1,1,1,1,1,1,1,1,1,1,1,1,1,1,1,1,1,1,1,
92,2146,91,83,89,86,85,78,83,90,80,85,87,86,82,90,89,85,85,86,84,89,89,88,83,87,86,1,1,1,1,1,1,1,1,1,1,1,1,1,1,1,1,1,1,1,1,1,1,1,1,1,
93,2171,92,84,90,87,86,79,84,91,81,86,88,87,83,91,90,86,86,87,85,90,90,89,84,88,87,1,1,1,1,1,1,1,1,1,1,1,1,1,1,1,1,1,1,1,1,1,1,1,1,1,
94,2196,93,85,91,88,87,80,85,92,82,87,89,88,84,92,91,87,87,88,86,91,91,90,85,89,88,1,1,1,1,1,1,1,1,1,1,1,1,1,1,1,1,1,1,1,1,1,1,1,1,1,
95,2221,94,86,92,89,88,81,86,93,83,88,90,89,85,93,92,88,88,89,87,92,92,91,86,90,89,1,1,1,1,1,1,1,1,1,1,1,1,1,1,1,1,1,1,1,1,1,1,1,1,1,
96,2246,95,87,93,90,89,82,87,94,84,89,91,90,86,94,93,89,89,90,88,93,93,92,87,91,90,1,1,1,1,1,1,1,1,1,1,1,1,1,1,1,1,1,1,1,1,1,1,1,1,1,
97,2271,96,88,94,91,90,83,88,95,85,90,92,91,87,95,94,90,90,91,89,94,94,93,88,92,91,1,1,1,1,1,1,1,1,1,1,1,1,1,1,1,1,1,1,1,1,1,1,1,1,1,
98,2296,97,89,95,92,91,84,89,96,86,91,93,92,88,96,95,91,91,92,90,95,95,94,89,93,92,1,1,1,1,1,1,1,1,1,1,1,1,1,1,1,1,1,1,1,1,1,1,1,1,1,
99,2321,98,90,96,93,92,85,90,97,87,92,94,93,89,97,96,92,92,93,91,96,96,95,90,94,93,1,1,1,1,1,1,1,1,1,1,1,1,1,1,1,1,1,1,1,1,1,1,1,1,1,
100,2346,99,91,97,94,93,86,91,98,88,93,95,94,90,98,97,93,93,94,92,97,97,96,91,95,94,1,1,1,1,1,1,1,1,1,1,1,1,1,1,1,1,1,1,1,1,1,1,1,1,1,
101,2371,100,92,98,95,94,87,92,99,89,94,96,95,91,99,98,94,94,95,93,98,98,97,92,96,95,1,1,1,1,1,1,1,1,1,1,1,1,1,1,1,1,1,1,1,1,1,1,1,1,1,
102,2396,101,93,99,96,95,88,93,100,90,95,97,96,92,100,99,95,95,96,94,99,99,98,93,97,96,1,1,1,1,1,1,1,1,1,1,1,1,1,1,1,1,1,1,1,1,1,1,1,1,1,
103,2420,102,94,100,97,96,89,94,101,91,96,98,97,93,101,100,96,95,97,95,100,100,99,94,98,97,1,1,1,1,1,1,1,1,1,1,1,1,1,1,1,1,1,1,1,1,1,1,1,1,1,
104,2443,103,95,101,98,97,90,94,102,92,97,99,98,94,102,101,97,96,97,96,101,101,100,95,99,98,1,1,1,1,1,1,1,1,1,1,1,1,1,1,1,1,1,0,1,1,1,1,1,1,1,
105,2466,104,96,102,99,98,91,95,103,93,98,100,99,95,103,102,98,97,97,97,102,102,101,96,99,99,1,1,1,1,1,1,1,1,1,1,1,1,1,1,1,1,1,1,1,1,1,1,1,1,1,
106,2490,105,97,103,100,99,92,96,104,94,98,101,100,96,104,103,99,98,98,98,103,103,102,97,100,100,1,1,1,1,1,1,1,1,1,1,1,1,1,1,1,1,1,1,1,1,1,1,1,1,1,
107,2515,106,98,104,101,100,93,97,105,95,99,102,101,97,105,104,100,99,99,99,104,104,103,98,101,101,1,1,1,1,1,1,1,1,1,1,1,1,1,1,1,1,1,1,1,1,1,1,1,1,1,
108,2540,107,99,105,102,101,94,98,106,96,100,103,102,98,106,105,101,100,100,100,105,105,104,99,102,102,1,1,1,1,1,1,1,1,1,1,1,1,1,1,1,1,1,1,1,1,1,1,1,1,1,
109,2563,108,100,106,103,102,95,99,107,97,101,104,103,99,107,106,102,100,100,101,106,106,105,100,103,103,1,1,1,1,1,1,1,1,1,1,1,1,1,1,1,1,0,0,1,1,1,1,1,1,1,
110,2586,109,101,107,104,103,96,100,108,98,102,105,104,100,108,107,103,100,100,102,107,107,106,101,104,104,1,1,1,1,1,1,1,1,1,1,1,1,1,1,1,1,0,0,1,1,1,1,1,1,1,
111,2609,110,102,108,105,104,97,101,109,99,103,106,105,101,109,108,104,100,100,103,108,108,107,102,105,105,1,1,1,1,1,1,1,1,1,1,1,1,1,1,1,1,0,0,1,1,1,1,1,1,1,
112,2632,111,103,109,106,105,98,102,110,100,104,107,106,102,110,109,105,100,100,104,109,109,108,103,106,106,1,1,1,1,1,1,1,1,1,1,1,1,1,1,1,1,1,0,1,1,1,1,1,1,1,
113,2656,112,104,110,107,106,99,103,111,101,105,108,107,103,111,110,106,101,100,105,110,110,109,104,107,107,1,1,1,1,1,1,1,1,1,1,1,1,1,1,1,1,1,0,1,1,1,1,1,1,1,
114,2680,113,105,111,108,107,100,104,112,102,106,109,108,104,112,111,107,102,100,106,111,111,110,105,108,108,1,1,1,1,1,1,1,1,1,1,1,1,1,1,1,1,1,0,1,1,1,1,1,1,1,
115,2702,114,106,112,109,107,101,105,113,103,106,110,109,105,113,112,108,103,100,107,112,112,111,106,109,109,1,1,1,1,0,1,1,1,1,1,1,1,1,1,1,1,1,1,1,1,1,1,1,1,1,
116,2725,115,107,113,110,107,102,106,114,104,107,111,110,106,114,113,109,103,101,108,113,113,112,107,110,110,1,1,1,1,1,1,1,1,1,1,1,1,1,1,1,1,1,1,1,1,1,1,1,1,1,
117,2750,116,108,114,111,108,103,107,115,105,108,112,111,107,115,114,110,104,102,109,114,114,113,108,111,111,1,1,1,1,1,1,1,1,1,1,1,1,1,1,1,1,1,1,1,1,1,1,1,1,1,
118,2775,117,109,115,112,109,104,108,116,106,109,113,112,108,116,115,111,105,103,110,115,115,114,109,112,112,1,1,1,1,1,1,1,1,1,1,1,1,1,1,1,1,1,1,1,1,1,1,1,1,1,
119,2798,118,110,116,113,109,105,109,117,107,110,114,113,109,117,116,112,105,104,111,116,116,115,110,113,113,1,1,1,1,1,1,1,1,1,1,1,1,1,1,1,1,0,1,1,1,1,1,1,1,1,
120,2822,119,111,117,114,110,106,110,118,108,111,115,114,110,118,117,113,105,105,112,117,117,116,111,114,114,1,1,1,1,1,1,1,1,1,1,1,1,1,1,1,1,1,1,1,1,1,1,1,1,1,
121,2847,120,112,118,115,111,107,111,119,109,112,116,115,111,119,118,114,106,106,113,118,118,117,112,115,115,1,1,1,1,1,1,1,1,1,1,1,1,1,1,1,1,1,1,1,1,1,1,1,1,1,
122,2871,121,113,119,116,111,108,112,120,110,113,117,116,112,120,119,115,107,107,114,119,119,118,113,116,116,1,1,1,1,0,1,1,1,1,1,1,1,1,1,1,1,1,1,1,1,1,1,1,1,1,
123,2895,122,114,120,117,111,109,113,121,111,114,118,117,113,121,120,116,108,108,115,120,120,119,114,117,117,1,1,1,1,1,1,1,1,1,1,1,1,1,1,1,1,1,1,1,1,1,1,1,1,1,
124,2920,123,115,121,118,112,110,114,122,112,115,119,118,114,122,121,117,109,109,116,121,121,120,115,118,118,1,1,1,1,1,1,1,1,1,1,1,1,1,1,1,1,1,1,1,1,1,1,1,1,1,
125,2945,124,116,122,119,113,111,115,123,113,116,120,119,115,123,122,118,110,110,117,122,122,121,116,119,119,1,1,1,1,1,1,1,1,1,1,1,1,1,1,1,1,1,1,1,1,1,1,1,1,1,
126,2970,125,117,123,120,114,112,116,124,114,117,121,120,116,124,123,119,111,111,118,123,123,122,117,120,120,1,1,1,1,1,1,1,1,1,1,1,1,1,1,1,1,1,1,1,1,1,1,1,1,1,
127,2995,126,118,124,121,115,113,117,125,115,118,122,121,117,125,124,120,112,112,119,124,124,123,118,121,121,1,1,1,1,1,1,1,1,1,1,1,1,1,1,1,1,1,1,1,1,1,1,1,1,1,
128,3020,127,119,125,122,116,114,118,126,116,119,123,122,118,126,125,121,113,113,120,125,125,124,119,122,122,1,1,1,1,1,1,1,1,1,1,1,1,1,1,1,1,1,1,1,1,1,1,1,1,1,
129,3045,128,120,126,123,117,115,119,127,117,120,124,123,119,127,126,122,114,114,121,126,126,125,120,123,123,1,1,1,1,1,1,1,1,1,1,1,1,1,1,1,1,1,1,1,1,1,1,1,1,1,
130,3070,129,121,127,124,118,116,120,128,118,121,125,124,120,128,127,123,115,115,122,127,127,126,121,124,124,1,1,1,1,1,1,1,1,1,1,1,1,1,1,1,1,1,1,1,1,1,1,1,1,1,
131,3095,130,122,128,125,119,117,121,129,119,122,126,125,121,129,128,124,116,116,123,128,128,127,122,125,125,1,1,1,1,1,1,1,1,1,1,1,1,1,1,1,1,1,1,1,1,1,1,1,1,1,
132,3120,131,123,129,126,120,118,122,130,120,123,127,126,122,130,129,125,117,117,124,129,129,128,123,126,126,1,1,1,1,1,1,1,1,1,1,1,1,1,1,1,1,1,1,1,1,1,1,1,1,1,
133,3144,132,124,130,127,121,119,123,131,121,124,128,127,123,131,130,126,118,118,124,130,130,129,124,127,127,1,1,1,1,1,1,1,1,1,1,1,1,1,1,1,1,1,1,1,1,1,1,1,1,1,
134,3169,133,125,131,128,122,120,124,132,122,125,129,128,124,132,131,127,119,119,125,131,131,130,125,128,128,1,1,1,1,1,1,1,1,1,1,1,1,1,1,1,1,1,1,1,1,1,1,1,1,1,
135,3194,134,126,132,129,123,121,125,133,123,126,130,129,125,133,132,128,120,120,126,132,132,131,126,129,129,1,1,1,1,1,1,1,1,1,1,1,1,1,1,1,1,1,1,1,1,1,1,1,1,1,
136,3219,135,127,133,130,124,122,126,134,124,127,131,130,126,134,133,129,121,121,127,133,133,132,127,130,130,1,1,1,1,1,1,1,1,1,1,1,1,1,1,1,1,1,1,1,1,1,1,1,1,1,
137,3244,136,128,134,131,125,123,127,135,125,128,132,131,127,135,134,130,122,122,128,134,134,133,128,131,131,1,1,1,1,1,1,1,1,1,1,1,1,1,1,1,1,1,1,1,1,1,1,1,1,1,
138,3269,137,129,135,132,126,124,128,136,126,129,133,132,128,136,135,131,123,123,129,135,135,134,129,132,132,1,1,1,1,1,1,1,1,1,1,1,1,1,1,1,1,1,1,1,1,1,1,1,1,1,
139,3293,138,130,136,133,127,125,129,137,127,130,134,133,128,137,136,132,124,124,130,136,136,135,130,133,133,1,1,1,1,1,1,1,1,1,1,1,1,1,1,1,1,1,1,1,1,1,1,1,1,1,
140,3318,139,131,137,134,128,126,130,138,128,131,135,134,129,138,137,133,125,125,131,137,137,136,131,134,134,1,1,1,1,1,1,1,1,1,1,1,1,1,1,1,1,1,1,1,1,1,1,1,1,1,
141,3343,140,132,138,135,129,127,131,139,129,132,136,135,130,139,138,134,126,126,132,138,138,137,132,135,135,1,1,1,1,1,1,1,1,1,1,1,1,1,1,1,1,1,1,1,1,1,1,1,1,1,
142,3368,141,133,139,136,130,128,132,140,130,133,137,136,131,140,139,135,127,127,133,139,139,138,133,136,136,1,1,1,1,1,1,1,1,1,1,1,1,1,1,1,1,1,1,1,1,1,1,1,1,1,
143,3393,142,134,140,137,131,129,133,141,131,134,138,137,132,141,140,136,128,128,134,140,140,139,134,137,137,1,1,1,1,1,1,1,1,1,1,1,1,1,1,1,1,1,1,1,1,1,1,1,1,1,
144,3418,143,135,141,138,132,130,134,142,132,135,139,138,133,142,141,137,129,129,135,141,141,140,135,138,138,1,1,1,1,1,1,1,1,1,1,1,1,1,1,1,1,1,1,1,1,1,1,1,1,1,
145,3443,144,136,142,139,133,131,135,143,133,136,140,139,134,143,142,138,130,130,136,142,142,141,136,139,139,1,1,1,1,1,1,1,1,1,1,1,1,1,1,1,1,1,1,1,1,1,1,1,1,1,
146,3468,145,137,143,140,134,132,136,144,134,137,141,140,135,144,143,139,131,131,137,143,143,142,137,140,140,1,1,1,1,1,1,1,1,1,1,1,1,1,1,1,1,1,1,1,1,1,1,1,1,1,
147,3493,146,138,144,141,135,133,137,145,135,138,142,141,136,145,144,140,132,132,138,144,144,143,138,141,141,1,1,1,1,1,1,1,1,1,1,1,1,1,1,1,1,1,1,1,1,1,1,1,1,1,
148,3518,147,139,145,142,136,134,138,146,136,139,143,142,137,146,145,141,133,133,139,145,145,144,139,142,142,1,1,1,1,1,1,1,1,1,1,1,1,1,1,1,1,1,1,1,1,1,1,1,1,1,
149,3543,148,140,146,143,137,135,139,147,137,140,144,143,138,147,146,142,134,134,140,146,146,145,140,143,143,1,1,1,1,1,1,1,1,1,1,1,1,1,1,1,1,1,1,1,1,1,1,1,1,1,
150,3568,149,141,147,144,138,136,140,148,138,141,145,144,139,148,147,143,135,135,141,147,147,146,141,144,144,1,1,1,1,1,1,1,1,1,1,1,1,1,1,1,1,1,1,1,1,1,1,1,1,1,
151,3593,150,142,148,145,139,137,141,149,139,142,146,145,140,149,148,144,136,136,142,148,148,147,142,145,145,1,1,1,1,1,1,1,1,1,1,1,1,1,1,1,1,1,1,1,1,1,1,1,1,1,
152,3618,151,143,149,146,140,138,142,150,140,143,147,146,141,150,149,145,137,137,143,149,149,148,143,146,146,1,1,1,1,1,1,1,1,1,1,1,1,1,1,1,1,1,1,1,1,1,1,1,1,1,
153,3643,152,144,150,147,141,139,143,151,141,144,148,147,142,151,150,146,138,138,144,150,150,149,144,147,147,1,1,1,1,1,1,1,1,1,1,1,1,1,1,1,1,1,1,1,1,1,1,1,1,1,
154,3668,153,145,151,148,142,140,144,152,142,145,149,148,143,152,151,147,139,139,145,151,151,150,145,148,148,1,1,1,1,1,1,1,1,1,1,1,1,1,1,1,1,1,1,1,1,1,1,1,1,1,
155,3693,154,146,152,149,143,141,145,153,143,146,150,149,144,153,152,148,140,140,146,152,152,151,146,149,149,1,1,1,1,1,1,1,1,1,1,1,1,1,1,1,1,1,1,1,1,1,1,1,1,1,
156,3718,155,147,153,150,144,142,146,154,144,147,151,150,145,154,153,149,141,141,147,153,153,152,147,150,150,1,1,1,1,1,1,1,1,1,1,1,1,1,1,1,1,1,1,1,1,1,1,1,1,1,
157,3743,156,148,154,151,145,143,147,155,145,148,152,151,146,155,154,150,142,142,148,154,154,153,148,151,151,1,1,1,1,1,1,1,1,1,1,1,1,1,1,1,1,1,1,1,1,1,1,1,1,1,
158,3768,157,149,155,152,146,144,148,156,146,149,153,152,147,156,155,151,143,143,149,155,155,154,149,152,152,1,1,1,1,1,1,1,1,1,1,1,1,1,1,1,1,1,1,1,1,1,1,1,1,1,
159,3792,158,150,156,153,147,144,149,157,147,150,154,153,148,157,156,152,144,144,150,156,156,155,150,153,153,1,1,1,1,1,1,1,1,1,1,1,1,1,1,1,1,1,1,1,1,1,1,1,1,1,
160,3817,159,151,157,154,148,145,150,158,148,151,155,154,149,158,157,153,145,145,151,157,157,156,151,154,154,1,1,1,1,1,1,1,1,1,1,1,1,1,1,1,1,1,1,1,1,1,1,1,1,1,
161,3842,160,152,158,155,149,146,151,159,149,152,156,155,150,159,158,154,146,146,152,158,158,157,152,155,155,1,1,1,1,1,1,1,1,1,1,1,1,1,1,1,1,1,1,1,1,1,1,1,1,1,
162,3867,161,153,159,156,150,147,152,160,150,153,157,156,151,160,159,155,147,147,153,159,159,158,153,156,156,1,1,1,1,1,1,1,1,1,1,1,1,1,1,1,1,1,1,1,1,1,1,1,1,1,
163,3891,162,154,160,157,151,147,153,161,151,154,158,157,152,161,160,156,148,148,154,160,160,159,154,157,157,1,1,1,1,1,1,1,1,1,1,1,1,1,1,1,1,1,1,1,1,1,1,1,1,1,
164,3915,163,155,161,158,152,148,154,162,152,155,159,158,153,162,161,157,149,149,155,161,161,160,154,158,158,1,1,1,1,1,1,1,1,1,1,1,1,1,1,1,1,1,1,1,1,1,1,1,1,1,
165,3940,164,156,162,159,153,149,155,163,153,156,160,159,154,163,162,158,150,150,156,162,162,161,155,159,159,1,1,1,1,1,1,1,1,1,1,1,1,1,1,1,1,1,1,1,1,1,1,1,1,1,
166,3964,165,157,163,160,154,149,156,164,154,157,161,160,155,164,163,159,151,151,157,163,163,162,156,160,160,1,1,1,1,1,1,1,1,1,1,1,1,1,1,1,1,1,1,1,1,1,1,1,1,1,
167,3988,166,158,164,161,155,150,157,165,155,158,162,161,156,165,164,160,152,152,158,164,164,163,156,161,161,1,1,1,1,1,1,1,1,1,1,1,1,1,1,1,1,1,1,1,1,1,1,1,1,1,
168,4013,167,159,165,162,156,151,158,166,156,159,163,162,157,166,165,161,153,153,159,165,165,164,157,162,162,1,1,1,1,1,1,1,1,1,1,1,1,1,1,1,1,1,1,1,1,1,1,1,1,1,
169,4038,168,160,166,163,157,152,159,167,157,160,164,163,158,167,166,162,154,154,160,166,166,165,158,163,163,1,1,1,1,1,1,1,1,1,1,1,1,1,1,1,1,1,1,1,1,1,1,1,1,1,
170,4062,169,161,167,164,158,153,160,168,158,161,165,164,159,168,167,163,155,155,161,167,167,166,158,164,164,1,1,1,1,1,1,1,1,1,1,1,1,1,1,1,1,1,1,1,1,1,1,1,1,1,
171,4087,170,162,168,165,159,154,161,169,159,162,166,165,160,169,168,164,156,156,162,168,168,167,159,165,165,1,1,1,1,1,1,1,1,1,1,1,1,1,1,1,1,1,1,1,1,1,1,1,1,1,
172,4112,171,163,169,166,160,155,162,170,160,163,167,166,161,170,169,165,157,157,163,169,169,168,160,166,166,1,1,1,1,1,1,1,1,1,1,1,1,1,1,1,1,1,1,1,1,1,1,1,1,1,
173,4137,172,164,170,167,161,156,163,171,161,164,168,167,162,171,170,166,158,158,164,170,170,169,161,167,167,1,1,1,1,1,1,1,1,1,1,1,1,1,1,1,1,1,1,1,1,1,1,1,1,1,
174,4161,173,165,171,168,162,157,164,172,162,165,169,168,163,172,171,167,159,159,164,171,171,170,162,168,168,1,1,1,1,1,1,1,1,1,1,1,1,1,1,1,1,1,1,1,1,1,1,1,1,1,
175,4185,174,166,172,169,163,158,164,173,163,166,170,169,164,173,172,168,160,160,165,172,172,171,163,169,169,1,1,1,1,1,1,1,1,1,1,1,1,1,1,1,1,1,1,1,1,1,1,1,1,1,
176,4210,175,167,173,170,164,159,165,174,164,167,171,170,165,174,173,169,161,161,166,173,173,172,164,170,170,1,1,1,1,1,1,1,1,1,1,1,1,1,1,1,1,1,1,1,1,1,1,1,1,1,
177,4235,176,168,174,171,165,160,166,175,165,168,172,171,166,175,174,170,162,162,167,174,174,173,165,171,171,1,1,1,1,1,1,1,1,1,1,1,1,1,1,1,1,1,1,1,1,1,1,1,1,1,
178,4259,177,169,175,172,166,161,167,176,166,169,173,172,167,176,175,171,163,163,167,175,175,174,166,172,172,1,1,1,1,1,1,1,1,1,1,1,1,1,1,1,1,1,1,0,1,1,1,1,1,1,
179,4283,178,170,176,173,167,162,168,177,167,170,174,173,168,177,176,172,164,164,167,176,176,175,167,173,173,1,1,1,1,1,1,1,1,1,1,1,1,1,1,1,1,1,1,0,1,1,1,1,1,1,
180,4307,179,171,177,174,168,163,169,178,168,171,175,174,169,178,177,173,165,165,167,177,177,176,168,174,174,1,1,1,1,1,1,1,1,1,1,1,1,1,1,1,1,1,1,1,1,1,1,1,1,1,
181,4332,180,172,178,175,169,164,170,179,169,172,176,175,170,179,178,174,166,166,168,178,178,177,169,175,175,1,1,1,1,1,1,1,1,1,1,1,1,1,1,1,1,1,1,1,1,1,1,1,1,1,
182,4356,181,173,179,176,170,165,170,180,170,173,177,176,171,180,179,175,167,167,169,179,179,178,170,176,176,1,1,1,1,1,1,1,1,1,1,1,1,1,1,1,1,1,1,1,1,1,1,1,1,1,
183,4381,182,174,180,177,171,166,171,181,171,174,178,177,172,181,180,176,168,168,170,180,180,179,171,177,177,1,1,1,1,1,1,1,1,1,1,1,1,1,1,1,1,1,1,1,1,1,1,1,1,1,
184,4406,183,175,181,178,172,167,172,182,172,175,179,178,173,182,181,177,169,169,171,181,181,180,172,178,178,1,1,1,1,1,1,1,1,1,1,1,1,1,1,1,1,1,1,1,1,1,1,1,1,1,
185,4431,184,176,182,179,173,168,173,183,173,176,180,179,174,183,182,178,170,170,172,182,182,181,173,179,179,1,1,1,1,1,1,1,1,1,1,1,1,1,1,1,1,1,1,1,1,1,1,1,1,1,
186,4456,185,177,183,180,174,169,174,184,174,177,181,180,175,184,183,179,171,171,173,183,183,182,174,180,180,1,1,1,1,1,1,1,1,1,1,1,1,1,1,1,1,1,1,1,1,1,1,1,1,1,
187,4481,186,178,184,181,175,170,175,185,175,178,182,181,176,185,184,180,172,172,174,184,184,183,175,181,181,1,1,1,1,1,1,1,1,1,1,1,1,1,1,1,1,1,1,1,1,1,1,1,1,1,
188,4506,187,179,185,182,176,171,176,186,176,179,183,182,177,186,185,181,173,173,175,185,185,184,176,182,182,1,1,1,1,1,1,1,1,1,1,1,1,1,1,1,1,1,1,1,1,1,1,1,1,1,
Completed in 188 rounds.
Completed in 64.2158 ms
