ROUND,TASKS COMPLETED,worker0 tasks,worker1 tasks,worker2 tasks,worker3 tasks,worker4 tasks,worker0 running,worker1 running,worker2 running,worker3 running,worker4 running,
1,0,0,0,0,0,0,1,1,0,0,0,
2,2,1,1,0,0,0,1,1,0,0,1,
3,5,2,2,0,0,1,1,1,0,1,1,
4,9,3,3,0,1,2,1,1,1,1,1,
5,14,4,4,1,2,3,1,1,1,1,1,
6,19,5,5,2,3,4,1,1,1,1,1,
7,24,6,6,3,4,5,1,1,1,1,1,
8,29,7,7,4,5,6,1,1,1,1,1,
9,34,8,8,5,6,7,1,1,1,1,1,
10,39,9,9,6,7,8,1,1,1,1,1,
11,44,10,10,7,8,9,1,1,1,1,1,
12,49,11,11,8,9,10,1,1,1,1,1,
13,54,12,12,9,10,11,1,1,1,1,1,
14,59,13,13,10,11,12,1,1,1,1,1,
15,64,14,14,11,12,13,1,1,1,1,1,
16,69,15,15,12,13,14,1,1,1,1,1,
17,74,16,16,13,14,15,1,1,1,1,1,
18,79,17,17,14,15,16,1,1,1,1,1,
19,84,18,18,15,16,17,1,1,1,1,1,
20,89,19,19,16,17,18,1,1,1,1,1,
21,94,20,20,17,18,19,1,1,1,1,1,
22,99,21,21,18,19,20,1,1,1,1,1,
23,104,22,22,19,20,21,1,1,1,1,1,
24,109,23,23,20,21,22,1,1,1,1,1,
25,114,24,24,21,22,23,1,1,1,1,1,
26,119,25,25,22,23,24,1,1,1,1,1,
27,124,26,26,23,24,25,1,1,1,1,1,
28,129,27,27,24,25,26,1,1,1,1,1,
29,134,28,28,25,26,27,1,1,1,1,1,
30,139,29,29,26,27,28,1,1,1,1,1,
31,144,30,30,27,28,29,1,1,1,1,1,
32,149,31,31,28,29,30,1,1,1,1,1,
33,154,32,32,29,30,31,1,1,1,1,1,
34,159,33,33,30,31,32,1,1,1,1,1,
35,164,34,34,31,32,33,1,1,1,1,1,
36,169,35,35,32,33,34,1,1,1,1,1,
37,174,36,36,33,34,35,1,1,1,1,1,
38,179,37,37,34,35,36,1,1,1,1,1,
39,184,38,38,35,36,37,1,1,1,1,1,
40,189,39,39,36,37,38,1,1,1,1,1,
41,194,40,40,37,38,39,1,1,1,1,1,
42,199,41,41,38,39,40,1,1,1,1,1,
43,204,42,42,39,40,41,1,1,1,1,1,
44,209,43,43,40,41,42,1,1,1,1,1,
45,214,44,44,41,42,43,1,1,1,1,1,
46,219,45,45,42,43,44,1,1,1,1,1,
47,224,46,46,43,44,45,1,1,1,1,1,
48,229,47,47,44,45,46,1,1,1,1,1,
49,234,48,48,45,46,47,1,1,1,1,1,
50,239,49,49,46,47,48,1,1,1,1,1,
51,244,50,50,47,48,49,1,1,1,1,1,
52,249,51,51,48,49,50,1,1,1,1,1,
53,254,52,52,49,50,51,1,1,1,1,1,
54,259,53,53,50,51,52,1,1,1,1,1,
55,264,54,54,51,52,53,1,1,1,1,1,
56,269,55,55,52,53,54,1,1,1,1,1,
57,274,56,56,53,54,55,1,1,1,1,1,
58,279,57,57,54,55,56,1,1,1,1,1,
59,284,58,58,55,56,57,1,1,1,1,1,
60,289,59,59,56,57,58,1,1,1,1,1,
61,294,60,60,57,58,59,1,1,1,1,1,
62,299,61,61,58,59,60,1,1,1,1,1,
63,304,62,62,59,60,61,1,1,1,1,1,
64,309,63,63,60,61,62,1,1,1,1,1,
65,314,64,64,61,62,63,1,1,1,1,1,
66,319,65,65,62,63,64,1,1,1,1,1,
67,324,66,66,63,64,65,1,1,1,1,1,
68,329,67,67,64,65,66,1,1,1,1,1,
69,334,68,68,65,66,67,1,1,1,1,1,
70,339,69,69,66,67,68,1,1,1,1,1,
71,344,70,70,67,68,69,1,1,1,1,1,
72,349,71,71,68,69,70,1,1,1,1,1,
73,354,72,72,69,70,71,1,1,1,1,1,
74,359,73,73,70,71,72,1,1,1,1,1,
75,364,74,74,71,72,73,1,1,1,1,1,
76,369,75,75,72,73,74,1,1,1,1,1,
77,374,76,76,73,74,75,1,1,1,1,1,
78,379,77,77,74,75,76,1,1,1,1,1,
79,384,78,78,75,76,77,1,1,1,1,1,
80,389,79,79,76,77,78,1,1,1,1,1,
81,394,80,80,77,78,79,1,1,1,1,1,
82,399,81,81,78,79,80,1,1,1,1,1,
83,404,82,82,79,80,81,1,1,1,1,1,
84,409,83,83,80,81,82,1,1,1,1,1,
85,414,84,84,81,82,83,1,1,1,1,1,
86,419,85,85,82,83,84,1,1,1,1,1,
87,424,86,86,83,84,85,1,1,1,1,1,
88,429,87,87,84,85,86,1,1,1,1,1,
89,434,88,88,85,86,87,1,1,1,1,1,
90,439,89,89,86,87,88,1,1,1,1,1,
91,444,90,90,87,88,89,1,1,1,1,1,
92,449,91,91,88,89,90,1,1,1,1,1,
93,454,92,92,89,90,91,1,1,1,1,1,
94,459,93,93,90,91,92,1,1,1,1,1,
95,464,94,94,91,92,93,1,1,1,1,1,
96,469,95,95,92,93,94,1,1,1,1,1,
97,474,96,96,93,94,95,1,1,1,1,1,
98,479,97,97,94,95,96,1,1,1,1,1,
99,484,98,98,95,96,97,1,1,1,1,1,
100,489,99,99,96,97,98,1,1,1,1,1,
101,494,100,100,97,98,99,1,1,1,1,1,
102,499,101,101,98,99,100,1,1,1,1,1,
103,504,102,102,99,100,101,1,1,1,1,1,
104,509,103,103,100,101,102,1,1,1,1,1,
105,514,104,104,101,102,103,1,1,1,1,1,
106,519,105,105,102,103,104,1,1,1,1,1,
107,524,106,106,103,104,105,1,1,1,1,1,
108,529,107,107,104,105,106,1,1,1,1,1,
109,534,108,108,105,106,107,1,1,1,1,1,
110,539,109,109,106,107,108,1,1,1,1,1,
111,544,110,110,107,108,109,1,1,1,1,1,
112,549,111,111,108,109,110,1,1,1,1,1,
113,554,112,112,109,110,111,1,1,1,1,1,
114,559,113,113,110,111,112,1,1,1,1,1,
115,564,114,114,111,112,113,1,1,1,1,1,
116,569,115,115,112,113,114,1,1,1,1,1,
117,574,116,116,113,114,115,1,1,1,1,1,
118,579,117,117,114,115,116,1,1,1,1,1,
119,584,118,118,115,116,117,1,1,1,1,1,
120,589,119,119,116,117,118,1,1,1,1,1,
121,594,120,120,117,118,119,1,1,1,1,1,
122,599,121,121,118,119,120,1,1,1,1,1,
123,604,122,122,119,120,121,1,1,1,1,1,
124,609,123,123,120,121,122,1,1,1,1,1,
125,614,124,124,121,122,123,1,1,1,1,1,
126,619,125,125,122,123,124,1,1,1,1,1,
127,624,126,126,123,124,125,1,1,1,1,1,
128,629,127,127,124,125,126,1,1,1,1,1,
129,634,128,128,125,126,127,1,1,1,1,1,
130,639,129,129,126,127,128,1,1,1,1,1,
131,644,130,130,127,128,129,1,1,1,1,1,
132,649,131,131,128,129,130,1,1,1,1,1,
133,654,132,132,129,130,131,1,1,1,1,1,
134,659,133,133,130,131,132,1,1,1,1,1,
135,664,134,134,131,132,133,1,1,1,1,1,
136,669,135,135,132,133,134,1,1,1,1,1,
137,674,136,136,133,134,135,1,1,1,1,1,
138,679,137,137,134,135,136,1,1,1,1,1,
139,684,138,138,135,136,137,1,1,1,1,1,
140,689,139,139,136,137,138,1,1,1,1,1,
141,694,140,140,137,138,139,1,1,1,1,1,
142,699,141,141,138,139,140,1,1,1,1,1,
143,704,142,142,139,140,141,1,1,1,1,1,
144,709,143,143,140,141,142,1,1,1,1,1,
145,714,144,144,141,142,143,1,1,1,1,1,
146,719,145,145,142,143,144,1,1,1,1,1,
147,724,146,146,143,144,145,1,1,1,1,1,
148,729,147,147,144,145,146,1,1,1,1,1,
149,734,148,148,145,146,147,1,1,1,1,1,
150,739,149,149,146,147,148,1,1,1,1,1,
151,744,150,150,147,148,149,1,1,1,1,1,
152,749,151,151,148,149,150,1,1,1,1,1,
153,754,152,152,149,150,151,1,1,1,1,1,
154,759,153,153,150,151,152,1,1,1,1,1,
155,764,154,154,151,152,153,1,1,1,1,1,
156,769,155,155,152,153,154,1,1,1,1,1,
157,774,156,156,153,154,155,1,1,1,1,1,
158,779,157,157,154,155,156,1,1,1,1,1,
159,784,158,158,155,156,157,1,1,1,1,1,
160,789,159,159,156,157,158,1,1,1,1,1,
161,794,160,160,157,158,159,1,1,1,1,1,
162,799,161,161,158,159,160,1,1,1,1,1,
163,804,162,162,159,160,161,1,1,1,1,1,
164,809,163,163,160,161,162,1,1,1,1,1,
165,814,164,164,161,162,163,1,1,1,1,1,
166,819,165,165,162,163,164,1,1,1,1,1,
167,824,166,166,163,164,165,1,1,1,1,1,
168,829,167,167,164,165,166,1,1,1,1,1,
169,834,168,168,165,166,167,1,1,1,1,1,
170,839,169,169,166,167,168,1,1,1,1,1,
171,844,170,170,167,168,169,1,1,1,1,1,
172,849,171,171,168,169,170,1,1,1,1,1,
173,854,172,172,169,170,171,1,1,1,1,1,
174,859,173,173,170,171,172,1,1,1,1,1,
175,864,174,174,171,172,173,1,1,1,1,1,
176,869,175,175,172,173,174,1,1,1,1,1,
177,874,176,176,173,174,175,1,1,1,1,1,
178,879,177,177,174,175,176,1,1,1,1,1,
179,884,178,178,175,176,177,1,1,1,1,1,
180,889,179,179,176,177,178,1,1,1,1,1,
181,894,180,180,177,178,179,1,1,1,1,1,
182,899,181,181,178,179,180,1,1,1,1,1,
183,904,182,182,179,180,181,1,1,1,1,1,
184,909,183,183,180,181,182,1,1,1,1,1,
185,914,184,184,181,182,183,1,1,1,1,1,
186,919,185,185,182,183,184,1,1,1,1,1,
187,924,186,186,183,184,185,1,1,1,1,1,
188,929,187,187,184,185,186,1,1,1,1,1,
189,934,188,188,185,186,187,1,1,1,1,1,
190,939,189,189,186,187,188,1,1,1,1,1,
191,944,190,190,187,188,189,1,1,1,1,1,
192,949,191,191,188,189,190,1,1,1,1,1,
193,954,192,192,189,190,191,1,1,1,1,1,
194,959,193,193,190,191,192,1,1,1,1,1,
195,964,194,194,191,192,193,1,1,1,1,1,
196,969,195,195,192,193,194,1,1,1,1,1,
197,974,196,196,193,194,195,1,1,1,1,1,
198,979,197,197,194,195,196,1,1,1,1,1,
199,984,198,198,195,196,197,1,1,1,1,1,
200,989,199,199,196,197,198,1,1,1,1,1,
201,994,200,200,197,198,199,1,1,1,1,1,
202,999,201,201,198,199,200,1,1,1,1,1,
203,1004,202,202,199,200,201,1,1,1,1,1,
204,1009,203,203,200,201,202,1,1,1,1,1,
205,1014,204,204,201,202,203,1,1,1,1,1,
206,1019,205,205,202,203,204,1,1,1,1,1,
207,1024,206,206,203,204,205,1,1,1,1,1,
208,1029,207,207,204,205,206,1,1,1,1,1,
209,1034,208,208,205,206,207,1,1,1,1,1,
210,1039,209,209,206,207,208,1,1,1,1,1,
211,1044,210,210,207,208,209,1,1,1,1,1,
212,1049,211,211,208,209,210,1,1,1,1,1,
213,1054,212,212,209,210,211,1,1,1,1,1,
214,1059,213,213,210,211,212,1,1,1,1,1,
215,1064,214,214,211,212,213,1,1,1,1,1,
216,1069,215,215,212,213,214,1,1,1,1,1,
217,1074,216,216,213,214,215,1,1,1,1,1,
218,1079,217,217,214,215,216,1,1,1,1,1,
219,1084,218,218,215,216,217,1,1,1,1,1,
220,1089,219,219,216,217,218,1,1,1,1,1,
221,1094,220,220,217,218,219,1,1,1,1,1,
222,1099,221,221,218,219,220,1,1,1,1,1,
223,1104,222,222,219,220,221,1,1,1,1,1,
224,1109,223,223,220,221,222,1,1,1,1,1,
225,1114,224,224,221,222,223,1,1,1,1,1,
226,1119,225,225,222,223,224,1,1,1,1,1,
227,1124,226,226,223,224,225,1,1,1,1,1,
228,1129,227,227,224,225,226,1,1,1,1,1,
229,1134,228,228,225,226,227,1,1,1,1,1,
230,1139,229,229,226,227,228,1,1,1,1,1,
231,1144,230,230,227,228,229,1,1,1,1,1,
232,1149,231,231,228,229,230,1,1,1,1,1,
233,1154,232,232,229,230,231,1,1,1,1,1,
234,1159,233,233,230,231,232,1,1,1,1,1,
235,1164,234,234,231,232,233,1,1,1,1,1,
236,1169,235,235,232,233,234,1,1,1,1,1,
237,1174,236,236,233,234,235,1,1,1,1,1,
238,1179,237,237,234,235,236,1,1,1,1,1,
239,1184,238,238,235,236,237,1,1,1,1,1,
240,1189,239,239,236,237,238,1,1,1,1,1,
241,1194,240,240,237,238,239,1,1,1,1,1,
242,1199,241,241,238,239,240,1,1,1,1,1,
243,1204,242,242,239,240,241,1,1,1,1,1,
244,1209,243,243,240,241,242,1,1,1,1,1,
245,1214,244,244,241,242,243,1,1,1,1,1,
246,1219,245,245,242,243,244,1,1,1,1,1,
247,1224,246,246,243,244,245,1,1,1,1,1,
248,1229,247,247,244,245,246,1,1,1,1,1,
249,1234,248,248,245,246,247,1,1,1,1,1,
250,1239,249,249,246,247,248,1,1,1,1,1,
251,1244,250,250,247,248,249,1,1,1,1,1,
252,1249,251,251,248,249,250,1,1,1,1,1,
253,1254,252,252,249,250,251,1,1,1,1,1,
254,1259,253,253,250,251,252,1,1,1,1,1,
255,1264,254,254,251,252,253,1,1,1,1,1,
256,1269,255,255,252,253,254,1,1,1,1,1,
257,1274,256,256,253,254,255,1,1,1,1,1,
258,1279,257,257,254,255,256,1,1,1,1,1,
259,1284,258,258,255,256,257,1,1,1,1,1,
260,1289,259,259,256,257,258,1,1,1,1,1,
261,1294,260,260,257,258,259,1,1,1,1,1,
262,1299,261,261,258,259,260,1,1,1,1,1,
263,1304,262,262,259,260,261,1,1,1,1,1,
264,1309,263,263,260,261,262,1,1,1,1,1,
265,1314,264,264,261,262,263,1,1,1,1,1,
266,1319,265,265,262,263,264,1,1,1,1,1,
267,1324,266,266,263,264,265,1,1,1,1,1,
268,1329,267,267,264,265,266,1,1,1,1,1,
269,1334,268,268,265,266,267,1,1,1,1,1,
270,1339,269,269,266,267,268,1,1,1,1,1,
271,1344,270,270,267,268,269,1,1,1,1,1,
272,1349,271,271,268,269,270,1,1,1,1,1,
273,1354,272,272,269,270,271,1,1,1,1,1,
274,1359,273,273,270,271,272,1,1,1,1,1,
275,1364,274,274,271,272,273,1,1,1,1,1,
276,1369,275,275,272,273,274,1,1,1,1,1,
277,1374,276,276,273,274,275,1,1,1,1,1,
278,1379,277,277,274,275,276,1,1,1,1,1,
279,1384,278,278,275,276,277,1,1,1,1,1,
280,1389,279,279,276,277,278,1,1,1,1,1,
281,1394,280,280,277,278,279,1,1,1,1,1,
282,1399,281,281,278,279,280,1,1,1,1,1,
283,1404,282,282,279,280,281,1,1,1,1,1,
284,1409,283,283,280,281,282,1,1,1,1,1,
285,1414,284,284,281,282,283,1,1,1,1,1,
286,1419,285,285,282,283,284,1,1,1,1,1,
287,1424,286,286,283,284,285,1,1,1,1,1,
288,1429,287,287,284,285,286,1,1,1,1,1,
289,1434,288,288,285,286,287,1,1,1,1,1,
290,1439,289,289,286,287,288,1,1,1,1,1,
291,1444,290,290,287,288,289,1,1,1,1,1,
292,1449,291,291,288,289,290,1,1,1,1,1,
293,1453,292,291,289,290,291,1,0,1,1,1,
294,1457,293,291,290,291,292,1,0,1,1,1,
295,1462,294,292,291,292,293,1,1,1,1,1,
296,1467,295,293,292,293,294,1,1,1,1,1,
297,1472,296,294,293,294,295,1,1,1,1,1,
298,1476,297,294,294,295,296,1,0,1,1,1,
299,1480,298,294,295,296,297,1,0,1,1,1,
300,1484,299,294,296,297,298,1,1,1,1,1,
301,1489,300,295,297,298,299,1,1,1,1,1,
302,1494,301,296,298,299,300,1,1,1,1,1,
303,1499,302,297,299,300,301,1,1,1,1,1,
304,1504,303,298,300,301,302,1,1,1,1,1,
305,1509,304,299,301,302,303,1,1,1,1,1,
306,1514,305,300,302,303,304,1,1,1,1,1,
307,1519,306,301,303,304,305,1,1,1,1,1,
308,1524,307,302,304,305,306,1,1,1,1,1,
309,1529,308,303,305,306,307,1,1,1,1,1,
310,1534,309,304,306,307,308,1,1,1,1,1,
311,1539,310,305,307,308,309,1,1,1,1,1,
312,1544,311,306,308,309,310,1,1,1,1,1,
313,1549,312,307,309,310,311,1,1,1,1,1,
314,1554,313,308,310,311,312,1,1,1,1,1,
315,1559,314,309,311,312,313,1,1,1,1,1,
316,1564,315,310,312,313,314,1,1,1,1,1,
317,1569,316,311,313,314,315,1,1,1,1,1,
318,1574,317,312,314,315,316,1,1,1,1,1,
319,1579,318,313,315,316,317,1,1,1,1,1,
320,1584,319,314,316,317,318,1,1,1,1,1,
321,1589,320,315,317,318,319,1,1,1,1,1,
322,1594,321,316,318,319,320,1,1,1,1,1,
323,1599,322,317,319,320,321,1,1,1,1,1,
324,1604,323,318,320,321,322,1,1,1,1,1,
325,1609,324,319,321,322,323,1,1,1,1,1,
326,1614,325,320,322,323,324,1,1,1,1,1,
327,1619,326,321,323,324,325,1,1,1,1,1,
328,1624,327,322,324,325,326,1,1,1,1,1,
329,1629,328,323,325,326,327,1,1,1,1,1,
330,1634,329,324,326,327,328,1,1,1,1,1,
331,1639,330,325,327,328,329,1,1,1,1,1,
332,1644,331,326,328,329,330,1,1,1,1,1,
333,1649,332,327,329,330,331,1,1,1,1,1,
334,1654,333,328,330,331,332,1,1,1,1,1,
335,1659,334,329,331,332,333,1,1,1,1,1,
336,1664,335,330,332,333,334,1,1,1,1,1,
337,1669,336,331,333,334,335,1,1,1,1,1,
338,1674,337,332,334,335,336,1,1,1,1,1,
339,1679,338,333,335,336,337,1,1,1,1,1,
340,1684,339,334,336,337,338,1,1,1,1,1,
341,1689,340,335,337,338,339,1,1,1,1,1,
342,1694,341,336,338,339,340,1,1,1,1,1,
343,1699,342,337,339,340,341,1,1,1,1,1,
344,1704,343,338,340,341,342,1,1,1,1,1,
345,1708,344,338,341,342,343,1,0,1,1,1,
346,1712,345,338,342,343,344,1,1,1,1,1,
347,1717,346,339,343,344,345,1,1,1,1,1,
348,1722,347,340,344,345,346,1,1,1,1,1,
349,1727,348,341,345,346,347,1,1,1,1,1,
350,1732,349,342,346,347,348,1,1,1,1,1,
351,1737,350,343,347,348,349,1,1,1,1,1,
352,1742,351,344,348,349,350,1,1,1,1,1,
353,1747,352,345,349,350,351,1,1,1,1,1,
354,1752,353,346,350,351,352,1,1,1,1,1,
355,1757,354,347,351,352,353,1,1,1,1,1,
356,1762,355,348,352,353,354,1,1,1,1,1,
357,1766,356,349,352,354,355,1,1,0,1,1,
358,1770,357,350,352,355,356,1,1,0,1,1,
359,1774,358,351,352,356,357,1,1,0,1,1,
360,1778,359,352,352,357,358,1,1,1,1,1,
361,1783,360,353,353,358,359,1,1,1,1,1,
362,1788,361,354,354,359,360,1,1,1,1,1,
363,1792,362,355,355,360,360,1,1,1,1,1,
364,1797,363,356,356,361,361,1,1,1,1,1,
365,1802,364,357,357,362,362,1,1,1,1,1,
366,1807,365,358,358,363,363,1,1,1,1,1,
367,1812,366,359,359,364,364,1,1,1,1,1,
368,1817,367,360,360,365,365,1,1,1,1,1,
369,1822,368,361,361,366,366,1,1,1,1,1,
370,1827,369,362,362,367,367,1,1,1,1,1,
371,1832,370,363,363,368,368,1,1,1,1,1,
372,1837,371,364,364,369,369,1,1,1,1,1,
373,1842,372,365,365,370,370,1,1,1,1,1,
374,1847,373,366,366,371,371,1,1,1,1,1,
375,1852,374,367,367,372,372,1,1,1,1,1,
376,1857,375,368,368,373,373,1,1,1,1,1,
377,1862,376,369,369,374,374,1,1,1,1,1,
378,1867,377,370,370,375,375,1,1,1,1,1,
379,1872,378,371,371,376,376,1,1,1,1,1,
380,1877,379,372,372,377,377,1,1,1,1,1,
381,1882,380,373,373,378,378,1,1,1,1,1,
382,1887,381,374,374,379,379,1,1,1,1,1,
383,1892,382,375,375,380,380,1,1,1,1,1,
384,1897,383,376,376,381,381,1,1,1,1,1,
385,1902,384,377,377,382,382,1,1,1,1,1,
386,1907,385,378,378,383,383,1,1,1,1,1,
387,1912,386,379,379,384,384,1,1,1,1,1,
388,1917,387,380,380,385,385,1,1,1,1,1,
389,1922,388,381,381,386,386,1,1,1,1,1,
390,1927,389,382,382,387,387,1,1,1,1,1,
391,1932,390,383,383,388,388,1,1,1,1,1,
392,1937,391,384,384,389,389,1,1,1,1,1,
393,1942,392,385,385,390,390,1,1,1,1,1,
394,1947,393,386,386,391,391,1,1,1,1,1,
395,1952,394,387,387,392,392,1,1,1,1,1,
396,1957,395,388,388,393,393,1,1,1,1,1,
397,1962,396,389,389,394,394,1,1,1,1,1,
398,1967,397,390,390,395,395,1,1,1,1,1,
399,1972,398,391,391,396,396,1,1,1,1,1,
400,1977,399,392,392,397,397,1,1,1,1,1,
401,1982,400,393,393,398,398,1,1,1,1,1,
402,1987,401,394,394,399,399,1,1,1,1,1,
403,1992,402,395,395,400,400,1,1,1,1,1,
404,1997,403,396,396,401,401,1,1,1,1,1,
405,2002,404,397,397,402,402,1,1,1,1,1,
406,2007,405,398,398,403,403,1,1,1,1,1,
407,2012,406,399,399,404,404,1,1,1,1,1,
408,2017,407,400,400,405,405,1,1,1,1,1,
409,2022,408,401,401,406,406,1,1,1,1,1,
410,2027,409,402,402,407,407,1,1,1,1,1,
411,2032,410,403,403,408,408,1,1,1,1,1,
412,2037,411,404,404,409,409,1,1,1,1,1,
413,2042,412,405,405,410,410,1,1,1,1,1,
414,2047,413,406,406,411,411,1,1,1,1,1,
415,2052,414,407,407,412,412,1,1,1,1,1,
416,2057,415,408,408,413,413,1,1,1,1,1,
417,2062,416,409,409,414,414,1,1,1,1,1,
418,2067,417,410,410,415,415,1,1,1,1,1,
419,2072,418,411,411,416,416,1,1,1,1,1,
420,2077,419,412,412,417,417,1,1,1,1,1,
421,2082,420,413,413,418,418,1,1,1,1,1,
422,2087,421,414,414,419,419,1,1,1,1,1,
423,2092,422,415,415,420,420,1,1,1,1,1,
424,2097,423,416,416,421,421,1,1,1,1,1,
425,2102,424,417,417,422,422,1,1,1,1,1,
426,2107,425,418,418,423,423,1,1,1,1,1,
427,2112,426,419,419,424,424,1,1,1,1,1,
428,2117,427,420,420,425,425,1,1,1,1,1,
429,2122,428,421,421,426,426,1,1,1,1,1,
430,2127,429,422,422,427,427,1,1,1,1,1,
431,2132,430,423,423,428,428,1,1,1,1,1,
432,2137,431,424,424,429,429,1,1,1,1,1,
433,2142,432,425,425,430,430,1,1,1,1,1,
434,2147,433,426,426,431,431,1,1,1,1,1,
435,2152,434,427,427,432,432,1,1,1,1,1,
436,2157,435,428,428,433,433,1,1,1,1,1,
437,2162,436,429,429,434,434,1,1,1,1,1,
438,2167,437,430,430,435,435,1,1,1,1,1,
439,2172,438,431,431,436,436,1,1,1,1,1,
440,2177,439,432,432,437,437,1,1,1,1,1,
441,2182,440,433,433,438,438,1,1,1,1,1,
442,2187,441,434,434,439,439,1,1,1,1,1,
443,2192,442,435,435,440,440,1,1,1,1,1,
444,2197,443,436,436,441,441,1,1,1,1,1,
445,2202,444,437,437,442,442,1,1,1,1,1,
446,2207,445,438,438,443,443,1,1,1,1,1,
447,2212,446,439,439,444,444,1,1,1,1,1,
448,2217,447,440,440,445,445,1,1,1,1,1,
449,2221,448,441,441,446,445,1,1,1,1,0,
450,2225,449,442,442,447,445,1,1,1,1,1,
451,2230,450,443,443,448,446,1,1,1,1,1,
452,2235,451,444,444,449,447,1,1,1,1,1,
453,2240,452,445,445,450,448,1,1,1,1,1,
454,2245,453,446,446,451,449,1,1,1,1,1,
455,2250,454,447,447,452,450,1,1,1,1,1,
456,2254,455,448,448,453,450,1,1,1,1,0,
457,2258,456,449,449,454,450,1,1,1,1,0,
458,2262,457,450,450,455,450,1,1,1,1,1,
459,2267,458,451,451,456,451,1,1,1,1,1,
460,2272,459,452,452,457,452,1,1,1,1,1,
461,2277,460,453,453,458,453,1,1,1,1,1,
462,2282,461,454,454,459,454,1,1,1,1,1,
463,2287,462,455,455,460,455,1,1,1,1,1,
464,2292,463,456,456,461,456,1,1,1,1,1,
465,2296,464,457,457,462,456,1,1,1,1,0,
466,2300,465,458,458,463,456,1,1,1,1,0,
467,2304,466,459,459,464,456,1,1,1,1,1,
468,2309,467,460,460,465,457,1,1,1,1,1,
469,2314,468,461,461,466,458,1,1,1,1,1,
470,2319,469,462,462,467,459,1,1,1,1,1,
471,2324,470,463,463,468,460,1,1,1,1,1,
472,2329,471,464,464,469,461,1,1,1,1,1,
473,2334,472,465,465,470,462,1,1,1,1,1,
474,2338,473,466,466,471,462,1,1,1,1,0,
475,2342,474,467,467,472,462,1,1,1,1,1,
476,2347,475,468,468,473,463,1,1,1,1,1,
477,2352,476,469,469,474,464,1,1,1,1,1,
478,2356,477,470,470,475,464,1,1,1,1,1,
479,2361,478,471,471,476,465,1,1,1,1,1,
480,2366,479,472,472,477,466,1,1,1,1,1,
481,2371,480,473,473,478,467,1,1,1,1,1,
482,2376,481,474,474,479,468,1,1,1,1,1,
483,2381,482,475,475,480,469,1,1,1,1,1,
484,2386,483,476,476,481,470,1,1,1,1,1,
485,2391,484,477,477,482,471,1,1,1,1,1,
486,2396,485,478,478,483,472,1,1,1,1,1,
487,2401,486,479,479,484,473,1,1,1,1,1,
488,2406,487,480,480,485,474,1,1,1,1,1,
489,2411,488,481,481,486,475,1,1,1,1,1,
490,2416,489,482,482,487,476,1,1,1,1,1,
491,2421,490,483,483,488,477,1,1,1,1,1,
492,2426,491,484,484,489,478,1,1,1,1,1,
493,2431,492,485,485,490,479,1,1,1,1,1,
494,2436,493,486,486,491,480,1,1,1,1,1,
495,2441,494,487,487,492,481,1,1,1,1,1,
496,2446,495,488,488,493,482,1,1,1,1,1,
497,2451,496,489,489,494,483,1,1,1,1,1,
498,2456,497,490,490,495,484,1,1,1,1,1,
499,2461,498,491,491,496,485,1,1,1,1,1,
500,2466,499,492,492,497,486,1,1,1,1,1,
501,2471,500,493,493,498,487,1,1,1,1,1,
502,2476,501,494,494,499,488,1,1,1,1,1,
503,2481,502,495,495,500,489,1,1,1,1,1,
504,2486,503,496,496,501,490,1,1,1,1,1,
505,2491,504,497,497,502,491,1,1,1,1,1,
506,2496,505,498,498,503,492,1,1,1,1,1,
507,2501,506,499,499,504,493,1,1,1,1,1,
508,2506,507,500,500,505,494,1,1,1,1,1,
509,2511,508,501,501,506,495,1,1,1,1,1,
510,2516,509,502,502,507,496,1,1,1,1,1,
511,2521,510,503,503,508,497,1,1,1,1,1,
512,2526,511,504,504,509,498,1,1,1,1,1,
513,2531,512,505,505,510,499,1,1,1,1,1,
514,2536,513,506,506,511,500,1,1,1,1,1,
515,2541,514,507,507,512,501,1,1,1,1,1,
516,2546,515,508,508,513,502,1,1,1,1,1,
517,2551,516,509,509,514,503,1,1,1,1,1,
518,2556,517,510,510,515,504,1,1,1,1,1,
519,2561,518,511,511,516,505,1,1,1,1,1,
520,2566,519,512,512,517,506,1,1,1,1,1,
521,2571,520,513,513,518,507,1,1,1,1,1,
522,2576,521,514,514,519,508,1,1,1,1,1,
523,2581,522,515,515,520,509,1,1,1,1,1,
524,2586,523,516,516,521,510,1,1,1,1,1,
525,2591,524,517,517,522,511,1,1,1,1,1,
526,2596,525,518,518,523,512,1,1,1,1,1,
527,2601,526,519,519,524,513,1,1,1,1,1,
528,2606,527,520,520,525,514,1,1,1,1,1,
529,2611,528,521,521,526,515,1,1,1,1,1,
530,2616,529,522,522,527,516,1,1,1,1,1,
531,2621,530,523,523,528,517,1,1,1,1,1,
532,2626,531,524,524,529,518,1,1,1,1,1,
533,2631,532,525,525,530,519,1,1,1,1,1,
534,2636,533,526,526,531,520,1,1,1,1,1,
535,2641,534,527,527,532,521,1,1,1,1,1,
536,2646,535,528,528,533,522,1,1,1,1,1,
537,2651,536,529,529,534,523,1,1,1,1,1,
538,2656,537,530,530,535,524,1,1,1,1,1,
539,2661,538,531,531,536,525,1,1,1,1,1,
540,2666,539,532,532,537,526,1,1,1,1,1,
541,2671,540,533,533,538,527,1,1,1,1,1,
542,2676,541,534,534,539,528,1,1,1,1,1,
543,2681,542,535,535,540,529,1,1,1,1,1,
544,2686,543,536,536,541,530,1,1,1,1,1,
545,2691,544,537,537,542,531,1,1,1,1,1,
546,2696,545,538,538,543,532,1,1,1,1,1,
547,2701,546,539,539,544,533,1,1,1,1,1,
548,2706,547,540,540,545,534,1,1,1,1,1,
549,2711,548,541,541,546,535,1,1,1,1,1,
550,2716,549,542,542,547,536,1,1,1,1,1,
551,2721,550,543,543,548,537,1,1,1,1,1,
552,2726,551,544,544,549,538,1,1,1,1,1,
553,2731,552,545,545,550,539,1,1,1,1,1,
554,2736,553,546,546,551,540,1,1,1,1,1,
555,2740,554,547,547,552,540,1,1,1,1,1,
556,2745,555,548,548,553,541,1,1,1,1,1,
557,2750,556,549,549,554,542,1,1,1,1,1,
558,2754,557,550,550,555,542,1,1,1,1,0,
559,2758,558,551,551,556,542,1,1,1,1,1,
560,2763,559,552,552,557,543,1,1,1,1,1,
561,2768,560,553,553,558,544,1,1,1,1,1,
562,2772,561,554,554,559,544,1,1,1,1,0,
563,2777,562,555,555,560,545,1,1,1,1,1,
564,2782,563,556,556,561,546,1,1,1,1,1,
565,2787,564,557,557,562,547,1,1,1,1,1,
566,2792,565,558,558,563,548,1,1,1,1,1,
567,2797,566,559,559,564,549,1,1,1,1,1,
568,2802,567,560,560,565,550,1,1,1,1,1,
569,2807,568,561,561,566,551,1,1,1,1,1,
570,2811,569,562,562,567,551,1,1,1,1,0,
571,2815,570,563,563,568,551,1,1,1,1,0,
572,2819,571,564,564,569,551,1,1,1,1,0,
573,2823,572,565,565,570,551,1,1,1,1,0,
574,2827,573,566,566,571,551,1,1,1,1,1,
575,2832,574,567,567,572,552,1,1,1,1,1,
576,2837,575,568,568,573,553,1,1,1,1,1,
577,2842,576,569,569,574,554,1,1,1,1,1,
578,2847,577,570,570,575,555,1,1,1,1,1,
579,2852,578,571,571,576,556,1,1,1,1,1,
580,2857,579,572,572,577,557,1,1,1,1,1,
581,2862,580,573,573,578,558,1,1,1,1,1,
582,2867,581,574,574,579,559,1,1,1,1,1,
583,2872,582,575,575,580,560,1,1,1,1,1,
584,2877,583,576,576,581,561,1,1,1,1,1,
585,2882,584,577,577,582,562,1,1,1,1,1,
586,2887,585,578,578,583,563,1,1,1,1,1,
587,2892,586,579,579,584,564,1,1,1,1,1,
588,2897,587,580,580,585,565,1,1,1,1,1,
589,2902,588,581,581,586,566,1,1,1,1,1,
590,2907,589,582,582,587,567,1,1,1,1,1,
591,2912,590,583,583,588,568,1,1,1,1,1,
592,2917,591,584,584,589,569,1,1,1,1,1,
593,2922,592,585,585,590,570,1,1,1,1,1,
594,2927,593,586,586,591,571,1,1,1,1,1,
595,2932,594,587,587,592,572,1,1,1,1,1,
596,2937,595,588,588,593,573,1,1,1,1,1,
597,2942,596,589,589,594,574,1,1,1,1,1,
598,2947,597,590,590,595,575,1,1,1,1,1,
599,2951,598,591,591,596,575,1,1,1,1,1,
600,2956,599,592,592,597,576,1,1,1,1,1,
601,2961,600,593,593,598,577,1,1,1,1,1,
602,2966,601,594,594,599,578,1,1,1,1,1,
603,2971,602,595,595,600,579,1,1,1,1,1,
604,2976,603,596,596,601,580,1,1,1,1,1,
605,2981,604,597,597,602,581,1,1,1,1,1,
606,2986,605,598,598,603,582,1,1,1,1,1,
607,2991,606,599,599,604,583,1,1,1,1,1,
608,2996,607,600,600,605,584,1,1,1,1,1,
609,3001,608,601,601,606,585,1,1,1,1,1,
610,3006,609,602,602,607,586,1,1,1,1,1,
611,3011,610,603,603,608,587,1,1,1,1,1,
612,3016,611,604,604,609,588,1,1,1,1,1,
613,3021,612,605,605,610,589,1,1,1,1,1,
614,3026,613,606,606,611,590,1,1,1,1,1,
615,3031,614,607,607,612,591,1,1,1,1,1,
616,3036,615,608,608,613,592,1,1,1,1,1,
617,3041,616,609,609,614,593,1,1,1,1,1,
618,3046,617,610,610,615,594,1,1,1,1,1,
619,3050,618,611,611,616,594,1,1,1,1,1,
620,3055,619,612,612,617,595,1,1,1,1,1,
621,3060,620,613,613,618,596,1,1,1,1,1,
622,3065,621,614,614,619,597,1,1,1,1,1,
623,3070,622,615,615,620,598,1,1,1,1,1,
624,3075,623,616,616,621,599,1,1,1,1,1,
625,3080,624,617,617,622,600,1,1,1,1,1,
626,3085,625,618,618,623,601,1,1,1,1,1,
627,3090,626,619,619,624,602,1,1,1,1,1,
628,3095,627,620,620,625,603,1,1,1,1,1,
629,3100,628,621,621,626,604,1,1,1,1,1,
630,3103,629,622,622,626,604,1,1,1,0,1,
631,3108,630,623,623,627,605,1,1,1,1,1,
632,3113,631,624,624,628,606,1,1,1,1,1,
633,3117,632,625,625,629,606,1,1,1,1,1,
634,3122,633,626,626,630,607,1,1,1,1,1,
635,3127,634,627,627,631,608,1,1,1,1,1,
636,3132,635,628,628,632,609,1,1,1,1,1,
637,3136,636,629,629,633,609,1,1,1,1,1,
638,3141,637,630,630,634,610,1,1,1,1,1,
639,3146,638,631,631,635,611,1,1,1,1,1,
640,3150,639,632,632,636,611,1,1,1,1,1,
641,3155,640,633,633,637,612,1,1,1,1,1,
642,3160,641,634,634,638,613,1,1,1,1,1,
643,3164,642,635,635,639,613,1,1,1,1,0,
644,3168,643,636,636,640,613,1,1,1,1,0,
645,3172,644,637,637,641,613,1,1,1,1,0,
646,3176,645,638,638,642,613,1,1,1,1,1,
647,3181,646,639,639,643,614,1,1,1,1,1,
648,3185,647,640,640,644,614,1,1,1,1,0,
649,3189,648,641,641,645,614,1,1,1,1,1,
650,3194,649,642,642,646,615,1,1,1,1,1,
651,3198,650,643,643,646,616,1,1,1,0,1,
652,3201,651,644,644,646,616,1,1,1,0,0,
653,3204,652,645,645,646,616,1,1,1,0,0,
654,3207,653,646,646,646,616,1,1,1,0,1,
655,3211,654,647,647,646,617,1,1,1,1,1,
656,3216,655,648,648,647,618,1,1,1,1,1,
657,3220,656,649,649,648,618,1,1,1,1,1,
658,3225,657,650,650,649,619,1,1,1,1,1,
659,3230,658,651,651,650,620,1,1,1,1,1,
660,3235,659,652,652,651,621,1,1,1,1,1,
661,3240,660,653,653,652,622,1,1,1,1,1,
662,3245,661,654,654,653,623,1,1,1,1,1,
663,3250,662,655,655,654,624,1,1,1,1,1,
664,3255,663,656,656,655,625,1,1,1,1,1,
665,3259,664,657,657,655,626,1,1,1,0,1,
666,3263,665,658,658,655,627,1,1,1,1,1,
667,3268,666,659,659,656,628,1,1,1,1,1,
668,3272,667,660,660,657,628,1,1,1,1,0,
669,3276,668,661,661,658,628,1,1,1,1,0,
670,3280,669,662,662,659,628,1,1,1,1,1,
671,3285,670,663,663,660,629,1,1,1,1,1,
672,3290,671,664,664,661,630,1,1,1,1,1,
673,3294,672,665,665,662,630,1,1,1,1,1,
674,3299,673,666,666,663,631,1,1,1,1,1,
675,3304,674,667,667,664,632,1,1,1,1,1,
676,3308,675,668,668,665,632,1,1,1,1,1,
677,3312,676,669,669,665,633,1,1,1,0,1,
678,3316,677,670,670,665,634,1,1,1,0,1,
679,3319,678,671,671,665,634,1,1,1,0,1,
680,3323,679,672,672,665,635,1,1,1,0,1,
681,3327,680,673,673,665,636,1,1,1,1,1,
682,3331,681,674,674,666,636,1,1,1,1,0,
683,3335,682,675,675,667,636,1,1,1,1,1,
684,3340,683,676,676,668,637,1,1,1,1,1,
685,3345,684,677,677,669,638,1,1,1,1,1,
686,3350,685,678,678,670,639,1,1,1,1,1,
687,3355,686,679,679,671,640,1,1,1,1,1,
688,3359,687,680,680,671,641,1,1,1,0,1,
689,3363,688,681,681,671,642,1,1,1,1,1,
690,3367,689,682,682,672,642,1,1,1,1,1,
691,3372,690,683,683,673,643,1,1,1,1,1,
692,3377,691,684,684,674,644,1,1,1,1,1,
693,3382,692,685,685,675,645,1,1,1,1,1,
694,3387,693,686,686,676,646,1,1,1,1,1,
695,3392,694,687,687,677,647,1,1,1,1,1,
696,3397,695,688,688,678,648,1,1,1,1,1,
697,3402,696,689,689,679,649,1,1,1,1,1,
698,3407,697,690,690,680,650,1,1,1,1,1,
699,3412,698,691,691,681,651,1,1,1,1,1,
700,3417,699,692,692,682,652,1,1,1,1,1,
701,3422,700,693,693,683,653,1,1,1,1,1,
702,3427,701,694,694,684,654,1,1,1,1,1,
703,3432,702,695,695,685,655,1,1,1,1,1,
704,3436,703,696,695,686,656,1,1,0,1,1,
705,3440,704,697,695,687,657,1,1,0,1,1,
706,3445,705,698,696,688,658,1,1,1,1,1,
707,3450,706,699,697,689,659,1,1,1,1,1,
708,3455,707,700,698,690,660,1,1,1,1,1,
709,3460,708,701,699,691,661,1,1,1,1,1,
710,3465,709,702,700,692,662,1,1,1,1,1,
711,3469,710,703,701,692,663,1,1,1,0,1,
712,3473,711,704,702,692,664,1,1,1,0,1,
713,3478,712,705,703,693,665,1,1,1,1,1,
714,3483,713,706,704,694,666,1,1,1,1,1,
715,3488,714,707,705,695,667,1,1,1,1,1,
716,3493,715,708,706,696,668,1,1,1,1,1,
717,3498,716,709,707,697,669,1,1,1,1,1,
718,3503,717,710,708,698,670,1,1,1,1,1,
719,3508,718,711,709,699,671,1,1,1,1,1,
720,3513,719,712,710,700,672,1,1,1,1,1,
721,3518,720,713,711,701,673,1,1,1,1,1,
722,3523,721,714,712,702,674,1,1,1,1,1,
723,3528,722,715,713,703,675,1,1,1,1,1,
724,3533,723,716,714,704,676,1,1,1,1,1,
725,3538,724,717,715,705,677,1,1,1,1,1,
726,3543,725,718,716,706,678,1,1,1,1,1,
727,3548,726,719,717,707,679,1,1,1,1,1,
728,3553,727,720,718,708,680,1,1,1,1,1,
729,3558,728,721,719,709,681,1,1,1,1,1,
730,3563,729,722,720,710,682,1,1,1,1,1,
731,3568,730,723,721,711,683,1,1,1,1,1,
732,3573,731,724,722,712,684,1,1,1,1,1,
733,3578,732,725,723,713,685,1,1,1,1,1,
734,3583,733,726,724,714,686,1,1,1,1,1,
735,3588,734,727,725,715,687,1,1,1,1,1,
736,3593,735,728,726,716,688,1,1,1,1,1,
737,3598,736,729,727,717,689,1,1,1,1,1,
738,3602,737,730,728,717,690,1,1,1,1,1,
739,3607,738,731,729,718,691,1,1,1,1,1,
740,3612,739,732,730,719,692,1,1,1,1,1,
741,3617,740,733,731,720,693,1,1,1,1,1,
742,3620,741,734,731,720,694,1,1,0,0,1,
743,3623,742,735,731,720,695,1,1,1,0,1,
744,3627,743,736,732,720,696,1,1,1,1,1,
745,3632,744,737,733,721,697,1,1,1,1,1,
746,3636,745,738,733,722,698,1,1,0,1,1,
747,3639,746,739,733,722,699,1,1,0,0,1,
748,3642,747,740,733,722,700,1,1,1,1,1,
749,3647,748,741,734,723,701,1,1,1,1,1,
750,3652,749,742,735,724,702,1,1,1,1,1,
751,3656,750,743,735,725,703,1,1,1,1,1,
752,3661,751,744,736,726,704,1,1,1,1,1,
753,3666,752,745,737,727,705,1,1,1,1,1,
754,3670,753,746,737,728,706,1,1,1,1,1,
755,3674,754,747,738,728,707,1,1,1,1,1,
756,3679,755,748,739,729,708,1,1,1,1,1,
757,3684,756,749,740,730,709,1,1,1,1,1,
758,3687,757,750,740,730,710,1,1,0,0,1,
759,3690,758,751,740,730,711,1,1,0,0,1,
760,3693,759,752,740,730,712,1,1,0,0,1,
761,3696,760,753,740,730,713,1,1,0,0,1,
762,3699,761,754,740,730,714,1,1,0,0,1,
763,3702,762,755,740,730,715,1,1,0,0,1,
764,3705,763,756,740,730,716,1,1,1,0,1,
765,3709,764,757,741,730,717,1,1,1,0,1,
766,3713,765,758,742,730,718,1,1,1,1,1,
767,3717,766,759,742,731,719,1,1,0,1,1,
768,3721,767,760,742,732,720,1,1,0,1,1,
769,3724,768,761,742,732,721,1,1,0,1,1,
770,3728,769,762,742,733,722,1,1,0,1,1,
771,3732,770,763,742,734,723,1,1,1,1,1,
772,3737,771,764,743,735,724,1,1,1,1,1,
773,3742,772,765,744,736,725,1,1,1,1,1,
774,3746,773,766,744,737,726,1,1,1,1,1,
775,3751,774,767,745,738,727,1,1,1,1,1,
776,3755,775,768,746,738,728,1,1,1,0,1,
777,3758,776,769,746,738,729,1,1,1,1,1,
778,3763,777,770,747,739,730,1,1,1,1,1,
779,3768,778,771,748,740,731,1,1,1,1,1,
780,3772,779,772,748,741,732,1,1,0,1,1,
781,3776,780,773,748,742,733,1,1,1,1,1,
782,3781,781,774,749,743,734,1,1,1,1,1,
783,3786,782,775,750,744,735,1,1,1,1,1,
784,3791,783,776,751,745,736,1,1,1,1,1,
785,3796,784,777,752,746,737,1,1,1,1,1,
786,3801,785,778,753,747,738,1,1,1,1,1,
787,3806,786,779,754,748,739,1,1,1,1,1,
788,3811,787,780,755,749,740,1,1,1,1,1,
789,3816,788,781,756,750,741,1,1,1,1,1,
790,3820,789,782,757,750,742,1,1,1,0,1,
791,3824,790,783,758,750,743,1,1,1,0,1,
792,3828,791,784,759,750,744,1,1,1,1,1,
793,3833,792,785,760,751,745,1,1,1,1,1,
794,3838,793,786,761,752,746,1,1,1,1,1,
795,3843,794,787,762,753,747,1,1,1,1,1,
796,3847,795,788,763,753,748,1,1,1,0,1,
797,3851,796,789,764,753,749,1,1,1,0,1,
798,3855,797,790,765,753,750,1,1,1,0,1,
799,3859,798,791,766,753,751,1,1,1,0,1,
800,3863,799,792,767,753,752,1,1,1,1,1,
801,3868,800,793,768,754,753,1,1,1,1,1,
802,3873,801,794,769,755,754,1,1,1,1,1,
803,3877,802,795,770,755,755,1,1,1,0,1,
804,3881,803,796,771,755,756,1,1,1,0,1,
805,3885,804,797,772,755,757,1,1,1,0,1,
806,3889,805,798,773,755,758,1,1,1,0,1,
807,3893,806,799,774,755,759,1,1,1,1,1,
808,3898,807,800,775,756,760,1,1,1,1,1,
809,3903,808,801,776,757,761,1,1,1,1,1,
810,3907,809,802,777,757,762,1,1,1,0,1,
811,3911,810,803,778,757,763,1,1,1,0,1,
812,3915,811,804,779,757,764,1,1,1,0,1,
813,3919,812,805,780,757,765,1,1,1,0,1,
814,3923,813,806,781,757,766,1,1,1,0,1,
815,3927,814,807,782,757,767,1,1,1,1,1,
816,3932,815,808,783,758,768,1,1,1,1,1,
817,3937,816,809,784,759,769,1,1,1,1,1,
818,3941,817,810,785,759,770,1,1,1,1,1,
819,3946,818,811,786,760,771,1,1,1,1,1,
820,3951,819,812,787,761,772,1,1,1,1,1,
821,3955,820,813,788,761,773,1,1,1,0,1,
822,3959,821,814,789,761,774,1,1,1,0,1,
823,3963,822,815,790,761,775,1,1,1,1,1,
824,3968,823,816,791,762,776,1,1,1,1,1,
825,3973,824,817,792,763,777,1,1,1,1,1,
826,3977,825,818,793,763,778,1,1,1,0,1,
827,3981,826,819,794,763,779,1,1,1,0,1,
828,3985,827,820,795,763,780,1,1,1,0,1,
829,3989,828,821,796,763,781,1,1,1,0,1,
830,3993,829,822,797,763,782,1,1,1,0,1,
831,3997,830,823,798,763,783,1,1,1,1,1,
832,4002,831,824,799,764,784,1,1,1,1,1,
833,4007,832,825,800,765,785,1,1,1,1,1,
834,4011,833,826,801,765,786,1,1,1,0,1,
835,4015,834,827,802,765,787,1,1,1,0,1,
836,4019,835,828,803,765,788,1,1,1,0,1,
837,4023,836,829,804,765,789,1,1,1,1,1,
838,4028,837,830,805,766,790,1,1,1,1,1,
839,4033,838,831,806,767,791,1,1,1,1,1,
840,4037,839,832,807,767,792,1,1,1,1,1,
841,4042,840,833,808,768,793,1,1,1,1,1,
842,4047,841,834,809,769,794,1,1,1,1,1,
843,4052,842,835,810,770,795,1,1,1,1,1,
844,4057,843,836,811,771,796,1,1,1,1,1,
845,4062,844,837,812,772,797,1,1,1,1,1,
846,4066,845,838,812,773,798,1,1,0,1,1,
847,4070,846,839,813,773,799,1,1,1,1,1,
848,4075,847,840,814,774,800,1,1,1,1,1,
849,4080,848,841,815,775,801,1,1,1,1,1,
850,4084,849,842,815,776,802,1,1,0,1,1,
851,4088,850,843,815,777,803,1,1,0,1,1,
852,4092,851,844,815,778,804,1,1,0,1,1,
853,4096,852,845,815,779,805,1,1,0,1,1,
854,4100,853,846,815,780,806,1,1,0,1,1,
855,4104,854,847,815,781,807,1,1,0,1,1,
856,4108,855,848,815,782,808,1,1,1,1,1,
857,4113,856,849,816,783,809,1,1,1,1,1,
858,4118,857,850,817,784,810,1,1,1,1,1,
859,4122,858,851,817,785,811,1,1,1,1,1,
860,4127,859,852,818,786,812,1,1,1,1,1,
861,4131,860,853,819,786,813,1,1,1,1,1,
862,4135,861,854,819,787,814,1,1,0,1,1,
863,4139,862,855,819,788,815,1,1,1,1,1,
864,4144,863,856,820,789,816,1,1,1,1,1,
865,4148,864,857,821,789,817,1,1,1,0,1,
866,4152,865,858,822,789,818,1,1,1,0,1,
867,4156,866,859,823,789,819,1,1,1,1,1,
868,4160,866,860,824,790,820,0,1,1,1,1,
869,4164,866,861,825,791,821,0,1,1,1,1,
870,4167,866,862,826,791,822,0,1,1,0,1,
871,4170,866,863,827,791,823,0,1,1,0,1,
872,4173,866,864,828,791,824,1,1,1,0,1,
873,4177,867,865,829,791,825,1,1,1,1,1,
874,4182,868,866,830,792,826,1,1,1,1,1,
875,4186,868,867,831,793,827,0,1,1,1,1,
876,4189,868,868,832,793,828,0,1,1,0,1,
877,4192,868,869,833,793,829,0,1,1,1,1,
878,4196,868,870,834,794,830,1,1,1,1,1,
879,4201,869,871,835,795,831,1,1,1,1,1,
880,4205,870,872,836,795,832,1,1,1,0,1,
881,4208,870,873,837,795,833,0,1,1,0,1,
882,4211,870,874,838,795,834,0,1,1,0,1,
883,4214,870,875,839,795,835,1,1,1,0,1,
884,4218,871,876,840,795,836,1,1,1,0,1,
885,4222,872,877,841,795,837,1,1,1,0,1,
886,4226,873,878,842,795,838,1,1,1,0,1,
887,4230,874,879,843,795,839,1,1,1,0,1,
888,4234,875,880,844,795,840,1,1,1,1,1,
889,4238,876,880,845,796,841,1,0,1,1,1,
890,4242,877,880,846,797,842,1,1,1,1,1,
891,4246,878,881,847,797,843,1,1,1,0,1,
892,4250,879,882,848,797,844,1,1,1,0,1,
893,4253,880,882,849,797,845,1,0,1,0,1,
894,4256,881,882,850,797,846,1,1,1,0,1,
895,4260,882,883,851,797,847,1,1,1,0,1,
896,4264,883,884,852,797,848,1,1,1,0,1,
897,4267,884,884,853,797,849,1,0,1,0,1,
898,4270,885,884,854,797,850,1,0,1,0,1,
899,4273,886,884,855,797,851,1,0,1,0,1,
900,4276,887,884,856,797,852,1,0,1,1,1,
901,4280,888,884,857,798,853,1,0,1,1,1,
902,4284,889,884,858,799,854,1,0,1,1,1,
903,4287,890,884,859,799,855,1,0,1,0,1,
904,4290,891,884,860,799,856,1,1,1,0,1,
905,4294,892,885,861,799,857,1,1,1,0,1,
906,4298,893,886,862,799,858,1,1,1,0,1,
907,4301,894,886,863,799,859,1,0,1,1,1,
908,4305,895,886,864,800,860,1,0,1,1,1,
909,4309,896,886,865,801,861,1,0,1,1,1,
910,4312,897,886,866,801,862,1,1,1,0,1,
911,4316,898,887,867,801,863,1,1,1,0,1,
912,4320,899,888,868,801,864,1,1,1,1,1,
913,4324,900,888,869,802,865,1,0,1,1,1,
914,4328,901,888,870,803,866,1,1,1,1,1,
915,4333,902,889,871,804,867,1,1,1,1,1,
916,4338,903,890,872,805,868,1,1,1,1,1,
917,4342,904,890,873,806,869,1,0,1,1,1,
918,4346,905,890,874,807,870,1,1,1,1,1,
919,4351,906,891,875,808,871,1,1,1,1,1,
920,4356,907,892,876,809,872,1,1,1,1,1,
921,4360,908,892,877,810,873,1,1,1,1,1,
922,4365,909,893,878,811,874,1,1,1,1,1,
923,4369,910,894,879,811,875,1,1,1,0,1,
924,4372,911,894,880,811,876,1,0,1,1,1,
925,4376,912,894,881,812,877,1,0,1,1,1,
926,4380,913,894,882,813,878,1,1,1,1,1,
927,4384,914,895,883,813,879,1,1,1,0,1,
928,4388,915,896,884,813,880,1,1,1,1,1,
929,4392,916,896,885,814,881,1,0,1,1,1,
930,4396,917,896,886,815,882,1,0,1,1,1,
931,4399,918,896,887,815,883,1,0,1,1,1,
932,4403,919,896,888,816,884,1,0,1,1,1,
933,4407,920,896,889,817,885,1,1,1,1,1,
934,4411,921,897,890,817,886,1,1,1,0,1,
935,4415,922,898,891,817,887,1,1,1,1,1,
936,4419,923,898,892,818,888,1,0,1,1,1,
937,4423,924,898,893,819,889,1,0,1,1,1,
938,4426,925,898,894,819,890,1,0,1,0,1,
939,4429,926,898,895,819,891,1,0,1,0,1,
940,4432,927,898,896,819,892,1,0,1,0,1,
941,4435,928,898,897,819,893,1,0,1,0,1,
942,4438,929,898,898,819,894,1,0,1,0,1,
943,4441,930,898,899,819,895,1,0,1,0,1,
944,4444,931,898,900,819,896,1,0,1,0,1,
945,4447,932,898,901,819,897,1,0,1,0,1,
946,4450,933,898,902,819,898,1,0,1,1,1,
947,4454,934,898,903,820,899,1,0,1,1,1,
948,4458,935,898,904,821,900,1,1,1,1,1,
949,4461,936,898,905,821,901,1,0,1,0,1,
950,4464,937,898,906,821,902,1,0,1,0,1,
951,4467,938,898,907,821,903,1,0,1,0,1,
952,4470,939,898,908,821,904,1,0,1,0,1,
953,4473,940,898,909,821,905,1,0,1,0,1,
954,4476,941,898,910,821,906,1,0,1,0,1,
955,4479,942,898,911,821,907,1,1,1,1,1,
956,4484,943,899,912,822,908,1,1,1,1,1,
957,4489,944,900,913,823,909,1,1,1,1,1,
958,4493,945,900,914,824,910,1,0,1,1,1,
959,4497,946,900,915,825,911,1,0,1,1,1,
960,4501,947,900,916,826,912,1,0,1,1,1,
Completed in 960 rounds.
Completed in 63.1191 ms
