ROUND,TASKS COMPLETED,worker0 tasks,worker1 tasks,worker2 tasks,worker3 tasks,worker4 tasks,worker5 tasks,worker6 tasks,worker7 tasks,worker8 tasks,worker9 tasks,worker10 tasks,worker11 tasks,worker12 tasks,worker13 tasks,worker14 tasks,worker15 tasks,worker16 tasks,worker17 tasks,worker18 tasks,worker19 tasks,worker20 tasks,worker21 tasks,worker22 tasks,worker23 tasks,worker24 tasks,worker0 running,worker1 running,worker2 running,worker3 running,worker4 running,worker5 running,worker6 running,worker7 running,worker8 running,worker9 running,worker10 running,worker11 running,worker12 running,worker13 running,worker14 running,worker15 running,worker16 running,worker17 running,worker18 running,worker19 running,worker20 running,worker21 running,worker22 running,worker23 running,worker24 running,
1,0,0,0,0,0,0,0,0,0,0,0,0,0,0,0,0,0,0,0,0,0,0,0,0,0,0,1,0,0,0,0,0,0,0,0,0,0,0,0,0,0,0,0,0,0,0,1,0,0,0,0,
2,2,1,0,0,0,0,0,0,0,0,0,0,0,0,0,0,0,0,0,0,0,1,0,0,0,0,1,0,0,0,0,0,0,1,0,0,0,0,0,1,0,0,0,0,0,0,1,0,0,0,0,
3,6,2,0,0,0,0,0,0,1,0,0,0,0,0,1,0,0,0,0,0,0,2,0,0,0,0,1,0,1,0,0,0,0,1,0,0,0,0,0,1,1,0,0,0,0,1,1,0,0,0,0,
4,13,3,0,1,0,0,0,0,2,0,0,0,0,0,2,1,0,0,0,0,1,3,0,0,0,0,1,0,1,0,0,0,0,1,0,0,0,0,0,1,1,0,0,0,0,1,1,1,1,1,1,
5,23,4,0,2,0,0,0,0,3,0,0,0,0,0,3,2,0,0,0,0,2,4,1,0,1,1,1,0,1,0,0,0,0,1,0,0,1,0,0,1,1,0,0,0,0,1,1,1,0,1,1,
6,31,5,0,3,0,0,0,0,4,0,0,1,0,0,4,3,0,0,0,0,3,4,2,0,1,1,1,0,1,1,0,0,1,1,0,1,1,1,1,1,1,0,0,1,1,1,0,1,0,1,0,
7,47,6,0,4,1,0,0,1,5,0,1,2,1,1,5,4,0,0,1,1,4,4,3,0,2,1,1,0,1,1,1,1,1,1,0,1,1,1,1,1,1,1,1,1,1,1,0,1,1,1,0,
8,68,7,0,5,2,1,1,2,6,0,2,3,2,2,6,5,1,1,2,2,5,4,4,1,3,1,1,0,1,1,1,1,1,1,0,1,1,1,1,1,1,1,1,1,1,1,1,1,1,1,0,
9,90,8,0,6,3,2,2,3,7,0,3,4,3,3,7,6,2,2,3,3,6,5,5,2,4,1,1,0,1,1,1,1,1,1,0,1,1,1,1,1,1,1,1,1,1,1,1,1,1,1,0,
10,112,9,0,7,4,3,3,4,8,0,4,5,4,4,8,7,3,3,4,4,7,6,6,3,5,1,1,0,1,1,1,1,1,1,0,1,1,1,1,1,1,1,1,1,1,1,1,1,1,1,0,
11,135,10,0,8,5,4,4,5,9,0,5,6,5,5,9,8,4,4,5,5,8,7,7,4,6,2,1,1,1,1,1,1,1,1,1,1,1,1,1,1,1,1,1,1,1,1,1,1,1,1,1,
12,160,11,1,9,6,5,5,6,10,1,6,7,6,6,10,9,5,5,6,6,9,8,8,5,7,3,1,1,1,1,1,1,1,1,1,1,1,1,1,1,1,1,1,1,1,1,1,1,1,1,1,
13,185,12,2,10,7,6,6,7,11,2,7,8,7,7,11,10,6,6,7,7,10,9,9,6,8,4,1,1,1,1,1,1,1,1,1,1,1,1,1,1,1,1,1,1,1,1,1,1,1,1,1,
14,210,13,3,11,8,7,7,8,12,3,8,9,8,8,12,11,7,7,8,8,11,10,10,7,9,5,1,1,1,1,1,1,1,1,1,1,1,1,1,1,1,1,1,1,1,1,1,1,1,1,1,
15,235,14,4,12,9,8,8,9,13,4,9,10,9,9,13,12,8,8,9,9,12,11,11,8,10,6,1,1,1,1,1,1,1,1,1,1,1,1,1,1,1,1,1,1,1,1,1,1,1,1,1,
16,260,15,5,13,10,9,9,10,14,5,10,11,10,10,14,13,9,9,10,10,13,12,12,9,11,7,1,1,1,1,1,1,1,1,1,1,1,1,1,1,1,1,1,1,1,1,1,1,1,1,1,
17,285,16,6,14,11,10,10,11,15,6,11,12,11,11,15,14,10,10,11,11,14,13,13,10,12,8,1,1,1,1,1,1,1,1,1,1,1,1,1,1,1,1,1,1,1,1,1,1,1,1,1,
18,310,17,7,15,12,11,11,12,16,7,12,13,12,12,16,15,11,11,12,12,15,14,14,11,13,9,1,1,1,1,1,1,1,1,1,1,1,1,1,1,1,1,1,1,1,1,1,1,1,1,1,
19,335,18,8,16,13,12,12,13,17,8,13,14,13,13,17,16,12,12,13,13,16,15,15,12,14,10,1,1,1,1,1,1,1,1,1,1,1,1,1,1,1,1,1,1,1,1,1,1,1,1,1,
20,360,19,9,17,14,13,13,14,18,9,14,15,14,14,18,17,13,13,14,14,17,16,16,13,15,11,1,1,1,1,1,1,1,1,1,1,1,1,1,1,1,1,1,1,1,1,1,1,1,1,1,
21,385,20,10,18,15,14,14,15,19,10,15,16,15,15,19,18,14,14,15,15,18,17,17,14,16,12,1,1,1,1,1,1,1,1,1,1,1,1,1,1,1,1,1,1,1,1,1,1,1,1,1,
22,410,21,11,19,16,15,15,16,20,11,16,17,16,16,20,19,15,15,16,16,19,18,18,15,17,13,1,1,1,1,1,1,1,1,1,1,1,1,1,1,1,1,1,1,1,1,1,1,1,1,1,
23,435,22,12,20,17,16,16,17,21,12,17,18,17,17,21,20,16,16,17,17,20,19,19,16,18,14,1,1,1,1,1,1,1,1,1,1,1,1,1,1,1,1,1,1,1,1,1,1,1,1,1,
24,460,23,13,21,18,17,17,18,22,13,18,19,18,18,22,21,17,17,18,18,21,20,20,17,19,15,1,1,1,1,1,1,1,1,1,1,1,1,1,1,1,1,1,1,1,1,1,1,1,1,1,
25,485,24,14,22,19,18,18,19,23,14,19,20,19,19,23,22,18,18,19,19,22,21,21,18,20,16,1,1,1,1,1,1,1,1,1,1,1,1,1,1,1,1,1,1,1,1,1,1,1,1,1,
26,510,25,15,23,20,19,19,20,24,15,20,21,20,20,24,23,19,19,20,20,23,22,22,19,21,17,1,1,1,1,1,1,1,1,1,1,1,1,1,1,1,1,1,1,1,1,1,1,1,1,1,
27,535,26,16,24,21,20,20,21,25,16,21,22,21,21,25,24,20,20,21,21,24,23,23,20,22,18,1,1,1,1,1,1,1,1,1,1,1,1,1,1,1,1,1,1,1,1,1,1,1,1,1,
28,560,27,17,25,22,21,21,22,26,17,22,23,22,22,26,25,21,21,22,22,25,24,24,21,23,19,1,1,1,1,1,1,1,1,1,1,1,1,1,1,1,1,1,1,1,1,1,1,1,1,1,
29,585,28,18,26,23,22,22,23,27,18,23,24,23,23,27,26,22,22,23,23,26,25,25,22,24,20,1,1,1,1,1,1,1,1,1,1,1,1,1,1,1,1,1,1,1,1,1,1,1,1,1,
30,610,29,19,27,24,23,23,24,28,19,24,25,24,24,28,27,23,23,24,24,27,26,26,23,25,21,1,1,1,1,1,1,1,1,1,1,1,1,1,1,1,1,1,1,1,1,1,1,1,1,1,
31,635,30,20,28,25,24,24,25,29,20,25,26,25,25,29,28,24,24,25,25,28,27,27,24,26,22,1,1,1,1,1,1,1,1,1,1,1,1,1,1,1,1,1,1,1,1,1,1,1,1,1,
32,660,31,21,29,26,25,25,26,30,21,26,27,26,26,30,29,25,25,26,26,29,28,28,25,27,23,1,1,1,1,1,1,1,1,1,1,1,1,1,1,1,1,1,1,1,1,1,1,1,1,1,
33,685,32,22,30,27,26,26,27,31,22,27,28,27,27,31,30,26,26,27,27,30,29,29,26,28,24,1,1,1,1,1,1,1,1,1,1,1,1,1,1,1,1,1,1,1,1,1,1,1,1,1,
34,710,33,23,31,28,27,27,28,32,23,28,29,28,28,32,31,27,27,28,28,31,30,30,27,29,25,1,1,1,1,1,1,1,1,1,1,1,1,1,1,1,1,1,1,1,1,1,1,1,1,1,
35,735,34,24,32,29,28,28,29,33,24,29,30,29,29,33,32,28,28,29,29,32,31,31,28,30,26,1,1,1,1,1,1,1,1,1,1,1,1,1,1,1,1,1,1,1,1,1,1,1,1,1,
36,760,35,25,33,30,29,29,30,34,25,30,31,30,30,34,33,29,29,30,30,33,32,32,29,31,27,1,1,1,1,1,1,1,1,1,1,1,1,1,1,1,1,1,1,1,1,1,1,1,1,1,
37,785,36,26,34,31,30,30,31,35,26,31,32,31,31,35,34,30,30,31,31,34,33,33,30,32,28,1,1,1,1,1,1,1,1,1,1,1,1,1,1,1,1,1,1,1,1,1,1,1,1,1,
38,810,37,27,35,32,31,31,32,36,27,32,33,32,32,36,35,31,31,32,32,35,34,34,31,33,29,1,1,1,1,1,1,1,1,1,1,1,1,1,1,1,1,1,1,1,1,1,1,1,1,1,
39,834,38,27,36,33,32,32,33,37,28,33,34,33,33,37,36,32,32,33,33,36,35,35,32,34,30,1,0,1,1,1,1,1,1,1,1,1,1,1,1,1,1,1,1,1,1,1,1,1,1,1,
40,858,39,27,37,34,33,33,34,38,29,34,35,34,34,38,37,33,33,34,34,37,36,36,33,35,31,1,1,1,1,1,1,1,1,1,1,1,1,1,1,1,1,1,1,1,1,1,1,1,1,1,
41,883,40,28,38,35,34,34,35,39,30,35,36,35,35,39,38,34,34,35,35,38,37,37,34,36,32,1,1,1,1,1,1,1,1,1,1,1,1,1,1,1,1,1,1,1,1,1,1,1,1,1,
42,908,41,29,39,36,35,35,36,40,31,36,37,36,36,40,39,35,35,36,36,39,38,38,35,37,33,1,1,1,1,1,1,1,1,1,1,1,1,1,1,1,1,1,1,1,1,1,1,1,1,1,
43,933,42,30,40,37,36,36,37,41,32,37,38,37,37,41,40,36,36,37,37,40,39,39,36,38,34,1,1,1,1,1,1,1,1,1,1,1,1,1,1,1,1,1,1,1,1,1,1,1,1,1,
44,958,43,31,41,38,37,37,38,42,33,38,39,38,38,42,41,37,37,38,38,41,40,40,37,39,35,1,1,1,1,1,1,1,1,1,1,1,1,1,1,1,1,1,1,1,1,1,1,1,1,1,
45,983,44,32,42,39,38,38,39,43,34,39,40,39,39,43,42,38,38,39,39,42,41,41,38,40,36,1,1,1,1,1,1,1,1,1,1,1,1,1,1,1,1,1,1,1,1,1,1,1,1,1,
46,1008,45,33,43,40,39,39,40,44,35,40,41,40,40,44,43,39,39,40,40,43,42,42,39,41,37,1,1,1,1,1,1,1,1,1,1,1,1,1,1,1,1,1,1,1,1,1,1,1,1,1,
47,1033,46,34,44,41,40,40,41,45,36,41,42,41,41,45,44,40,40,41,41,44,43,43,40,42,38,1,1,1,1,1,1,1,1,1,1,1,1,1,1,1,1,1,1,1,1,1,1,1,1,1,
48,1058,47,35,45,42,41,41,42,46,37,42,43,42,42,46,45,41,41,42,42,45,44,44,41,43,39,1,1,1,1,1,1,1,1,1,1,1,1,1,1,1,1,1,1,1,1,1,1,1,1,1,
49,1083,48,36,46,43,42,42,43,47,38,43,44,43,43,47,46,42,42,43,43,46,45,45,42,44,40,1,1,1,1,1,1,1,1,1,1,1,1,1,1,1,1,1,1,1,1,1,1,1,1,1,
50,1108,49,37,47,44,43,43,44,48,39,44,45,44,44,48,47,43,43,44,44,47,46,46,43,45,41,1,1,1,1,1,1,1,1,1,1,1,1,1,1,1,1,1,1,1,1,1,1,1,1,1,
51,1133,50,38,48,45,44,44,45,49,40,45,46,45,45,49,48,44,44,45,45,48,47,47,44,46,42,1,1,1,1,1,1,1,1,1,1,1,1,1,1,1,1,1,1,1,1,1,1,1,1,1,
52,1158,51,39,49,46,45,45,46,50,41,46,47,46,46,50,49,45,45,46,46,49,48,48,45,47,43,1,1,1,1,1,1,1,1,1,1,1,1,1,1,1,1,1,1,1,1,1,1,1,1,1,
53,1183,52,40,50,47,46,46,47,51,42,47,48,47,47,51,50,46,46,47,47,50,49,49,46,48,44,1,1,1,1,1,1,1,1,1,1,1,1,1,1,1,1,1,1,1,1,1,1,1,1,1,
54,1207,53,41,51,48,47,47,48,52,43,48,49,48,48,52,51,47,47,48,48,51,50,50,46,49,45,1,1,1,1,1,1,1,1,1,1,1,1,1,1,1,1,1,1,1,1,1,1,1,1,1,
55,1231,54,42,52,49,48,48,49,53,44,49,50,49,49,53,52,48,48,49,48,52,51,51,47,50,46,1,1,1,1,1,1,1,1,1,1,1,1,1,1,1,1,1,1,0,1,1,1,1,1,1,
56,1255,55,43,53,50,49,49,50,54,45,50,51,50,50,54,53,49,49,50,48,53,52,52,48,51,47,1,1,1,1,1,1,1,1,1,1,1,1,1,1,1,1,1,1,1,1,1,1,1,1,1,
57,1278,56,44,54,51,50,50,51,55,46,51,52,51,50,55,54,50,50,51,49,54,53,53,48,52,48,1,1,1,1,1,1,1,1,1,1,1,1,1,1,1,1,1,1,1,1,1,1,0,1,1,
58,1301,57,45,55,52,51,50,52,56,47,52,53,52,51,56,55,51,51,52,50,55,54,54,48,53,49,1,1,1,1,1,0,1,1,1,1,1,1,1,1,1,1,1,1,1,1,1,1,0,1,1,
59,1324,58,46,56,53,52,50,53,57,48,53,54,53,52,57,56,52,52,53,51,56,55,55,48,54,50,1,1,1,1,1,1,1,1,1,1,1,1,1,1,1,1,1,1,1,1,1,1,0,1,1,
60,1348,59,47,57,54,53,51,54,58,49,54,55,54,53,58,57,53,53,54,52,57,56,56,48,55,51,1,1,1,1,1,1,1,1,1,1,1,1,1,1,1,1,1,1,1,1,1,1,0,1,1,
61,1372,60,48,58,55,54,52,55,59,50,55,56,55,54,59,58,54,54,55,53,58,57,57,48,56,52,1,1,1,1,1,1,1,1,1,1,1,1,1,1,1,1,1,1,1,1,1,1,1,1,1,
62,1397,61,49,59,56,55,53,56,60,51,56,57,56,55,60,59,55,55,56,54,59,58,58,49,57,53,1,1,1,1,1,1,1,1,1,1,1,1,1,1,1,1,1,1,1,1,1,1,1,1,1,
63,1421,62,50,60,57,56,54,57,61,52,57,58,57,56,61,60,56,56,57,55,59,59,59,50,58,54,1,1,1,1,1,1,1,1,1,1,1,1,1,1,1,1,1,1,1,1,1,1,1,1,1,
64,1445,63,51,61,58,57,55,58,62,53,58,59,58,57,62,61,57,57,58,56,60,60,60,50,59,55,1,1,1,1,1,1,1,1,1,1,1,1,1,1,1,1,1,1,1,1,1,1,0,1,1,
65,1469,64,52,62,59,58,56,59,63,54,59,60,59,58,63,62,58,58,59,57,61,61,61,50,60,56,1,1,1,1,1,1,1,1,1,1,1,1,1,1,1,1,1,1,1,1,1,1,1,1,1,
66,1494,65,53,63,60,59,57,60,64,55,60,61,60,59,64,63,59,59,60,58,62,62,62,51,61,57,1,1,1,1,1,1,1,1,1,1,1,1,1,1,1,1,1,1,1,1,1,1,1,1,1,
67,1517,66,54,64,61,60,58,61,65,56,61,62,61,60,65,64,60,60,61,59,62,63,63,51,62,58,1,1,1,1,1,1,1,1,1,1,1,1,1,1,1,1,1,1,1,0,1,1,0,1,1,
68,1540,67,55,65,62,61,58,62,66,57,62,63,62,61,66,65,61,61,62,60,63,64,64,51,63,59,1,1,1,1,1,0,1,1,1,1,1,1,1,1,1,1,1,1,1,1,1,1,0,1,1,
69,1563,68,56,66,63,62,58,63,67,58,63,64,63,62,67,66,62,62,63,61,64,65,65,51,64,60,1,1,1,1,1,1,1,1,1,1,1,1,1,1,1,1,1,1,1,1,1,1,0,1,1,
70,1587,69,57,67,64,63,59,64,68,59,64,65,64,63,68,67,63,63,64,62,65,66,66,51,65,61,1,1,1,1,1,1,1,1,1,1,1,1,1,1,1,1,1,1,1,1,1,1,0,1,1,
71,1611,70,58,68,65,64,60,65,69,60,65,66,65,64,69,68,64,64,65,63,66,67,67,51,66,62,1,1,1,1,1,1,1,1,1,1,1,1,1,1,1,1,1,1,1,1,1,1,1,1,1,
72,1636,71,59,69,66,65,61,66,70,61,66,67,66,65,70,69,65,65,66,64,67,68,68,52,67,63,1,1,1,1,1,1,1,1,1,1,1,1,1,1,1,1,1,1,1,1,1,1,1,1,1,
73,1661,72,60,70,67,66,62,67,71,62,67,68,67,66,71,70,66,66,67,65,68,69,69,53,68,64,1,1,1,1,1,1,1,1,1,1,1,1,1,1,1,1,1,1,1,1,1,1,1,1,1,
74,1685,73,61,71,68,67,63,68,72,63,68,69,68,67,72,71,67,67,68,66,68,70,70,54,69,65,1,1,1,1,1,1,1,1,1,1,1,1,1,1,1,1,1,1,1,0,1,1,1,1,1,
75,1709,74,62,72,69,68,64,69,73,64,69,70,69,68,73,72,68,68,69,67,68,71,71,55,70,66,1,1,1,1,1,1,1,1,1,1,1,1,1,1,1,1,1,1,1,0,1,1,1,1,1,
76,1733,75,63,73,70,69,65,70,74,65,70,71,70,69,74,73,69,69,70,68,68,72,72,56,71,67,1,1,1,1,1,1,1,1,1,1,1,1,1,1,1,1,1,1,1,1,1,1,1,1,1,
77,1758,76,64,74,71,70,66,71,75,66,71,72,71,70,75,74,70,70,71,69,69,73,73,57,72,68,1,1,1,1,1,1,1,1,1,1,1,1,1,1,1,1,1,1,1,1,1,1,1,1,1,
78,1783,77,65,75,72,71,67,72,76,67,72,73,72,71,76,75,71,71,72,70,70,74,74,58,73,69,1,1,1,1,1,1,1,1,1,1,1,1,1,1,1,1,1,1,1,1,1,1,1,1,1,
79,1807,78,66,76,73,72,68,73,77,68,73,74,73,72,77,76,72,72,73,71,70,75,75,59,74,70,1,1,1,1,1,1,1,1,1,1,1,1,1,1,1,1,1,1,1,1,1,1,1,1,1,
80,1832,79,67,77,74,73,69,74,78,69,74,75,74,73,78,77,73,73,74,72,71,76,76,60,75,71,1,1,1,1,1,1,1,1,1,1,1,1,1,1,1,1,1,1,1,1,1,1,1,1,1,
81,1857,80,68,78,75,74,70,75,79,70,75,76,75,74,79,78,74,74,75,73,72,77,77,61,76,72,1,1,1,1,1,1,1,1,1,1,1,1,1,1,1,1,1,1,1,1,1,1,1,1,1,
82,1881,80,69,79,76,75,71,76,80,71,76,77,76,75,80,79,75,75,76,74,73,78,78,62,77,73,0,1,1,1,1,1,1,1,1,1,1,1,1,1,1,1,1,1,1,1,1,1,1,1,1,
83,1905,80,70,80,77,76,72,77,81,72,77,78,77,76,81,80,76,76,77,75,74,79,79,63,78,74,1,1,1,1,1,1,1,1,1,1,1,1,1,1,1,1,1,1,1,1,1,1,1,1,1,
84,1930,81,71,81,78,77,73,78,82,73,78,79,78,77,82,81,77,77,78,76,75,80,80,64,79,75,1,1,1,1,1,1,1,1,1,1,1,1,1,1,1,1,1,1,1,1,1,1,1,1,1,
85,1955,82,72,82,79,78,74,79,83,74,79,80,79,78,83,82,78,78,79,77,76,81,81,65,80,76,1,1,1,1,1,1,1,1,1,1,1,1,1,1,1,1,1,1,1,1,1,1,1,1,1,
86,1980,83,73,83,80,79,75,80,84,75,80,81,80,79,84,83,79,79,80,78,77,82,82,66,81,77,1,1,1,1,1,1,1,1,1,1,1,1,1,1,1,1,1,1,1,1,1,1,1,1,1,
87,2005,84,74,84,81,80,76,81,85,76,81,82,81,80,85,84,80,80,81,79,78,83,83,67,82,78,1,1,1,1,1,1,1,1,1,1,1,1,1,1,1,1,1,1,1,1,1,1,1,1,1,
88,2030,85,75,85,82,81,77,82,86,77,82,83,82,81,86,85,81,81,82,80,79,84,84,68,83,79,1,1,1,1,1,1,1,1,1,1,1,1,1,1,1,1,1,1,1,1,1,1,1,1,1,
89,2055,86,76,86,83,82,78,83,87,78,83,84,83,82,87,86,82,82,83,81,80,85,85,69,84,80,1,1,1,1,1,1,1,1,1,1,1,1,1,1,1,1,1,1,1,1,1,1,1,1,1,
90,2080,87,77,87,84,83,79,84,88,79,84,85,84,83,88,87,83,83,84,82,81,86,86,70,85,81,1,1,1,1,1,1,1,1,1,1,1,1,1,1,1,1,1,1,1,1,1,1,1,1,1,
91,2105,88,78,88,85,84,80,85,89,80,85,86,85,84,89,88,84,84,85,83,82,87,87,71,86,82,1,1,1,1,1,1,1,1,1,1,1,1,1,1,1,1,1,1,1,1,1,1,1,1,1,
92,2130,89,79,89,86,85,81,86,90,81,86,87,86,85,90,89,85,85,86,84,83,88,88,72,87,83,1,1,1,1,1,1,1,1,1,1,1,1,1,1,1,1,1,1,1,1,1,1,1,1,1,
93,2155,90,80,90,87,86,82,87,91,82,87,88,87,86,91,90,86,86,87,85,84,89,89,73,88,84,1,1,1,1,1,1,1,1,1,1,1,1,1,1,1,1,1,1,1,1,1,1,1,1,1,
94,2180,91,81,91,88,87,83,88,92,83,88,89,88,87,92,91,87,87,88,86,85,90,90,74,89,85,1,1,1,1,1,1,1,1,1,1,1,1,1,1,1,1,1,1,1,1,1,1,1,1,1,
95,2205,92,82,92,89,88,84,89,93,84,89,90,89,88,93,92,88,88,89,87,86,91,91,75,90,86,1,1,1,1,1,1,1,1,1,1,1,1,1,1,1,1,1,1,1,1,1,1,1,1,1,
96,2230,93,83,93,90,89,85,90,94,85,90,91,90,89,94,93,89,89,90,88,87,92,92,76,91,87,1,1,1,1,1,1,1,1,1,1,1,1,1,1,1,1,1,1,1,1,1,1,1,1,1,
97,2255,94,84,94,91,90,86,91,95,86,91,92,91,90,95,94,90,90,91,89,88,93,93,77,92,88,1,1,1,1,1,1,1,1,1,1,1,1,1,1,1,1,1,1,1,1,1,1,1,1,1,
98,2280,95,85,95,92,91,87,92,96,87,92,93,92,91,96,95,91,91,92,90,89,94,94,78,93,89,1,1,1,1,1,1,1,1,1,1,1,1,1,1,1,1,1,1,1,1,1,1,1,1,1,
99,2304,96,86,96,93,91,88,93,97,88,93,94,93,92,97,96,92,92,93,91,90,95,95,79,94,90,1,1,1,1,0,1,1,1,1,1,1,1,1,1,1,1,1,1,1,1,1,1,1,1,1,
100,2327,97,87,97,94,91,89,93,98,89,94,95,94,93,98,97,93,93,94,92,91,96,96,80,95,91,1,1,1,1,1,1,1,1,1,1,1,1,1,1,1,1,1,1,1,1,1,1,1,1,1,
101,2352,98,88,98,95,92,90,94,99,90,95,96,95,94,99,98,94,94,95,93,92,97,97,81,96,92,1,1,1,1,1,1,1,1,1,1,1,1,1,1,1,1,1,1,1,1,1,1,1,1,1,
102,2377,99,89,99,96,93,91,95,100,91,96,97,96,95,100,99,95,95,96,94,93,98,98,82,97,93,1,1,1,1,1,1,1,1,1,1,1,1,1,1,1,1,1,1,1,1,1,1,1,1,1,
103,2402,100,90,100,97,94,92,96,101,92,97,98,97,96,101,100,96,96,97,95,94,99,99,83,98,94,1,1,1,1,1,1,1,1,1,1,1,1,1,1,1,1,1,1,1,1,1,1,1,1,1,
104,2427,101,91,101,98,95,93,97,102,93,98,99,98,97,102,101,97,97,98,96,95,100,100,84,99,95,1,1,1,1,1,1,1,1,1,1,1,1,1,1,1,1,1,1,1,1,1,1,1,1,1,
105,2452,102,92,102,99,96,94,98,103,94,99,100,99,98,103,102,98,98,99,97,96,101,101,85,100,96,1,1,1,1,1,1,1,1,1,1,1,1,1,1,1,1,1,1,1,1,1,1,1,1,1,
106,2477,103,93,103,100,97,95,99,104,95,100,101,100,99,104,103,99,99,100,98,97,102,102,86,101,97,1,1,1,1,1,1,1,1,1,1,1,1,1,1,1,1,1,1,1,1,1,1,1,1,1,
107,2502,104,94,104,101,98,96,100,105,96,101,102,101,100,105,104,100,100,101,99,98,103,103,87,102,98,1,1,1,1,1,1,1,1,1,1,1,1,1,1,1,1,1,1,1,1,1,1,1,1,1,
108,2527,105,95,105,102,99,97,101,106,97,102,103,102,101,106,105,101,101,102,100,99,104,104,88,103,99,1,1,1,1,1,1,1,1,1,1,1,1,1,1,1,1,1,1,1,1,1,1,1,1,1,
109,2552,106,96,106,103,100,98,102,107,98,103,104,103,102,107,106,102,102,103,101,100,105,105,89,104,100,1,1,1,1,1,1,1,1,1,1,1,1,1,1,1,1,1,1,1,1,1,1,1,1,1,
110,2576,107,97,107,104,101,99,103,108,99,104,105,104,103,108,107,103,103,103,102,101,106,106,90,105,101,1,1,1,1,1,1,1,1,1,1,1,1,1,1,1,1,1,1,1,1,1,1,1,1,1,
111,2601,108,98,108,105,102,100,104,109,100,105,106,105,104,109,108,104,104,104,103,102,107,107,91,106,102,1,1,1,1,1,1,1,1,1,1,1,1,1,1,1,1,1,1,1,1,1,1,1,1,1,
112,2626,109,99,109,106,103,101,105,110,101,106,107,106,105,110,109,105,105,105,104,103,108,108,92,107,103,1,1,1,1,1,1,1,1,1,1,1,1,1,1,1,1,1,1,1,1,1,1,1,1,1,
113,2650,110,100,110,107,104,102,106,111,102,107,108,107,106,111,110,106,106,105,105,104,109,109,93,108,104,1,1,1,1,1,1,1,1,1,1,1,1,1,1,1,1,1,1,1,1,1,1,1,1,1,
114,2675,111,101,111,108,105,103,107,112,103,108,109,108,107,112,111,107,107,106,106,105,110,110,94,109,105,1,1,1,1,1,1,1,1,1,1,1,1,1,1,1,1,1,1,1,1,1,1,1,1,1,
115,2699,112,102,112,109,106,104,108,113,104,108,110,109,108,113,112,108,108,107,107,106,111,111,95,110,106,1,1,1,1,1,1,1,1,1,0,1,1,1,1,1,1,1,1,1,1,1,1,1,1,1,
116,2723,113,103,113,110,107,105,109,114,105,108,111,110,109,114,113,109,109,108,108,107,112,112,96,111,107,1,1,1,1,1,1,1,1,1,1,1,1,1,1,1,1,1,1,1,1,1,1,1,1,1,
117,2747,114,104,114,111,108,106,110,115,106,109,112,111,110,115,114,110,110,109,109,108,113,113,97,111,108,1,1,1,1,1,1,1,1,1,1,1,1,1,1,1,1,1,1,1,1,1,1,1,1,1,
118,2772,115,105,115,112,109,107,111,116,107,110,113,112,111,116,115,111,111,110,110,109,114,114,98,112,109,1,1,1,1,1,1,1,1,1,1,1,1,1,1,1,1,1,1,1,1,1,1,1,1,1,
119,2796,116,106,116,113,110,108,112,117,108,111,114,113,112,117,116,112,112,110,111,110,115,115,99,113,110,1,1,1,1,1,1,1,1,1,1,1,1,1,1,1,1,1,0,1,1,1,1,1,1,1,
120,2820,117,107,117,114,111,109,113,118,109,112,115,114,113,118,117,113,113,110,112,111,116,116,100,114,111,1,1,1,1,1,1,1,1,1,1,1,1,1,1,1,1,1,1,1,1,1,1,1,1,1,
121,2844,118,108,118,115,112,110,114,119,110,113,116,115,114,119,118,114,114,111,113,112,117,117,101,114,112,1,1,1,1,1,1,1,1,1,1,1,1,1,1,1,1,1,1,1,1,1,1,1,1,1,
122,2869,119,109,119,116,113,111,115,120,111,114,117,116,115,120,119,115,115,112,114,113,118,118,102,115,113,1,1,1,1,1,1,1,1,1,1,1,1,1,1,1,1,1,1,1,1,1,1,1,1,1,
123,2894,120,110,120,117,114,112,116,121,112,115,118,117,116,121,120,116,116,113,115,114,119,119,103,116,114,1,1,1,1,1,1,1,1,1,1,1,1,1,1,1,1,1,1,1,1,1,1,1,1,1,
124,2918,121,111,121,118,115,113,117,122,113,116,119,118,117,122,121,117,117,113,116,115,120,120,104,117,115,1,1,1,1,1,1,1,1,1,1,1,1,1,1,1,1,1,1,1,1,1,1,1,1,1,
125,2943,122,112,122,119,116,114,118,123,114,117,120,119,118,123,122,118,118,114,117,116,121,121,105,118,116,1,1,1,1,1,1,1,1,1,1,1,1,1,1,1,1,1,1,1,1,1,1,1,1,1,
126,2968,123,113,123,120,117,115,119,124,115,118,121,120,119,124,123,119,119,115,118,117,122,122,106,119,117,1,1,1,1,1,1,1,1,1,1,1,1,1,1,1,1,1,1,1,1,1,1,1,1,1,
127,2993,124,114,124,121,118,116,120,125,116,119,122,121,120,125,124,120,120,116,119,118,123,123,107,120,118,1,1,1,1,1,1,1,1,1,1,1,1,1,1,1,1,1,1,1,1,1,1,1,1,1,
128,3018,125,115,125,122,119,117,121,126,117,120,123,122,121,126,125,121,121,117,120,119,124,124,108,121,119,1,1,1,1,1,1,1,1,1,1,1,1,1,1,1,1,1,1,1,1,1,1,1,1,1,
129,3043,126,116,126,123,120,118,122,127,118,121,124,123,122,127,126,122,122,118,121,120,125,125,109,122,120,1,1,1,1,1,1,1,1,1,1,1,1,1,1,1,1,1,1,1,1,1,1,1,1,1,
130,3068,127,117,127,124,121,119,123,128,119,122,125,124,123,128,127,123,123,119,122,121,126,126,110,123,121,1,1,1,1,1,1,1,1,1,1,1,1,1,1,1,1,1,1,1,1,1,1,1,1,1,
131,3093,128,118,128,125,122,120,124,129,120,123,126,125,124,129,128,124,124,120,123,122,127,127,111,124,122,1,1,1,1,1,1,1,1,1,1,1,1,1,1,1,1,1,1,1,1,1,1,1,1,1,
132,3118,129,119,129,126,123,121,125,130,121,124,127,126,125,130,129,125,125,121,124,123,128,128,112,125,123,1,1,1,1,1,1,1,1,1,1,1,1,1,1,1,1,1,1,1,1,1,1,1,1,1,
133,3143,130,120,130,127,124,122,126,131,122,125,128,127,126,131,130,126,126,122,125,124,129,129,113,126,124,1,1,1,1,1,1,1,1,1,1,1,1,1,1,1,1,1,1,1,1,1,1,1,1,1,
134,3168,131,121,131,128,125,123,127,132,123,126,129,128,127,132,131,127,127,123,126,125,130,130,114,127,125,1,1,1,1,1,1,1,1,1,1,1,1,1,1,1,1,1,1,1,1,1,1,1,1,1,
135,3193,132,122,132,129,126,124,128,133,124,127,130,129,128,133,132,128,128,124,127,126,131,131,115,128,126,1,1,1,1,1,1,1,1,1,1,1,1,1,1,1,1,1,1,1,1,1,1,1,1,1,
136,3218,133,123,133,130,127,125,129,134,125,128,131,130,129,134,133,129,129,125,128,127,132,132,116,129,127,1,1,1,1,1,1,1,1,1,1,1,1,1,1,1,1,1,1,1,1,1,1,1,1,1,
137,3242,134,123,134,131,128,126,130,135,126,129,132,131,130,135,134,130,130,126,129,128,133,133,117,130,128,1,1,1,1,1,1,1,1,1,1,1,1,1,1,1,1,1,1,1,1,1,1,1,1,1,
138,3267,135,124,135,132,129,127,131,136,127,130,133,132,131,136,135,131,131,127,130,129,134,134,118,131,129,1,1,1,1,1,1,1,1,1,1,1,1,1,1,1,1,1,1,1,1,1,1,1,1,1,
139,3292,136,125,136,133,130,128,132,137,128,131,134,133,132,137,136,132,132,128,131,130,135,135,119,132,130,1,1,1,1,1,1,1,1,1,1,1,1,1,1,1,1,1,1,1,1,1,1,1,1,1,
140,3316,137,125,137,134,131,129,133,138,129,132,135,134,133,138,137,133,133,129,132,131,136,136,120,133,131,1,1,1,1,1,1,1,1,1,1,1,1,1,1,1,1,1,1,1,1,1,1,1,1,1,
141,3340,138,126,138,135,132,130,134,139,130,133,136,135,134,139,138,134,134,130,133,132,137,137,121,133,132,1,1,1,1,1,1,1,1,1,1,1,1,1,1,1,1,1,1,1,1,1,1,1,1,1,
142,3365,139,127,139,136,133,131,135,140,131,134,137,136,135,140,139,135,135,131,134,133,138,138,122,134,133,1,1,1,1,1,1,1,1,1,1,1,1,1,1,1,1,1,1,1,1,1,1,1,1,1,
143,3388,140,127,140,137,134,132,136,141,132,135,138,137,136,141,140,136,135,132,135,134,139,139,123,135,134,1,1,1,1,1,1,1,1,1,1,1,1,1,1,1,1,1,1,1,1,1,1,1,1,1,
144,3412,141,128,141,138,135,133,137,142,133,136,139,138,137,142,141,137,136,133,136,135,140,140,124,135,135,1,1,1,1,1,1,1,1,1,1,1,1,1,1,1,1,1,1,1,1,1,1,1,1,1,
145,3437,142,129,142,139,136,134,138,143,134,137,140,139,138,143,142,138,137,134,137,136,141,141,125,136,136,1,1,1,1,1,1,1,1,1,1,1,1,1,1,1,1,1,1,1,1,1,1,1,1,1,
146,3461,143,130,143,140,137,135,139,144,135,138,141,140,139,144,143,139,137,135,138,137,142,142,126,137,137,1,1,1,1,1,1,1,1,1,1,1,1,1,1,1,1,1,1,1,1,1,1,1,1,1,
147,3486,144,131,144,141,138,136,140,145,136,139,142,141,140,145,144,140,138,136,139,138,143,143,127,138,138,1,1,1,1,1,1,1,1,1,1,1,1,1,1,1,1,1,1,1,1,1,1,1,1,1,
148,3511,145,132,145,142,139,137,141,146,137,140,143,142,141,146,145,141,139,137,140,139,144,144,128,139,139,1,1,1,1,1,1,1,1,1,1,1,1,1,1,1,1,1,1,1,1,1,1,1,1,1,
149,3536,146,133,146,143,140,138,142,147,138,141,144,143,142,147,146,142,140,138,141,140,145,145,129,140,140,1,1,1,1,1,1,1,1,1,1,1,1,1,1,1,1,1,1,1,1,1,1,1,1,1,
150,3559,147,134,147,144,141,139,143,148,139,142,145,144,143,148,147,143,140,139,142,141,146,146,129,141,141,1,1,1,1,1,1,1,1,1,1,1,1,1,1,1,1,1,1,1,1,1,1,1,1,1,
151,3584,148,135,148,145,142,140,144,149,140,143,146,145,144,149,148,144,141,140,143,142,147,147,130,142,142,1,1,1,1,1,1,1,1,1,1,1,1,1,1,1,1,1,1,1,1,1,1,1,1,1,
152,3609,149,136,149,146,143,141,145,150,141,144,147,146,145,150,149,145,142,141,144,143,148,148,131,143,143,1,1,1,1,1,1,1,1,1,1,1,1,1,1,1,1,1,1,1,1,1,1,1,1,1,
153,3633,150,137,150,147,144,142,146,151,142,145,148,147,146,151,150,146,143,142,145,144,149,149,131,144,144,1,1,1,1,1,1,1,1,1,1,1,1,1,1,1,1,1,1,1,1,1,1,0,1,1,
154,3656,151,138,151,148,145,143,147,152,143,146,149,148,147,152,151,147,144,143,145,145,150,150,131,145,145,1,1,1,1,1,1,1,1,1,1,1,1,1,1,1,1,1,1,0,1,1,1,1,1,1,
155,3679,152,139,152,149,146,144,148,153,144,147,150,149,147,153,152,148,145,144,145,146,151,151,132,146,146,1,1,1,1,1,1,1,1,1,1,1,1,1,1,1,1,1,1,0,1,1,1,1,1,1,
156,3703,153,140,153,150,147,145,149,154,145,148,151,150,148,154,153,149,146,145,145,147,152,152,133,147,147,1,1,1,1,1,1,1,1,1,1,1,1,1,1,1,1,1,1,1,1,1,1,1,1,1,
157,3728,154,141,154,151,148,146,150,155,146,149,152,151,149,155,154,150,147,146,146,148,153,153,134,148,148,1,1,1,1,1,1,1,1,1,1,1,1,1,1,1,1,1,1,1,1,1,1,1,1,1,
158,3753,155,142,155,152,149,147,151,156,147,150,153,152,150,156,155,151,148,147,147,149,154,154,135,149,149,1,1,1,1,1,1,1,1,1,1,1,1,1,1,1,1,1,1,1,1,1,1,1,1,1,
159,3777,156,143,156,153,150,148,152,157,148,151,154,153,151,157,156,152,149,148,147,150,155,155,136,150,150,1,1,1,1,1,1,1,1,1,1,1,1,1,1,1,1,1,1,1,1,1,1,1,1,1,
160,3802,157,144,157,154,151,149,153,158,149,152,155,154,152,158,157,153,150,149,148,151,156,156,137,151,151,1,1,1,1,1,1,1,1,1,1,1,1,1,1,1,1,1,1,1,1,1,1,1,1,1,
161,3827,158,145,158,155,152,150,154,159,150,153,156,155,153,159,158,154,151,150,149,152,157,157,138,152,152,1,1,1,1,1,1,1,1,1,1,1,1,1,1,1,1,1,1,1,1,1,1,1,1,1,
162,3852,159,146,159,156,153,151,155,160,151,154,157,156,154,160,159,155,152,151,150,153,158,158,139,153,153,1,1,1,1,1,1,1,1,1,1,1,1,1,1,1,1,1,1,1,1,1,1,1,1,1,
163,3877,160,147,160,157,154,152,156,161,152,155,158,157,155,161,160,156,153,152,151,154,159,159,140,154,154,1,1,1,1,1,1,1,1,1,1,1,1,1,1,1,1,1,1,1,1,1,1,1,1,1,
164,3902,161,148,161,158,155,153,157,162,153,156,159,158,156,162,161,157,154,153,152,155,160,160,141,155,155,1,1,1,1,1,1,1,1,1,1,1,1,1,1,1,1,1,1,1,1,1,1,1,1,1,
165,3927,162,149,162,159,156,154,158,163,154,157,160,159,157,163,162,158,155,154,153,156,161,161,142,156,156,1,1,1,1,1,1,1,1,1,1,1,1,1,1,1,1,1,1,1,1,1,1,1,1,1,
166,3952,163,150,163,160,157,155,159,164,155,158,161,160,158,164,163,159,156,155,154,157,162,162,143,157,157,1,1,1,1,1,1,1,1,1,1,1,1,1,1,1,1,1,1,1,1,1,1,1,1,1,
167,3977,164,151,164,161,158,156,160,165,156,159,162,161,159,165,164,160,157,156,155,158,163,163,144,158,158,1,1,1,1,1,1,1,1,1,1,1,1,1,1,1,1,1,1,1,1,1,1,1,1,1,
168,4002,165,152,165,162,159,157,161,166,157,160,163,162,160,166,165,161,158,157,156,159,164,164,145,159,159,1,1,1,1,1,1,1,1,1,1,1,1,1,1,1,1,1,1,1,1,1,1,1,1,1,
169,4027,166,153,166,163,160,158,162,167,158,161,164,163,161,167,166,162,159,158,157,160,165,165,146,160,160,1,1,1,1,1,1,1,1,1,1,1,1,1,1,1,1,1,1,1,1,1,1,1,1,1,
170,4051,167,154,167,164,161,159,163,168,159,162,165,164,162,168,167,163,160,159,158,161,166,166,147,160,161,1,1,1,1,1,1,1,1,1,1,1,1,1,1,1,1,1,1,1,1,1,1,1,1,1,
171,4075,168,155,168,165,162,160,164,169,160,163,165,165,163,169,168,164,161,160,159,162,167,167,148,161,162,1,1,1,1,1,1,1,1,1,1,0,1,1,1,1,1,1,1,1,1,1,1,1,1,1,
172,4098,169,156,169,166,163,161,165,170,161,164,165,166,164,170,169,165,162,161,160,163,168,168,149,161,163,1,1,1,1,1,1,1,1,1,1,0,1,1,1,1,1,1,1,1,1,1,1,1,0,1,
173,4121,170,157,170,167,164,162,166,171,162,165,165,167,165,171,170,166,163,162,161,164,169,169,150,161,164,1,1,1,1,1,1,1,1,1,1,0,1,1,1,1,1,1,1,1,1,1,1,1,0,1,
174,4144,171,158,171,168,165,163,167,172,163,166,165,168,166,172,171,167,164,163,162,165,170,170,151,161,165,1,1,1,1,1,1,1,1,1,1,1,1,1,1,1,1,1,1,1,1,1,1,1,0,1,
175,4168,172,159,172,169,166,164,168,173,164,167,166,169,167,173,172,168,165,164,163,166,171,171,152,161,166,1,1,1,1,1,1,1,1,1,1,1,1,1,1,1,1,1,1,1,1,1,1,1,1,1,
176,4193,173,160,173,170,167,165,169,174,165,168,167,170,168,174,173,169,166,165,164,167,172,172,153,162,167,1,1,1,1,1,1,1,1,1,1,1,1,1,1,1,1,1,1,1,1,1,1,1,1,1,
177,4218,174,161,174,171,168,166,170,175,166,169,168,171,169,175,174,170,167,166,165,168,173,173,154,163,168,1,1,1,1,1,1,1,1,1,1,1,1,1,1,1,1,1,1,1,1,1,1,1,1,1,
178,4243,175,162,175,172,169,167,171,176,167,170,169,172,170,176,175,171,168,167,166,169,174,174,155,164,169,1,1,1,1,1,1,1,1,1,1,1,1,1,1,1,1,1,1,1,1,1,1,1,1,1,
179,4268,176,163,176,173,170,168,172,177,168,171,170,173,171,177,176,172,169,168,167,170,175,175,156,165,170,1,1,1,1,1,1,1,1,1,1,1,1,1,1,1,1,1,1,1,1,1,1,1,1,1,
180,4293,177,164,177,174,171,169,173,178,169,172,171,174,172,178,177,173,170,169,168,171,176,176,157,166,171,1,1,1,1,1,1,1,1,1,1,1,1,1,1,1,1,1,1,1,1,1,1,1,1,1,
181,4318,178,165,178,175,172,170,174,179,170,173,172,175,173,179,178,174,171,170,169,172,177,177,158,167,172,1,1,1,1,1,1,1,1,1,1,1,1,1,1,1,1,1,1,1,1,1,1,1,1,1,
182,4342,179,166,179,176,173,171,175,180,171,174,173,176,174,180,179,175,172,171,170,172,178,178,159,168,173,1,1,1,1,1,1,1,1,1,1,1,1,1,1,1,1,1,1,1,1,1,1,1,1,1,
183,4367,180,167,180,177,174,172,176,181,172,175,174,177,175,181,180,176,173,172,171,173,179,179,160,169,174,1,1,1,1,1,1,1,1,1,1,1,1,1,1,1,1,1,1,1,1,1,1,1,1,1,
184,4392,181,168,181,178,175,173,177,182,173,176,175,178,176,182,181,177,174,173,172,174,180,180,161,170,175,1,1,1,1,1,1,1,1,1,1,1,1,1,1,1,1,1,1,1,1,1,1,1,1,1,
185,4416,182,169,182,179,176,174,178,183,174,177,176,179,177,183,182,178,175,174,173,174,181,181,162,171,176,1,1,1,1,1,1,1,1,1,1,1,1,1,1,1,1,1,1,1,1,1,1,1,1,1,
186,4441,183,170,183,180,177,175,179,184,175,178,177,180,178,184,183,179,176,175,174,175,182,182,163,172,177,1,1,1,1,1,1,1,1,1,1,1,1,1,1,1,1,1,1,1,1,1,1,1,1,1,
187,4466,184,171,184,181,178,176,180,185,176,179,178,181,179,185,184,180,177,176,175,176,183,183,164,173,178,1,1,1,1,1,1,1,1,1,1,1,1,1,1,1,1,1,1,1,1,1,1,1,1,1,
188,4491,185,172,185,182,179,177,181,186,177,180,179,182,180,186,185,181,178,177,176,177,184,184,165,174,179,1,1,1,1,1,1,1,1,1,1,1,1,1,1,1,1,1,1,1,1,1,1,1,1,1,
189,4516,186,173,186,183,180,178,182,187,178,181,180,183,181,187,186,182,179,178,177,178,185,185,166,175,180,1,1,1,1,1,1,1,1,1,1,1,1,1,1,1,1,1,1,1,1,1,1,1,1,1,
Completed in 189 rounds.
Completed in 79.3616 ms
