ROUND,TASKS COMPLETED,worker0 tasks,worker1 tasks,worker2 tasks,worker3 tasks,worker4 tasks,worker5 tasks,worker6 tasks,worker7 tasks,worker8 tasks,worker9 tasks,worker10 tasks,worker11 tasks,worker12 tasks,worker13 tasks,worker14 tasks,worker15 tasks,worker16 tasks,worker17 tasks,worker18 tasks,worker19 tasks,worker0 running,worker1 running,worker2 running,worker3 running,worker4 running,worker5 running,worker6 running,worker7 running,worker8 running,worker9 running,worker10 running,worker11 running,worker12 running,worker13 running,worker14 running,worker15 running,worker16 running,worker17 running,worker18 running,worker19 running,
1,0,0,0,0,0,0,0,0,0,0,0,0,0,0,0,0,0,0,0,0,0,1,0,0,0,0,0,0,0,0,0,0,0,0,0,0,0,0,0,0,0,
2,1,1,0,0,0,0,0,0,0,0,0,0,0,0,0,0,0,0,0,0,0,1,0,0,0,1,0,0,0,0,0,0,1,0,0,0,1,0,0,0,0,
3,5,2,0,0,0,1,0,0,0,0,0,0,1,0,0,0,1,0,0,0,0,1,0,0,0,1,0,0,0,0,0,0,1,0,0,0,1,0,0,0,1,
4,9,3,0,0,0,2,0,0,0,0,0,0,2,0,0,0,1,0,0,0,1,1,0,0,0,1,1,0,0,0,0,0,1,0,0,1,0,1,0,1,1,
5,17,4,0,0,0,3,1,0,0,0,0,0,3,0,0,1,1,1,0,1,2,1,0,0,0,1,1,1,1,0,0,0,1,0,0,1,0,1,0,1,1,
6,26,4,0,0,0,4,2,1,1,0,0,0,4,0,0,2,1,2,0,2,3,1,0,0,0,1,1,1,1,1,0,0,1,0,0,1,0,1,1,1,1,
7,38,5,0,0,0,5,3,2,2,1,0,0,5,0,0,3,1,3,1,3,4,1,0,0,0,1,1,1,1,1,0,1,1,0,0,1,1,1,1,1,1,
8,52,6,0,0,0,6,4,3,3,2,0,1,6,0,0,4,2,4,2,4,5,1,1,0,0,1,1,1,1,1,0,1,1,0,0,1,1,1,1,1,1,
9,67,7,1,0,0,7,5,4,4,3,0,2,7,0,0,5,3,5,3,5,6,1,1,0,1,1,1,1,1,1,0,1,1,0,0,1,1,1,1,1,1,
10,83,8,2,0,1,8,6,5,5,4,0,3,8,0,0,6,4,6,4,6,7,1,1,1,1,1,1,1,1,1,1,1,1,0,0,1,1,1,1,1,1,
11,101,9,3,1,2,9,7,6,6,5,1,4,9,0,0,7,5,7,5,7,8,1,1,1,1,1,1,1,1,1,1,1,1,1,0,1,1,1,1,1,1,
12,120,10,4,2,3,10,8,7,7,6,2,5,10,1,0,8,6,8,6,8,9,1,1,1,1,1,1,1,1,1,1,1,1,1,1,1,1,1,1,1,1,
13,140,11,5,3,4,11,9,8,8,7,3,6,11,2,1,9,7,9,7,9,10,1,1,1,1,1,1,1,1,1,1,1,1,1,1,1,1,1,1,1,1,
14,160,12,6,4,5,12,10,9,9,8,4,7,12,3,2,10,8,10,8,10,11,1,1,1,1,1,1,1,1,1,1,1,1,1,1,1,1,1,1,1,1,
15,180,13,7,5,6,13,11,10,10,9,5,8,13,4,3,11,9,11,9,11,12,1,1,1,1,1,1,1,1,1,1,1,1,1,1,1,1,1,1,1,1,
16,199,14,8,6,7,14,12,11,11,9,6,9,14,5,4,12,10,12,10,12,13,1,1,1,1,1,1,1,1,0,1,1,1,1,1,1,1,1,1,1,1,
17,218,15,9,7,8,15,13,12,12,9,7,10,15,6,5,13,11,13,11,13,14,1,1,1,1,1,1,1,1,0,1,1,1,1,1,1,1,1,1,1,1,
18,237,16,10,8,9,16,14,13,13,9,8,11,16,7,6,14,12,14,12,14,15,1,1,1,1,1,1,1,1,1,1,1,1,1,1,1,1,1,1,1,1,
19,257,17,11,9,10,17,15,14,14,10,9,12,17,8,7,15,13,15,13,15,16,1,1,1,1,1,1,1,1,1,1,1,1,1,1,1,1,1,1,1,1,
20,276,18,12,9,11,18,16,15,15,11,10,13,18,9,8,16,14,16,14,16,17,1,1,1,1,1,1,1,1,1,1,1,1,1,1,1,1,1,1,1,1,
21,294,19,13,10,11,19,17,16,16,11,11,14,19,10,9,17,15,17,15,17,18,1,1,1,1,1,1,1,1,0,1,1,1,1,1,1,1,1,1,1,1,
22,313,20,14,11,12,20,18,17,17,11,12,15,20,11,10,18,16,18,16,18,19,1,1,1,1,1,1,1,1,0,1,1,1,1,1,1,1,1,1,1,1,
23,332,21,15,12,13,21,19,18,18,11,13,16,21,12,11,19,17,19,17,19,20,1,1,1,1,1,1,1,1,0,1,1,1,1,1,1,1,1,1,1,1,
24,351,22,16,13,14,22,20,19,19,11,14,17,22,13,12,20,18,20,18,20,21,1,1,1,1,1,1,1,1,1,1,1,1,1,1,1,1,1,1,1,1,
25,370,23,17,14,15,23,21,20,20,12,15,18,23,13,13,21,19,21,19,21,22,1,1,1,1,1,1,1,1,1,1,1,1,0,1,1,1,1,1,1,1,
26,389,24,18,15,16,24,22,21,21,13,16,19,24,13,14,22,20,22,20,22,23,1,1,1,1,1,1,1,1,1,1,1,1,0,1,1,1,1,1,1,1,
27,408,25,19,16,17,25,23,22,22,14,17,20,25,13,15,23,21,23,21,23,24,1,1,1,1,1,1,1,1,1,1,1,1,0,1,1,1,1,1,1,1,
28,427,26,20,17,18,26,24,23,23,15,18,21,26,13,16,24,22,24,22,24,25,1,1,1,1,1,1,1,1,1,1,1,1,0,1,1,1,1,1,1,1,
29,447,27,21,18,19,27,25,24,24,16,19,22,27,14,17,25,23,25,23,25,26,1,1,1,1,1,1,1,1,1,1,1,1,1,1,1,1,1,1,1,1,
30,467,28,22,19,20,28,26,25,25,17,20,23,28,15,18,26,24,26,24,26,27,1,1,1,1,1,1,1,1,1,1,1,1,1,1,1,1,1,1,1,1,
31,487,29,23,20,21,29,27,26,26,18,21,24,29,16,19,27,25,27,25,27,28,1,1,1,1,1,1,1,1,1,1,1,1,1,1,1,1,1,1,1,1,
32,507,30,24,21,22,30,28,27,27,19,22,25,30,17,20,28,26,28,26,28,29,1,1,1,1,1,1,1,1,1,1,1,1,1,1,1,1,1,1,1,1,
33,527,31,25,22,23,31,29,28,28,20,23,26,31,18,21,29,27,29,27,29,30,1,1,1,1,1,1,1,1,1,1,1,1,1,1,1,1,1,1,1,1,
34,547,32,26,23,24,32,30,29,29,21,24,27,32,19,22,30,28,30,28,30,31,1,1,1,1,1,1,1,1,1,1,1,1,1,1,1,1,1,1,1,1,
35,567,33,27,24,25,33,31,30,30,22,25,28,33,20,23,31,29,31,29,31,32,1,1,1,1,1,1,1,1,1,1,1,1,1,1,1,1,1,1,1,1,
36,587,34,28,25,26,34,32,31,31,23,26,29,34,21,24,32,30,32,30,32,33,1,1,1,1,1,1,1,1,1,1,1,1,1,1,1,1,1,1,1,1,
37,607,35,29,26,27,35,33,32,32,24,27,30,35,22,25,33,31,33,31,33,34,1,1,1,1,1,1,1,1,1,1,1,1,1,1,1,1,1,1,1,1,
38,627,36,30,27,28,36,34,33,33,25,28,31,36,23,26,34,32,34,32,34,35,1,1,1,1,1,1,1,1,1,1,1,1,1,1,1,1,1,1,1,1,
39,647,37,31,28,29,37,35,34,34,26,29,32,37,24,27,35,33,35,33,35,36,1,1,1,1,1,1,1,1,1,1,1,1,1,1,1,1,1,1,1,1,
40,667,38,32,29,30,38,36,35,35,27,30,33,38,25,28,36,34,36,34,36,37,1,1,1,1,1,1,1,1,1,1,1,1,1,1,1,1,1,1,1,1,
41,686,39,33,30,31,39,37,36,36,28,31,34,39,25,29,37,35,37,35,37,38,1,1,1,1,1,1,1,1,1,1,1,1,1,1,1,1,1,1,1,1,
42,706,40,34,31,32,40,38,37,37,29,32,35,40,26,30,38,36,38,36,38,39,1,1,1,1,1,1,1,1,1,1,1,1,1,1,1,1,1,1,1,1,
43,726,41,35,32,33,41,39,38,38,30,33,36,41,27,31,39,37,39,37,39,40,1,1,1,1,1,1,1,1,1,1,1,1,1,1,1,1,1,1,1,1,
44,745,42,36,33,34,42,40,39,39,31,34,37,42,27,32,40,38,40,38,40,41,1,1,1,1,1,1,1,1,1,1,1,1,1,1,1,1,1,1,1,1,
45,764,43,37,34,35,43,41,40,40,32,35,38,43,28,33,41,39,41,38,41,42,1,1,1,1,1,1,1,1,1,1,1,1,1,1,1,1,1,1,1,1,
46,784,44,38,35,36,44,42,41,41,33,36,39,44,29,34,42,40,42,39,42,43,1,1,1,1,1,1,1,1,1,1,1,1,1,1,1,1,1,1,1,1,
47,804,45,39,36,37,45,43,42,42,34,37,40,45,30,35,43,41,43,40,43,44,1,1,1,1,1,1,1,1,1,1,1,1,1,1,1,1,1,1,1,1,
48,824,46,40,37,38,46,44,43,43,35,38,41,46,31,36,44,42,44,41,44,45,1,1,1,1,1,1,1,1,1,1,1,1,1,1,1,1,1,1,1,1,
49,844,47,41,38,39,47,45,44,44,36,39,42,47,32,37,45,43,45,42,45,46,1,1,1,1,1,1,1,1,1,1,1,1,1,1,1,1,1,1,1,1,
50,864,48,42,39,40,48,46,45,45,37,40,43,48,33,38,46,44,46,43,46,47,1,1,1,1,1,1,1,1,1,1,1,1,1,1,1,1,1,1,1,1,
51,883,49,43,40,41,49,47,46,46,38,41,44,49,34,39,47,44,47,44,47,48,1,1,1,1,1,1,1,1,1,1,1,1,1,1,1,0,1,1,1,1,
52,902,50,44,41,42,50,48,47,47,39,42,45,50,35,40,48,44,48,45,48,49,1,1,1,1,1,1,1,1,1,1,1,1,1,1,1,1,1,1,1,1,
53,922,51,45,42,43,51,49,48,48,40,43,46,51,36,41,49,45,49,46,49,50,1,1,1,1,1,1,1,1,1,1,1,1,1,1,1,1,1,1,1,1,
54,942,52,46,43,44,52,50,49,49,41,44,47,52,37,42,50,46,50,47,50,51,1,1,1,1,1,1,1,1,1,1,1,1,1,1,1,1,1,1,1,1,
55,962,53,47,44,45,53,51,50,50,42,45,48,53,38,43,51,47,51,48,51,52,1,1,1,1,1,1,1,1,1,1,1,1,1,1,1,1,1,1,1,1,
56,982,54,48,45,46,54,52,51,51,43,46,49,54,39,44,52,48,52,49,52,53,1,1,1,1,1,1,1,1,1,1,1,1,1,1,1,1,1,1,1,1,
57,1002,55,49,46,47,55,53,52,52,44,47,50,55,40,45,53,49,53,50,53,54,1,1,1,1,1,1,1,1,1,1,1,1,1,1,1,1,1,1,1,1,
58,1022,56,50,47,48,56,54,53,53,45,48,51,56,41,46,54,50,54,51,54,55,1,1,1,1,1,1,1,1,1,1,1,1,1,1,1,1,1,1,1,1,
59,1042,57,51,48,49,57,55,54,54,46,49,52,57,42,47,55,51,55,52,55,56,1,1,1,1,1,1,1,1,1,1,1,1,1,1,1,1,1,1,1,1,
60,1062,58,52,49,50,58,56,55,55,47,50,53,58,43,48,56,52,56,53,56,57,1,1,1,1,1,1,1,1,1,1,1,1,1,1,1,1,1,1,1,1,
61,1082,59,53,50,51,59,57,56,56,48,51,54,59,44,49,57,53,57,54,57,58,1,1,1,1,1,1,1,1,1,1,1,1,1,1,1,1,1,1,1,1,
62,1101,60,54,51,52,60,58,57,57,49,52,55,60,45,50,58,53,58,55,58,59,1,1,1,1,1,1,1,1,1,1,1,1,1,1,1,0,1,1,1,1,
63,1120,61,55,52,53,61,59,58,58,50,53,56,61,46,51,59,53,59,56,59,60,1,1,1,1,1,1,1,1,1,1,1,1,1,1,1,0,1,1,1,1,
64,1139,62,56,53,54,62,60,59,59,51,54,57,62,47,52,60,53,60,57,60,61,1,1,1,1,1,1,1,1,1,1,1,1,1,1,1,0,1,1,1,1,
65,1157,63,57,54,55,63,61,60,60,52,55,58,62,48,53,61,53,61,58,61,62,1,1,1,1,1,1,1,1,1,1,1,0,1,1,1,1,1,1,1,1,
66,1176,64,58,55,56,64,62,61,61,53,56,59,62,49,54,62,54,62,59,62,63,1,1,1,1,1,1,1,1,1,1,1,1,1,1,1,1,1,1,1,1,
67,1194,65,59,56,57,65,63,62,62,54,57,59,63,50,55,63,54,63,60,63,64,1,1,1,1,1,1,1,1,1,1,1,1,1,1,1,1,1,1,1,1,
68,1213,66,60,57,58,66,64,63,63,55,58,59,64,51,56,64,55,64,61,64,65,1,1,1,1,1,1,1,1,1,1,1,1,1,1,1,1,1,1,1,1,
69,1233,67,61,58,59,67,65,64,64,56,59,60,65,52,57,65,56,65,62,65,66,1,1,1,1,1,1,1,1,1,1,1,1,1,1,1,1,1,1,1,1,
70,1253,68,62,59,60,68,66,65,65,57,60,61,66,53,58,66,57,66,63,66,67,1,1,1,1,1,1,1,1,1,1,1,1,1,1,1,1,1,1,1,1,
71,1273,69,63,60,61,69,67,66,66,58,61,62,67,54,59,67,58,67,64,67,68,1,1,1,1,1,1,1,1,1,1,1,1,1,1,1,1,1,1,1,1,
72,1292,70,64,61,62,70,68,67,67,59,62,62,68,55,60,68,59,68,65,68,69,1,1,1,1,1,1,1,1,1,1,0,1,1,1,1,1,1,1,1,1,
73,1311,71,65,62,63,71,69,68,68,60,63,62,69,56,61,69,60,69,66,69,70,1,1,1,1,1,1,1,1,1,1,1,1,1,1,1,1,1,1,1,1,
74,1331,72,66,63,64,72,70,69,69,61,64,63,70,57,62,70,61,70,67,70,71,1,1,1,1,1,1,1,1,1,1,1,1,1,1,1,1,1,1,1,1,
75,1351,73,67,64,65,73,71,70,70,62,65,64,71,58,63,71,62,71,68,71,72,1,1,1,1,1,1,1,1,1,1,1,1,1,1,1,1,1,1,1,1,
76,1370,74,68,65,66,74,72,71,71,63,66,64,72,59,64,72,63,72,69,72,73,1,1,1,1,1,1,1,1,1,1,1,1,1,1,1,1,1,1,1,1,
77,1390,75,69,66,67,75,73,72,72,64,67,65,73,60,65,73,64,73,70,73,74,1,1,1,1,1,1,1,1,1,1,1,1,1,1,1,1,1,1,1,1,
78,1410,76,70,67,68,76,74,73,73,65,68,66,74,61,66,74,65,74,71,74,75,1,1,1,1,1,1,1,1,1,1,1,1,1,1,1,1,1,1,1,1,
79,1430,77,71,68,69,77,75,74,74,66,69,67,75,62,67,75,66,75,72,75,76,1,1,1,1,1,1,1,1,1,1,1,1,1,1,1,1,1,1,1,1,
80,1450,78,72,69,70,78,76,75,75,67,70,68,76,63,68,76,67,76,73,76,77,1,1,1,1,1,1,1,1,1,1,1,1,1,1,1,1,1,1,1,1,
81,1470,79,73,70,71,79,77,76,76,68,71,69,77,64,69,77,68,77,74,77,78,1,1,1,1,1,1,1,1,1,1,1,1,1,1,1,1,1,1,1,1,
82,1490,80,74,71,72,80,78,77,77,69,72,70,78,65,70,78,69,78,75,78,79,1,1,1,1,1,1,1,1,1,1,1,1,1,1,1,1,1,1,1,1,
83,1510,81,75,72,73,81,79,78,78,70,73,71,79,66,71,79,70,79,76,79,80,1,1,1,1,1,1,1,1,1,1,1,1,1,1,1,1,1,1,1,1,
84,1530,82,76,73,74,82,80,79,79,71,74,72,80,67,72,80,71,80,77,80,81,1,1,1,1,1,1,1,1,1,1,1,1,1,1,1,1,1,1,1,1,
85,1550,83,77,74,75,83,81,80,80,72,75,73,81,68,73,81,72,81,78,81,82,1,1,1,1,1,1,1,1,1,1,1,1,1,1,1,1,1,1,1,1,
86,1570,84,78,75,76,84,82,81,81,73,76,74,82,69,74,82,73,82,79,82,83,1,1,1,1,1,1,1,1,1,1,1,1,1,1,1,1,1,1,1,1,
87,1590,85,79,76,77,85,83,82,82,74,77,75,83,70,75,83,74,83,80,83,84,1,1,1,1,1,1,1,1,1,1,1,1,1,1,1,1,1,1,1,1,
88,1610,86,80,77,78,86,84,83,83,75,78,76,84,71,76,84,75,84,81,84,85,1,1,1,1,1,1,1,1,1,1,1,1,1,1,1,1,1,1,1,1,
89,1629,87,81,78,79,87,85,84,84,75,79,77,85,72,77,85,76,85,82,85,86,1,1,1,1,1,1,1,1,1,1,1,1,1,1,1,1,1,1,1,1,
90,1649,88,82,79,80,88,86,85,85,76,80,78,86,73,78,86,77,86,83,86,87,1,1,1,1,1,1,1,1,1,1,1,1,1,1,1,1,1,1,1,1,
91,1669,89,83,80,81,89,87,86,86,77,81,79,87,74,79,87,78,87,84,87,88,1,1,1,1,1,1,1,1,1,1,1,1,1,1,1,1,1,1,1,1,
92,1689,90,84,81,82,90,88,87,87,78,82,80,88,75,80,88,79,88,85,88,89,1,1,1,1,1,1,1,1,1,1,1,1,1,1,1,1,1,1,1,1,
93,1708,91,85,82,83,91,89,88,88,78,83,81,89,76,81,89,80,89,86,89,90,1,1,1,1,1,1,1,1,0,1,1,1,1,1,1,1,1,1,1,1,
94,1727,92,86,83,84,92,90,89,89,78,84,82,90,77,82,90,81,90,87,90,91,1,1,1,1,1,1,1,1,1,1,1,1,1,1,1,1,1,1,1,1,
95,1747,93,87,84,85,93,91,90,90,79,85,83,91,78,83,91,82,91,88,91,92,1,1,1,1,1,1,1,1,1,1,1,1,1,1,1,1,1,1,1,1,
96,1767,94,88,85,86,94,92,91,91,80,86,84,92,79,84,92,83,92,89,92,93,1,1,1,1,1,1,1,1,1,1,1,1,1,1,1,1,1,1,1,1,
97,1786,95,89,86,87,95,93,92,92,80,87,85,93,80,85,93,84,93,90,93,94,1,1,1,1,1,1,1,1,1,1,1,1,1,1,1,1,1,1,1,1,
98,1806,96,90,87,88,96,94,93,93,81,88,86,94,81,86,94,85,94,91,94,95,1,1,1,1,1,1,1,1,1,1,1,1,1,1,1,1,1,1,1,1,
99,1826,97,91,88,89,97,95,94,94,82,89,87,95,82,87,95,86,95,92,95,96,1,1,1,1,1,1,1,1,1,1,1,1,1,1,1,1,1,1,1,1,
100,1845,98,92,89,90,98,96,95,95,82,90,88,96,83,88,96,87,96,93,96,97,1,1,1,1,1,1,1,1,0,1,1,1,1,1,1,1,1,1,1,1,
101,1864,99,93,90,91,99,97,96,96,82,91,89,97,84,89,97,88,97,94,97,98,1,1,1,1,1,1,1,1,0,1,1,1,1,1,1,1,1,1,1,1,
102,1883,100,94,91,92,100,98,97,97,82,92,90,98,85,90,98,89,98,95,98,99,1,1,1,1,1,1,1,1,0,1,1,1,1,1,1,1,1,1,1,1,
103,1902,101,95,92,93,101,99,98,98,82,93,91,99,86,91,99,90,99,96,99,100,1,1,1,1,1,1,1,1,1,1,1,1,1,1,1,1,1,1,1,1,
104,1922,102,96,93,94,102,100,99,99,83,94,92,100,87,92,100,91,100,97,100,101,1,1,1,1,1,1,1,1,1,1,1,1,1,1,1,1,1,1,1,1,
105,1942,103,97,94,95,103,101,100,100,84,95,93,101,88,93,101,92,101,98,101,102,1,1,1,1,1,1,1,1,1,1,1,1,1,1,1,1,1,1,1,1,
106,1961,104,98,95,96,104,102,101,101,84,96,94,102,89,94,102,93,102,99,102,103,1,1,1,1,1,1,1,1,1,1,1,1,1,1,1,1,1,1,1,1,
107,1981,105,99,96,97,105,103,102,102,85,97,95,103,90,95,103,94,103,100,103,104,1,1,1,1,1,1,1,1,1,1,1,1,1,1,1,1,1,1,1,1,
108,2000,106,100,97,98,106,104,103,103,85,98,96,104,91,96,104,95,104,101,104,105,1,1,1,1,1,1,1,1,0,1,1,1,1,1,1,1,1,1,1,1,
109,2019,107,101,98,99,107,105,104,104,85,99,97,105,92,97,105,96,105,102,105,106,1,1,1,1,1,1,1,1,0,1,1,1,1,1,1,1,1,1,1,1,
110,2038,108,102,99,100,108,106,105,105,85,100,98,106,93,98,106,97,106,103,106,107,1,1,1,1,1,1,1,1,1,1,1,1,1,1,1,1,1,1,1,1,
111,2058,109,103,100,101,109,107,106,106,86,101,99,107,94,99,107,98,107,104,107,108,1,1,1,1,1,1,1,1,1,1,1,1,1,1,1,1,1,1,1,1,
112,2078,110,104,101,102,110,108,107,107,87,102,100,108,95,100,108,99,108,105,108,109,1,1,1,1,1,1,1,1,1,1,1,1,1,1,1,1,1,1,1,1,
113,2097,111,105,102,103,111,109,108,108,87,103,101,109,96,101,109,100,109,106,109,110,1,1,1,1,1,1,1,1,0,1,1,1,1,1,1,1,1,1,1,1,
114,2115,112,106,103,104,112,110,109,109,87,104,102,110,97,102,110,100,110,107,110,111,1,1,1,1,1,1,1,1,0,1,1,1,1,1,1,0,1,1,1,1,
115,2133,113,107,104,105,113,111,110,110,87,105,103,111,98,103,111,100,111,108,111,112,1,1,1,1,1,1,1,1,0,1,1,1,1,1,1,1,1,1,1,1,
116,2152,114,108,105,106,114,112,111,111,87,106,104,112,99,104,112,101,112,109,112,113,1,1,1,1,1,1,1,1,0,1,1,1,1,1,1,1,1,1,1,1,
117,2171,115,109,106,107,115,113,112,112,87,107,105,113,100,105,113,102,113,110,113,114,1,1,1,1,1,1,1,1,0,1,1,1,1,1,1,1,1,1,1,1,
118,2189,116,110,107,108,116,114,113,113,87,108,106,114,101,106,114,102,114,111,114,115,1,1,1,1,1,1,1,1,1,1,1,1,1,1,1,0,1,1,1,1,
119,2208,117,111,108,109,117,115,114,114,88,109,107,115,102,107,115,102,115,112,115,116,1,1,1,1,1,1,1,1,1,1,1,1,1,1,1,0,1,1,1,1,
120,2227,118,112,109,110,118,116,115,115,89,110,108,116,103,108,116,102,116,113,116,117,1,1,1,1,1,1,1,1,1,1,1,1,1,1,1,1,1,1,1,1,
121,2247,119,113,110,111,119,117,116,116,90,111,109,117,104,109,117,103,117,114,117,118,1,1,1,1,1,1,1,1,1,1,1,1,1,1,1,1,1,1,1,1,
122,2267,120,114,111,112,120,118,117,117,91,112,110,118,105,110,118,104,118,115,118,119,1,1,1,1,1,1,1,1,1,1,1,1,1,1,1,1,1,1,1,1,
123,2286,121,115,112,113,121,119,118,118,92,113,111,119,106,111,119,104,119,116,119,120,1,1,1,1,1,1,1,1,1,1,1,1,1,1,1,0,1,1,1,1,
124,2305,122,116,113,114,122,120,119,119,93,114,112,120,107,112,120,104,120,117,120,121,1,1,1,1,1,1,1,1,1,1,1,1,1,1,1,0,1,1,1,1,
125,2323,123,117,114,115,123,121,120,120,93,115,113,121,108,113,121,104,121,118,121,122,1,1,1,1,1,1,1,1,0,1,1,1,1,1,1,0,1,1,1,1,
126,2341,124,118,115,116,124,122,121,121,93,116,114,122,109,114,122,104,122,119,122,123,1,1,1,1,1,1,1,1,1,1,1,1,1,1,1,0,1,1,1,1,
127,2360,125,119,116,117,125,123,122,122,94,117,115,123,110,115,123,104,123,120,123,124,1,1,1,1,1,1,1,1,1,1,1,1,1,1,1,1,1,1,1,1,
128,2380,126,120,117,118,126,124,123,123,95,118,116,124,111,116,124,105,124,121,124,125,1,1,1,1,1,1,1,1,1,1,1,1,1,1,1,1,1,1,1,1,
129,2399,127,121,118,119,127,125,124,124,95,119,117,125,112,117,125,106,125,122,125,126,1,1,1,1,1,1,1,1,1,1,1,1,1,1,1,1,1,1,1,1,
130,2418,128,122,119,120,128,126,125,125,96,120,118,126,113,118,126,106,126,123,126,127,1,1,1,1,1,1,1,1,1,1,1,1,1,1,1,0,1,1,1,1,
131,2437,129,123,120,121,129,127,126,126,97,121,119,127,114,119,127,106,127,124,127,128,1,1,1,1,1,1,1,1,1,1,1,1,1,1,1,1,1,1,1,1,
132,2456,130,124,121,122,130,128,127,127,97,122,120,128,115,120,128,107,128,125,128,129,1,1,1,1,1,1,1,1,0,1,1,1,1,1,1,1,1,1,1,1,
133,2475,131,125,122,123,131,129,128,128,97,123,121,129,116,121,129,108,129,126,129,130,1,1,1,1,1,1,1,1,1,1,1,1,1,1,1,1,1,1,1,1,
134,2495,132,126,123,124,132,130,129,129,98,124,122,130,117,122,130,109,130,127,130,131,1,1,1,1,1,1,1,1,1,1,1,1,1,1,1,1,1,1,1,1,
135,2515,133,127,124,125,133,131,130,130,99,125,123,131,118,123,131,110,131,128,131,132,1,1,1,1,1,1,1,1,1,1,1,1,1,1,1,1,1,1,1,1,
136,2534,134,128,125,126,134,132,131,131,99,126,124,132,119,124,132,111,132,129,132,133,1,1,1,1,1,1,1,1,0,1,1,1,1,1,1,1,1,1,1,1,
137,2553,135,129,126,127,135,133,132,132,99,127,125,133,120,125,133,112,133,130,133,134,1,1,1,1,1,1,1,1,1,1,1,1,1,1,1,1,1,1,1,1,
138,2573,136,130,127,128,136,134,133,133,100,128,126,134,121,126,134,113,134,131,134,135,1,1,1,1,1,1,1,1,1,1,1,1,1,1,1,1,1,1,1,1,
139,2593,137,131,128,129,137,135,134,134,101,129,127,135,122,127,135,114,135,132,135,136,1,1,1,1,1,1,1,1,1,1,1,1,1,1,1,1,1,1,1,1,
140,2613,138,132,129,130,138,136,135,135,102,130,128,136,123,128,136,115,136,133,136,137,1,1,1,1,1,1,1,1,1,1,1,1,1,1,1,1,1,1,1,1,
141,2633,139,133,130,131,139,137,136,136,103,131,129,137,124,129,137,116,137,134,137,138,1,1,1,1,1,1,1,1,1,1,1,1,1,1,1,1,1,1,1,1,
142,2653,140,134,131,132,140,138,137,137,104,132,130,138,125,130,138,117,138,135,138,139,1,1,1,1,1,1,1,1,1,1,1,1,1,1,1,1,1,1,1,1,
143,2673,141,135,132,133,141,139,138,138,105,133,131,139,126,131,139,118,139,136,139,140,1,1,1,1,1,1,1,1,1,1,1,1,1,1,1,1,1,1,1,1,
144,2693,142,136,133,134,142,140,139,139,106,134,132,140,127,132,140,119,140,137,140,141,1,1,1,1,1,1,1,1,1,1,1,1,1,1,1,1,1,1,1,1,
145,2713,143,137,134,135,143,141,140,140,107,135,133,141,128,133,141,120,141,138,141,142,1,1,1,1,1,1,1,1,1,1,1,1,1,1,1,1,1,1,1,1,
146,2733,144,138,135,136,144,142,141,141,108,136,134,142,129,134,142,121,142,139,142,143,1,1,1,1,1,1,1,1,1,1,1,1,1,1,1,1,1,1,1,1,
147,2753,145,139,136,137,145,143,142,142,109,137,135,143,130,135,143,122,143,140,143,144,1,1,1,1,1,1,1,1,1,1,1,1,1,1,1,1,1,1,1,1,
148,2773,146,140,137,138,146,144,143,143,110,138,136,144,131,136,144,123,144,141,144,145,1,1,1,1,1,1,1,1,1,1,1,1,1,1,1,1,1,1,1,1,
149,2793,147,141,138,139,147,145,144,144,111,139,137,145,132,137,145,124,145,142,145,146,1,1,1,1,1,1,1,1,1,1,1,1,1,1,1,1,1,1,1,1,
150,2812,148,142,139,140,148,146,145,145,112,140,138,146,133,138,146,125,146,142,146,147,1,1,1,1,1,1,1,1,1,1,1,1,1,1,1,1,1,0,1,1,
151,2831,149,143,140,141,149,147,146,146,113,141,139,147,134,139,147,126,147,142,147,148,1,1,1,1,1,1,1,1,1,1,1,1,1,1,1,1,1,1,1,1,
152,2851,150,144,141,142,150,148,147,147,114,142,140,148,135,140,148,127,148,143,148,149,1,1,1,1,1,1,1,1,1,1,1,1,1,1,1,1,1,1,1,1,
153,2871,151,145,142,143,151,149,148,148,115,143,141,149,136,141,149,128,149,144,149,150,1,1,1,1,1,1,1,1,1,1,1,1,1,1,1,1,1,1,1,1,
154,2891,152,146,143,144,152,150,149,149,116,144,142,150,137,142,150,129,150,145,150,151,1,1,1,1,1,1,1,1,1,1,1,1,1,1,1,1,1,1,1,1,
155,2911,153,147,144,145,153,151,150,150,117,145,143,151,138,143,151,130,151,146,151,152,1,1,1,1,1,1,1,1,1,1,1,1,1,1,1,1,1,1,1,1,
156,2931,154,148,145,146,154,152,151,151,118,146,144,152,139,144,152,131,152,147,152,153,1,1,1,1,1,1,1,1,1,1,1,1,1,1,1,1,1,1,1,1,
157,2951,155,149,146,147,155,153,152,152,119,147,145,153,140,145,153,132,153,148,153,154,1,1,1,1,1,1,1,1,1,1,1,1,1,1,1,1,1,1,1,1,
158,2971,156,150,147,148,156,154,153,153,120,148,146,154,141,146,154,133,154,149,154,155,1,1,1,1,1,1,1,1,1,1,1,1,1,1,1,1,1,1,1,1,
159,2991,157,151,148,149,157,155,154,154,121,149,147,155,142,147,155,134,155,150,155,156,1,1,1,1,1,1,1,1,1,1,1,1,1,1,1,1,1,1,1,1,
160,3011,158,152,149,150,158,156,155,155,122,150,148,156,143,148,156,135,156,151,156,157,1,1,1,1,1,1,1,1,1,1,1,1,1,1,1,1,1,1,1,1,
161,3031,159,153,150,151,159,157,156,156,123,151,149,157,144,149,157,136,157,152,157,158,1,1,1,1,1,1,1,1,1,1,1,1,1,1,1,1,1,1,1,1,
162,3051,160,154,151,152,160,158,157,157,124,152,150,158,145,150,158,137,158,153,158,159,1,1,1,1,1,1,1,1,1,1,1,1,1,1,1,1,1,1,1,1,
163,3071,161,155,152,153,161,159,158,158,125,153,151,159,146,151,159,138,159,154,159,160,1,1,1,1,1,1,1,1,1,1,1,1,1,1,1,1,1,1,1,1,
164,3091,162,156,153,154,162,160,159,159,126,154,152,160,147,152,160,139,160,155,160,161,1,1,1,1,1,1,1,1,1,1,1,1,1,1,1,1,1,1,1,1,
165,3111,163,157,154,155,163,161,160,160,127,155,153,161,148,153,161,140,161,156,161,162,1,1,1,1,1,1,1,1,1,1,1,1,1,1,1,1,1,1,1,1,
166,3131,164,158,155,156,164,162,161,161,128,156,154,162,149,154,162,141,162,157,162,163,1,1,1,1,1,1,1,1,1,1,1,1,1,1,1,1,1,1,1,1,
167,3151,165,159,156,157,165,163,162,162,129,157,155,163,150,155,163,142,163,158,163,164,1,1,1,1,1,1,1,1,1,1,1,1,1,1,1,1,1,1,1,1,
168,3171,166,160,157,158,166,164,163,163,130,158,156,164,151,156,164,143,164,159,164,165,1,1,1,1,1,1,1,1,1,1,1,1,1,1,1,1,1,1,1,1,
169,3191,167,161,158,159,167,165,164,164,131,159,157,165,152,157,165,144,165,160,165,166,1,1,1,1,1,1,1,1,1,1,1,1,1,1,1,1,1,1,1,1,
170,3211,168,162,159,160,168,166,165,165,132,160,158,166,153,158,166,145,166,161,166,167,1,1,1,1,1,1,1,1,1,1,1,1,1,1,1,1,1,1,1,1,
171,3231,169,163,160,161,169,167,166,166,133,161,159,167,154,159,167,146,167,162,167,168,1,1,1,1,1,1,1,1,1,1,1,1,1,1,1,1,1,1,1,1,
172,3251,170,164,161,162,170,168,167,167,134,162,160,168,155,160,168,147,168,163,168,169,1,1,1,1,1,1,1,1,1,1,1,1,1,1,1,1,1,1,1,1,
173,3270,171,165,162,163,171,169,168,168,135,163,161,169,156,161,168,148,169,164,169,170,1,1,1,1,1,1,1,1,1,1,1,1,1,1,0,1,1,1,1,1,
174,3289,172,166,163,164,172,170,169,169,136,164,162,170,157,162,168,149,170,165,170,171,1,1,1,1,1,1,1,1,1,1,1,1,1,1,1,1,1,1,1,1,
175,3308,173,167,164,165,173,171,170,170,137,165,163,171,158,163,169,150,171,166,171,171,1,1,1,1,1,1,1,1,1,1,1,1,1,1,1,1,1,1,1,0,
176,3327,174,168,165,166,174,172,171,171,138,166,164,172,159,164,170,151,172,167,172,171,1,1,1,1,1,1,1,1,1,1,1,1,1,1,1,1,1,1,1,1,
177,3347,175,169,166,167,175,173,172,172,139,167,165,173,160,165,171,152,173,168,173,172,1,1,1,1,1,1,1,1,1,1,1,1,1,1,1,1,1,1,1,1,
178,3367,176,170,167,168,176,174,173,173,140,168,166,174,161,166,172,153,174,169,174,173,1,1,1,1,1,1,1,1,1,1,1,1,1,1,1,1,1,1,1,1,
179,3386,177,171,168,169,177,175,174,174,141,169,167,175,162,167,173,154,175,170,175,173,1,1,1,1,1,1,1,1,1,1,1,1,1,1,1,1,1,1,1,0,
180,3405,178,172,169,170,178,176,175,175,142,170,168,176,163,168,174,155,176,171,176,173,1,1,1,1,1,1,1,1,1,1,1,1,1,1,1,1,1,1,1,1,
181,3424,179,173,170,171,179,177,176,176,143,171,169,177,164,169,174,156,177,172,177,174,1,1,1,1,1,1,1,1,1,1,1,1,1,1,1,1,1,1,1,1,
182,3444,180,174,171,172,180,178,177,177,144,172,170,178,165,170,175,157,178,173,178,175,1,1,1,1,1,1,1,1,1,1,1,1,1,1,1,1,1,1,1,1,
183,3464,181,175,172,173,181,179,178,178,145,173,171,179,166,171,176,158,179,174,179,176,1,1,1,1,1,1,1,1,1,1,1,1,1,1,1,1,1,1,1,1,
184,3483,182,176,173,174,182,180,179,179,146,174,172,180,167,172,176,159,180,175,180,177,1,1,1,1,1,1,1,1,1,1,1,1,1,1,0,1,1,1,1,1,
185,3502,183,177,174,175,183,181,180,180,147,175,173,181,168,173,176,160,181,176,181,178,1,1,1,1,1,1,1,1,1,1,1,1,1,1,1,1,1,1,1,1,
186,3522,184,178,175,176,184,182,181,181,148,176,174,182,169,174,177,161,182,177,182,179,1,1,1,1,1,1,1,1,1,1,1,1,1,1,1,1,1,1,1,1,
187,3542,185,179,176,177,185,183,182,182,149,177,175,183,170,175,178,162,183,178,183,180,1,1,1,1,1,1,1,1,1,1,1,1,1,1,1,1,1,1,1,1,
188,3562,186,180,177,178,186,184,183,183,150,178,176,184,171,176,179,163,184,179,184,181,1,1,1,1,1,1,1,1,1,1,1,1,1,1,1,1,1,1,1,1,
189,3582,187,181,178,179,187,185,184,184,151,179,177,185,172,177,180,164,185,180,185,182,1,1,1,1,1,1,1,1,1,1,1,1,1,1,1,1,1,1,1,1,
190,3602,188,182,179,180,188,186,185,185,152,180,178,186,173,178,181,165,186,181,186,183,1,1,1,1,1,1,1,1,1,1,1,1,1,1,1,1,1,1,1,1,
191,3622,189,183,180,181,189,187,186,186,153,181,179,187,174,179,182,166,187,182,187,184,1,1,1,1,1,1,1,1,1,1,1,1,1,1,1,1,1,1,1,1,
192,3642,190,184,181,182,190,188,187,187,154,182,180,188,175,180,183,167,188,183,188,185,1,1,1,1,1,1,1,1,1,1,1,1,1,1,1,1,1,1,1,1,
193,3662,191,185,182,183,191,189,188,188,155,183,181,189,176,181,184,168,189,184,189,186,1,1,1,1,1,1,1,1,1,1,1,1,1,1,1,1,1,1,1,1,
194,3682,192,186,183,184,192,190,189,189,156,184,182,190,177,182,185,169,190,185,190,187,1,1,1,1,1,1,1,1,1,1,1,1,1,1,1,1,1,1,1,1,
195,3702,193,187,184,185,193,191,190,190,157,185,183,191,178,183,186,170,191,186,191,188,1,1,1,1,1,1,1,1,1,1,1,1,1,1,1,1,1,1,1,1,
196,3722,194,188,185,186,194,192,191,191,158,186,184,192,179,184,187,171,192,187,192,189,1,1,1,1,1,1,1,1,1,1,1,1,1,1,1,1,1,1,1,1,
197,3742,195,189,186,187,195,193,192,192,159,187,185,193,180,185,188,172,193,188,193,190,1,1,1,1,1,1,1,1,1,1,1,1,1,1,1,1,1,1,1,1,
198,3762,196,190,187,188,196,194,193,193,160,188,186,194,181,186,189,173,194,189,194,191,1,1,1,1,1,1,1,1,1,1,1,1,1,1,1,1,1,1,1,1,
199,3782,197,191,188,189,197,195,194,194,161,189,187,195,182,187,190,174,195,190,195,192,1,1,1,1,1,1,1,1,1,1,1,1,1,1,1,1,1,1,1,1,
200,3801,198,192,189,190,198,196,195,195,162,190,188,196,183,187,191,175,196,191,196,193,1,1,1,1,1,1,1,1,1,1,1,1,1,1,1,1,1,1,1,1,
201,3821,199,193,190,191,199,197,196,196,163,191,189,197,184,188,192,176,197,192,197,194,1,1,1,1,1,1,1,1,1,1,1,1,1,1,1,1,1,1,1,1,
202,3840,200,194,191,192,200,198,197,197,164,192,190,198,185,189,193,177,198,193,198,194,1,1,1,1,1,1,1,1,1,1,1,1,1,1,1,1,1,1,1,1,
203,3859,201,195,192,193,201,199,198,198,165,193,191,199,186,189,194,178,199,194,199,195,1,1,1,1,1,1,1,1,1,1,1,1,1,1,1,1,1,1,1,1,
204,3879,202,196,193,194,202,200,199,199,166,194,192,200,187,190,195,179,200,195,200,196,1,1,1,1,1,1,1,1,1,1,1,1,1,1,1,1,1,1,1,1,
205,3899,203,197,194,195,203,201,200,200,167,195,193,201,188,191,196,180,201,196,201,197,1,1,1,1,1,1,1,1,1,1,1,1,1,1,1,1,1,1,1,1,
206,3917,204,198,195,196,204,202,201,201,168,196,194,202,189,191,197,181,202,197,202,197,1,1,1,1,1,1,1,1,1,1,1,1,1,0,1,1,1,1,1,1,
207,3935,205,199,196,197,205,203,202,202,169,197,195,203,190,191,198,182,203,197,203,198,1,1,1,1,1,1,1,1,1,1,1,1,1,0,1,1,1,0,1,1,
208,3954,206,200,197,198,206,204,203,203,170,198,196,204,191,191,199,183,204,198,204,199,1,1,1,1,1,1,1,1,1,1,1,1,1,1,1,1,1,1,1,1,
209,3974,207,201,198,199,207,205,204,204,171,199,197,205,192,192,200,184,205,199,205,200,1,1,1,1,1,1,1,1,1,1,1,1,1,1,1,1,1,1,1,1,
210,3994,208,202,199,200,208,206,205,205,172,200,198,206,193,193,201,185,206,200,206,201,1,1,1,1,1,1,1,1,1,1,1,1,1,1,1,1,1,1,1,1,
211,4014,209,203,200,201,209,207,206,206,173,201,199,207,194,194,202,186,207,201,207,202,1,1,1,1,1,1,1,1,1,1,1,1,1,1,1,1,1,1,1,1,
212,4034,210,204,201,202,210,208,207,207,174,202,200,208,195,195,203,187,208,202,208,203,1,1,1,1,1,1,1,1,1,1,1,1,1,1,1,1,1,1,1,1,
213,4054,211,205,202,203,211,209,208,208,175,203,201,209,196,196,204,188,209,203,209,204,1,1,1,1,1,1,1,1,1,1,1,1,1,1,1,1,1,1,1,1,
214,4074,212,206,203,204,212,210,209,209,176,204,202,210,197,197,205,189,210,204,210,205,1,1,1,1,1,1,1,1,1,1,1,1,1,1,1,1,1,1,1,1,
215,4094,213,207,204,205,213,211,210,210,177,205,203,211,198,198,206,190,211,205,211,206,1,1,1,1,1,1,1,1,1,1,1,1,1,1,1,1,1,1,1,1,
216,4114,214,208,205,206,214,212,211,211,178,206,204,212,199,199,207,191,212,206,212,207,1,1,1,1,1,1,1,1,1,1,1,1,1,1,1,1,1,1,1,1,
217,4134,215,209,206,207,215,213,212,212,179,207,205,213,200,200,208,192,213,207,213,208,1,1,1,1,1,1,1,1,1,1,1,1,1,1,1,1,1,1,1,1,
218,4153,216,210,207,208,216,214,213,213,180,208,206,214,201,200,209,193,214,208,214,209,1,1,1,1,1,1,1,1,1,1,1,1,1,0,1,1,1,1,1,1,
219,4172,217,211,208,209,217,215,214,214,181,209,207,215,202,200,210,194,215,209,215,210,1,1,1,1,1,1,1,1,1,1,1,1,1,1,1,1,1,1,1,1,
220,4192,218,212,209,210,218,216,215,215,182,210,208,216,203,201,211,195,216,210,216,211,1,1,1,1,1,1,1,1,1,1,1,1,1,1,1,1,1,1,1,1,
221,4212,219,213,210,211,219,217,216,216,183,211,209,217,204,202,212,196,217,211,217,212,1,1,1,1,1,1,1,1,1,1,1,1,1,1,1,1,1,1,1,1,
222,4231,220,214,211,212,220,218,217,217,184,212,210,218,205,202,213,197,218,212,218,213,1,1,1,1,1,1,1,1,1,1,1,1,1,1,1,1,1,1,1,1,
223,4251,221,215,212,213,221,219,218,218,185,213,211,219,206,203,214,198,219,213,219,214,1,1,1,1,1,1,1,1,1,1,1,1,1,1,1,1,1,1,1,1,
224,4271,222,216,213,214,222,220,219,219,186,214,212,220,207,204,215,199,220,214,220,215,1,1,1,1,1,1,1,1,1,1,1,1,1,1,1,1,1,1,1,1,
225,4291,223,217,214,215,223,221,220,220,187,215,213,221,208,205,216,200,221,215,221,216,1,1,1,1,1,1,1,1,1,1,1,1,1,1,1,1,1,1,1,1,
226,4310,224,218,215,215,224,222,221,221,188,216,214,222,209,206,217,201,222,216,222,217,1,1,1,0,1,1,1,1,1,1,1,1,1,1,1,1,1,1,1,1,
227,4329,225,219,216,215,225,223,222,222,189,217,215,223,210,207,218,202,223,217,223,218,1,1,1,0,1,1,1,1,1,1,1,1,1,1,1,1,1,1,1,1,
228,4349,226,220,217,216,226,224,223,223,190,218,216,224,211,208,219,203,224,218,224,219,1,1,1,1,1,1,1,1,1,1,1,1,1,1,1,1,1,1,1,1,
229,4369,227,221,218,217,227,225,224,224,191,219,217,225,212,209,220,204,225,219,225,220,1,1,1,1,1,1,1,1,1,1,1,1,1,1,1,1,1,1,1,1,
230,4389,228,222,219,218,228,226,225,225,192,220,218,226,213,210,221,205,226,220,226,221,1,1,1,1,1,1,1,1,1,1,1,1,1,1,1,1,1,1,1,1,
231,4408,229,223,220,219,229,227,226,226,193,221,219,227,214,211,222,206,227,220,227,222,1,1,1,1,1,1,1,1,1,1,1,1,1,1,1,1,1,0,1,1,
232,4428,230,224,221,220,230,228,227,227,194,222,220,228,215,212,223,207,228,221,228,223,1,1,1,1,1,1,1,1,1,1,1,1,1,1,1,1,1,1,1,1,
233,4448,231,225,222,221,231,229,228,228,195,223,221,229,216,213,224,208,229,222,229,224,1,1,1,1,1,1,1,1,1,1,1,1,1,1,1,1,1,1,1,1,
234,4468,232,226,223,222,232,230,229,229,196,224,222,230,217,214,225,209,230,223,230,225,1,1,1,1,1,1,1,1,1,1,1,1,1,1,1,1,1,1,1,1,
235,4487,233,227,224,223,233,231,230,230,197,225,223,231,218,215,226,210,231,223,231,226,1,1,1,1,1,1,1,1,1,1,1,1,1,1,1,1,1,0,1,1,
236,4506,234,228,225,224,234,232,231,231,198,226,224,232,219,216,227,211,232,223,232,227,1,1,1,1,1,1,1,1,1,1,1,1,1,1,1,1,1,0,1,1,
Completed in 236 rounds.
Completed in 62.0066 ms
