ROUND,TASKS COMPLETED,worker0 tasks,worker1 tasks,worker0 running,worker1 running,
1,0,0,0,1,0,
2,1,1,0,1,1,
3,3,2,1,1,1,
4,5,3,2,1,1,
5,7,4,3,1,1,
6,9,5,4,1,1,
7,11,6,5,1,1,
8,13,7,6,1,1,
9,15,8,7,1,1,
10,17,9,8,1,1,
11,19,10,9,1,1,
12,21,11,10,1,1,
13,23,12,11,1,1,
14,25,13,12,1,1,
15,27,14,13,1,1,
16,29,15,14,1,1,
17,31,16,15,1,1,
18,33,17,16,1,1,
19,35,18,17,1,1,
20,37,19,18,1,1,
21,39,20,19,1,1,
22,41,21,20,1,1,
23,43,22,21,1,1,
24,45,23,22,1,1,
25,47,24,23,1,1,
26,49,25,24,1,1,
27,51,26,25,1,1,
28,53,27,26,1,1,
29,55,28,27,1,1,
30,57,29,28,1,1,
31,59,30,29,1,1,
32,61,31,30,1,1,
33,63,32,31,1,1,
34,65,33,32,1,1,
35,67,34,33,1,1,
36,69,35,34,1,1,
37,71,36,35,1,1,
38,73,37,36,1,1,
39,75,38,37,1,1,
40,77,39,38,1,1,
41,79,40,39,1,1,
42,81,41,40,1,1,
43,83,42,41,1,1,
44,85,43,42,1,1,
45,87,44,43,1,1,
46,89,45,44,1,1,
47,91,46,45,1,1,
48,93,47,46,1,1,
49,95,48,47,1,1,
50,97,49,48,1,1,
51,99,50,49,1,1,
52,101,51,50,1,1,
53,103,52,51,1,1,
54,105,53,52,1,1,
55,107,54,53,1,1,
56,109,55,54,1,1,
57,111,56,55,1,1,
58,113,57,56,1,1,
59,115,58,57,1,1,
60,117,59,58,1,1,
61,119,60,59,1,1,
62,121,61,60,1,1,
63,123,62,61,1,1,
64,124,63,61,1,0,
65,124,63,61,0,0,
66,124,63,61,0,1,
67,125,63,62,0,1,
68,127,64,63,1,1,
69,129,65,64,1,1,
70,131,66,65,1,1,
71,133,67,66,1,1,
72,135,68,67,1,1,
73,137,69,68,1,1,
74,139,70,69,1,1,
75,141,71,70,1,1,
76,143,72,71,1,1,
77,145,73,72,1,1,
78,147,74,73,1,1,
79,149,75,74,1,1,
80,151,76,75,1,1,
81,153,77,76,1,1,
82,155,78,77,1,1,
83,157,79,78,1,1,
84,159,80,79,1,1,
85,161,81,80,1,1,
86,163,82,81,1,1,
87,165,83,82,1,1,
88,167,84,83,1,1,
89,169,85,84,1,1,
90,171,86,85,1,1,
91,173,87,86,1,1,
92,175,88,87,1,1,
93,177,89,88,1,1,
94,179,90,89,1,1,
95,181,91,90,1,1,
96,183,92,91,1,1,
97,185,93,92,1,1,
98,187,94,93,1,1,
99,189,95,94,1,1,
100,191,96,95,1,1,
101,193,97,96,1,1,
102,195,98,97,1,1,
103,197,99,98,1,1,
104,199,100,99,1,1,
105,201,101,100,1,1,
106,203,102,101,1,1,
107,205,103,102,1,1,
108,207,104,103,1,1,
109,209,105,104,1,1,
110,211,106,105,1,1,
111,213,107,106,1,1,
112,215,108,107,1,1,
113,217,109,108,1,1,
114,219,110,109,1,1,
115,221,111,110,1,1,
116,223,112,111,1,1,
117,225,113,112,1,1,
118,227,114,113,1,1,
119,229,115,114,1,1,
120,231,116,115,1,1,
121,233,117,116,1,1,
122,235,118,117,1,1,
123,237,119,118,1,1,
124,239,120,119,1,1,
125,241,121,120,1,1,
126,243,122,121,1,1,
127,245,123,122,1,1,
128,247,124,123,1,1,
129,249,125,124,1,1,
130,251,126,125,1,1,
131,253,127,126,1,1,
132,255,128,127,1,1,
133,257,129,128,1,1,
134,259,130,129,1,1,
135,261,131,130,1,1,
136,263,132,131,1,1,
137,265,133,132,1,1,
138,267,134,133,1,1,
139,269,135,134,1,1,
140,271,136,135,1,1,
141,273,137,136,1,1,
142,275,138,137,1,1,
143,277,139,138,1,1,
144,279,140,139,1,1,
145,281,141,140,1,1,
146,283,142,141,1,1,
147,285,143,142,1,1,
148,287,144,143,1,1,
149,289,145,144,1,1,
150,291,146,145,1,1,
151,293,147,146,1,1,
152,295,148,147,1,1,
153,297,149,148,1,1,
154,299,150,149,1,1,
155,301,151,150,1,1,
156,303,152,151,1,1,
157,305,153,152,1,1,
158,307,154,153,1,1,
159,309,155,154,1,1,
160,311,156,155,1,1,
161,313,157,156,1,1,
162,315,158,157,1,1,
163,317,159,158,1,1,
164,319,160,159,1,1,
165,321,161,160,1,1,
166,323,162,161,1,1,
167,325,163,162,1,1,
168,327,164,163,1,1,
169,329,165,164,1,1,
170,331,166,165,1,1,
171,333,167,166,1,1,
172,335,168,167,1,1,
173,337,169,168,1,1,
174,339,170,169,1,1,
175,341,171,170,1,1,
176,343,172,171,1,1,
177,345,173,172,1,1,
178,347,174,173,1,1,
179,349,175,174,1,1,
180,351,176,175,1,1,
181,353,177,176,1,1,
182,355,178,177,1,1,
183,357,179,178,1,1,
184,359,180,179,1,1,
185,361,181,180,1,1,
186,363,182,181,1,1,
187,365,183,182,1,1,
188,367,184,183,1,1,
189,369,185,184,1,1,
190,371,186,185,1,1,
191,373,187,186,1,1,
192,375,188,187,1,1,
193,377,189,188,1,1,
194,379,190,189,1,1,
195,381,191,190,1,1,
196,383,192,191,1,1,
197,385,193,192,1,1,
198,387,194,193,1,1,
199,389,195,194,1,1,
200,391,196,195,1,1,
201,393,197,196,1,1,
202,395,198,197,1,1,
203,397,199,198,1,1,
204,399,200,199,1,1,
205,401,201,200,1,1,
206,403,202,201,1,1,
207,405,203,202,1,1,
208,407,204,203,1,1,
209,409,205,204,1,1,
210,411,206,205,1,1,
211,413,207,206,1,1,
212,415,208,207,1,1,
213,417,209,208,1,1,
214,419,210,209,1,1,
215,421,211,210,1,1,
216,423,212,211,1,1,
217,425,213,212,1,1,
218,427,214,213,1,1,
219,429,215,214,1,1,
220,431,216,215,1,1,
221,433,217,216,1,1,
222,435,218,217,1,1,
223,437,219,218,1,1,
224,439,220,219,1,1,
225,441,221,220,1,1,
226,443,222,221,1,1,
227,445,223,222,1,1,
228,447,224,223,1,1,
229,449,225,224,1,1,
230,451,226,225,1,1,
231,453,227,226,1,1,
232,455,228,227,1,1,
233,457,229,228,1,1,
234,459,230,229,1,1,
235,461,231,230,1,1,
236,463,232,231,1,1,
237,465,233,232,1,1,
238,467,234,233,1,1,
239,469,235,234,1,1,
240,471,236,235,1,1,
241,473,237,236,1,1,
242,475,238,237,1,1,
243,477,239,238,1,1,
244,479,240,239,1,1,
245,481,241,240,1,1,
246,483,242,241,1,1,
247,485,243,242,1,1,
248,487,244,243,1,1,
249,489,245,244,1,1,
250,491,246,245,1,1,
251,493,247,246,1,1,
252,495,248,247,1,1,
253,497,249,248,1,1,
254,499,250,249,1,1,
255,501,251,250,1,1,
256,503,252,251,1,1,
257,505,253,252,1,1,
258,507,254,253,1,1,
259,509,255,254,1,1,
260,511,256,255,1,1,
261,513,257,256,1,1,
262,515,258,257,1,1,
263,517,259,258,1,1,
264,519,260,259,1,1,
265,521,261,260,1,1,
266,523,262,261,1,1,
267,525,263,262,1,1,
268,527,264,263,1,1,
269,529,265,264,1,1,
270,531,266,265,1,1,
271,533,267,266,1,1,
272,535,268,267,1,1,
273,537,269,268,1,1,
274,539,270,269,1,1,
275,541,271,270,1,1,
276,543,272,271,1,1,
277,545,273,272,1,1,
278,547,274,273,1,1,
279,549,275,274,1,1,
280,551,276,275,1,1,
281,553,277,276,1,1,
282,555,278,277,1,1,
283,557,279,278,1,1,
284,559,280,279,1,1,
285,561,281,280,1,1,
286,563,282,281,1,1,
287,565,283,282,1,1,
288,567,284,283,1,1,
289,569,285,284,1,1,
290,571,286,285,1,1,
291,573,287,286,1,1,
292,575,288,287,1,1,
293,577,289,288,1,1,
294,579,290,289,1,1,
295,581,291,290,1,1,
296,583,292,291,1,1,
297,585,293,292,1,1,
298,587,294,293,1,1,
299,589,295,294,1,1,
300,591,296,295,1,1,
301,593,297,296,1,1,
302,595,298,297,1,1,
303,597,299,298,1,1,
304,599,300,299,1,1,
305,601,301,300,1,1,
306,603,302,301,1,1,
307,605,303,302,1,1,
308,607,304,303,1,1,
309,609,305,304,1,1,
310,611,306,305,1,1,
311,613,307,306,1,1,
312,615,308,307,1,1,
313,617,309,308,1,1,
314,619,310,309,1,1,
315,621,311,310,1,1,
316,623,312,311,1,1,
317,625,313,312,1,1,
318,627,314,313,1,1,
319,629,315,314,1,1,
320,631,316,315,1,1,
321,633,317,316,1,1,
322,635,318,317,1,1,
323,637,319,318,1,1,
324,639,320,319,1,1,
325,641,321,320,1,1,
326,643,322,321,1,1,
327,645,323,322,1,1,
328,647,324,323,1,1,
329,649,325,324,1,1,
330,651,326,325,1,1,
331,653,327,326,1,1,
332,655,328,327,1,1,
333,657,329,328,1,1,
334,659,330,329,1,1,
335,661,331,330,1,1,
336,663,332,331,1,1,
337,665,333,332,1,1,
338,667,334,333,1,1,
339,669,335,334,1,1,
340,671,336,335,1,1,
341,673,337,336,1,1,
342,675,338,337,1,1,
343,677,339,338,1,1,
344,679,340,339,1,1,
345,681,341,340,1,1,
346,683,342,341,1,1,
347,685,343,342,1,1,
348,687,344,343,1,1,
349,689,345,344,1,1,
350,691,346,345,1,1,
351,693,347,346,1,1,
352,695,348,347,1,1,
353,697,349,348,1,1,
354,699,350,349,1,1,
355,701,351,350,1,1,
356,703,352,351,1,1,
357,705,353,352,1,1,
358,707,354,353,1,1,
359,709,355,354,1,1,
360,711,356,355,1,1,
361,713,357,356,1,1,
362,715,358,357,1,1,
363,717,359,358,1,1,
364,719,360,359,1,1,
365,721,361,360,1,1,
366,723,362,361,1,1,
367,725,363,362,1,1,
368,727,364,363,1,1,
369,729,365,364,1,1,
370,731,366,365,1,1,
371,733,367,366,1,1,
372,735,368,367,1,1,
373,737,369,368,1,1,
374,739,370,369,1,1,
375,741,371,370,1,1,
376,743,372,371,1,1,
377,745,373,372,1,1,
378,747,374,373,1,1,
379,749,375,374,1,1,
380,751,376,375,1,1,
381,753,377,376,1,1,
382,755,378,377,1,1,
383,757,379,378,1,1,
384,759,380,379,1,1,
385,761,381,380,1,1,
386,763,382,381,1,1,
387,765,383,382,1,1,
388,767,384,383,1,1,
389,769,385,384,1,1,
390,771,386,385,1,1,
391,773,387,386,1,1,
392,775,388,387,1,1,
393,777,389,388,1,1,
394,779,390,389,1,1,
395,781,391,390,1,1,
396,783,392,391,1,1,
397,785,393,392,1,1,
398,787,394,393,1,1,
399,789,395,394,1,1,
400,791,396,395,1,1,
401,793,397,396,1,1,
402,795,398,397,1,1,
403,797,399,398,1,1,
404,799,400,399,1,1,
405,801,401,400,1,1,
406,803,402,401,1,1,
407,805,403,402,1,1,
408,807,404,403,1,1,
409,809,405,404,1,1,
410,811,406,405,1,1,
411,813,407,406,1,1,
412,815,408,407,1,1,
413,817,409,408,1,1,
414,819,410,409,1,1,
415,821,411,410,1,1,
416,823,412,411,1,1,
417,825,413,412,1,1,
418,827,414,413,1,1,
419,829,415,414,1,1,
420,831,416,415,1,1,
421,833,417,416,1,1,
422,835,418,417,1,1,
423,837,419,418,1,1,
424,839,420,419,1,1,
425,841,421,420,1,1,
426,843,422,421,1,1,
427,845,423,422,1,1,
428,847,424,423,1,1,
429,849,425,424,1,1,
430,851,426,425,1,1,
431,853,427,426,1,1,
432,855,428,427,1,1,
433,857,429,428,1,1,
434,859,430,429,1,1,
435,861,431,430,1,1,
436,863,432,431,1,1,
437,865,433,432,1,1,
438,867,434,433,1,1,
439,869,435,434,1,1,
440,871,436,435,1,1,
441,873,437,436,1,1,
442,875,438,437,1,1,
443,877,439,438,1,1,
444,879,440,439,1,1,
445,881,441,440,1,1,
446,883,442,441,1,1,
447,885,443,442,1,1,
448,887,444,443,1,1,
449,889,445,444,1,1,
450,891,446,445,1,1,
451,893,447,446,1,1,
452,895,448,447,1,1,
453,897,449,448,1,1,
454,899,450,449,1,1,
455,901,451,450,1,1,
456,903,452,451,1,1,
457,905,453,452,1,1,
458,907,454,453,1,1,
459,909,455,454,1,1,
460,911,456,455,1,1,
461,913,457,456,1,1,
462,915,458,457,1,1,
463,917,459,458,1,1,
464,919,460,459,1,1,
465,921,461,460,1,1,
466,923,462,461,1,1,
467,925,463,462,1,1,
468,927,464,463,1,1,
469,929,465,464,1,1,
470,931,466,465,1,1,
471,933,467,466,1,1,
472,935,468,467,1,1,
473,937,469,468,1,1,
474,939,470,469,1,1,
475,941,471,470,1,1,
476,943,472,471,1,1,
477,945,473,472,1,1,
478,947,474,473,1,1,
479,949,475,474,1,1,
480,951,476,475,1,1,
481,953,477,476,1,1,
482,955,478,477,1,1,
483,957,479,478,1,1,
484,959,480,479,1,1,
485,961,481,480,1,1,
486,963,482,481,1,1,
487,965,483,482,1,1,
488,967,484,483,1,1,
489,969,485,484,1,1,
490,971,486,485,1,1,
491,973,487,486,1,1,
492,975,488,487,1,1,
493,977,489,488,1,1,
494,979,490,489,1,1,
495,981,491,490,1,1,
496,983,492,491,1,1,
497,985,493,492,1,1,
498,987,494,493,1,1,
499,989,495,494,1,1,
500,991,496,495,1,1,
501,993,497,496,1,1,
502,995,498,497,1,1,
503,997,499,498,1,1,
504,999,500,499,1,1,
505,1001,501,500,1,1,
506,1003,502,501,1,1,
507,1005,503,502,1,1,
508,1007,504,503,1,1,
509,1009,505,504,1,1,
510,1011,506,505,1,1,
511,1013,507,506,1,1,
512,1015,508,507,1,1,
513,1017,509,508,1,1,
514,1019,510,509,1,1,
515,1021,511,510,1,1,
516,1023,512,511,1,1,
517,1025,513,512,1,1,
518,1027,514,513,1,1,
519,1029,515,514,1,1,
520,1031,516,515,1,1,
521,1033,517,516,1,1,
522,1035,518,517,1,1,
523,1037,519,518,1,1,
524,1039,520,519,1,1,
525,1041,521,520,1,1,
526,1043,522,521,1,1,
527,1045,523,522,1,1,
528,1047,524,523,1,1,
529,1049,525,524,1,1,
530,1051,526,525,1,1,
531,1053,527,526,1,1,
532,1055,528,527,1,1,
533,1057,529,528,1,1,
534,1059,530,529,1,1,
535,1061,531,530,1,1,
536,1063,532,531,1,1,
537,1065,533,532,1,1,
538,1067,534,533,1,1,
539,1069,535,534,1,1,
540,1071,536,535,1,1,
541,1073,537,536,1,1,
542,1075,538,537,1,1,
543,1077,539,538,1,1,
544,1079,540,539,1,1,
545,1081,541,540,1,1,
546,1083,542,541,1,1,
547,1085,543,542,1,1,
548,1087,544,543,1,1,
549,1089,545,544,1,1,
550,1091,546,545,1,1,
551,1093,547,546,1,1,
552,1095,548,547,1,1,
553,1097,549,548,1,1,
554,1099,550,549,1,1,
555,1101,551,550,1,1,
556,1103,552,551,1,1,
557,1105,553,552,1,1,
558,1107,554,553,1,1,
559,1109,555,554,1,1,
560,1111,556,555,1,1,
561,1113,557,556,1,1,
562,1115,558,557,1,1,
563,1117,559,558,1,1,
564,1119,560,559,1,1,
565,1121,561,560,1,1,
566,1123,562,561,1,1,
567,1125,563,562,1,1,
568,1127,564,563,1,1,
569,1129,565,564,1,1,
570,1131,566,565,1,1,
571,1133,567,566,1,1,
572,1135,568,567,1,1,
573,1137,569,568,1,1,
574,1139,570,569,1,1,
575,1141,571,570,1,1,
576,1143,572,571,1,1,
577,1145,573,572,1,1,
578,1147,574,573,1,1,
579,1149,575,574,1,1,
580,1151,576,575,1,1,
581,1153,577,576,1,1,
582,1155,578,577,1,1,
583,1157,579,578,1,1,
584,1159,580,579,1,1,
585,1161,581,580,1,1,
586,1163,582,581,1,1,
587,1165,583,582,1,1,
588,1167,584,583,1,1,
589,1168,584,584,0,1,
590,1169,584,585,0,1,
591,1170,584,586,1,1,
592,1172,585,587,1,1,
593,1174,586,588,1,1,
594,1176,587,589,1,1,
595,1178,588,590,1,1,
596,1180,589,591,1,1,
597,1182,590,592,1,1,
598,1184,591,593,1,1,
599,1186,592,594,1,1,
600,1188,593,595,1,1,
601,1190,594,596,1,1,
602,1192,595,597,1,1,
603,1194,596,598,1,1,
604,1196,597,599,1,1,
605,1198,598,600,1,1,
606,1200,599,601,1,1,
607,1202,600,602,1,1,
608,1204,601,603,1,1,
609,1206,602,604,1,1,
610,1208,603,605,1,1,
611,1210,604,606,1,1,
612,1212,605,607,1,1,
613,1214,606,608,1,1,
614,1216,607,609,1,1,
615,1218,608,610,1,1,
616,1220,609,611,1,1,
617,1222,610,612,1,1,
618,1224,611,613,1,1,
619,1226,612,614,1,1,
620,1228,613,615,1,1,
621,1230,614,616,1,1,
622,1232,615,617,1,1,
623,1234,616,618,1,1,
624,1236,617,619,1,1,
625,1238,618,620,1,1,
626,1240,619,621,1,1,
627,1242,620,622,1,1,
628,1244,621,623,1,1,
629,1246,622,624,1,1,
630,1248,623,625,1,1,
631,1250,624,626,1,1,
632,1252,625,627,1,1,
633,1254,626,628,1,1,
634,1256,627,629,1,1,
635,1258,628,630,1,1,
636,1260,629,631,1,1,
637,1262,630,632,1,1,
638,1264,631,633,1,1,
639,1266,632,634,1,1,
640,1268,633,635,1,1,
641,1270,634,636,1,1,
642,1272,635,637,1,1,
643,1274,636,638,1,1,
644,1276,637,639,1,1,
645,1278,638,640,1,1,
646,1280,639,641,1,1,
647,1282,640,642,1,1,
648,1284,641,643,1,1,
649,1286,642,644,1,1,
650,1288,643,645,1,1,
651,1290,644,646,1,1,
652,1292,645,647,1,1,
653,1294,646,648,1,1,
654,1296,647,649,1,1,
655,1298,648,650,1,1,
656,1300,649,651,1,1,
657,1302,650,652,1,1,
658,1304,651,653,1,1,
659,1306,652,654,1,1,
660,1308,653,655,1,1,
661,1310,654,656,1,1,
662,1312,655,657,1,1,
663,1314,656,658,1,1,
664,1316,657,659,1,1,
665,1318,658,660,1,1,
666,1320,659,661,1,1,
667,1322,660,662,1,1,
668,1324,661,663,1,1,
669,1326,662,664,1,1,
670,1328,663,665,1,1,
671,1330,664,666,1,1,
672,1332,665,667,1,1,
673,1334,666,668,1,1,
674,1336,667,669,1,1,
675,1338,668,670,1,1,
676,1340,669,671,1,1,
677,1342,670,672,1,1,
678,1344,671,673,1,1,
679,1346,672,674,1,1,
680,1348,673,675,1,1,
681,1350,674,676,1,1,
682,1352,675,677,1,1,
683,1354,676,678,1,1,
684,1356,677,679,1,1,
685,1358,678,680,1,1,
686,1360,679,681,1,1,
687,1362,680,682,1,1,
688,1364,681,683,1,1,
689,1366,682,684,1,1,
690,1368,683,685,1,1,
691,1370,684,686,1,1,
692,1372,685,687,1,1,
693,1374,686,688,1,1,
694,1376,687,689,1,1,
695,1378,688,690,1,1,
696,1380,689,691,1,1,
697,1382,690,692,1,1,
698,1384,691,693,1,1,
699,1386,692,694,1,1,
700,1388,693,695,1,1,
701,1390,694,696,1,1,
702,1392,695,697,1,1,
703,1394,696,698,1,1,
704,1396,697,699,1,1,
705,1398,698,700,1,1,
706,1400,699,701,1,1,
707,1402,700,702,1,1,
708,1404,701,703,1,1,
709,1406,702,704,1,1,
710,1408,703,705,1,1,
711,1410,704,706,1,1,
712,1412,705,707,1,1,
713,1414,706,708,1,1,
714,1416,707,709,1,1,
715,1418,708,710,1,1,
716,1420,709,711,1,1,
717,1422,710,712,1,1,
718,1424,711,713,1,1,
719,1426,712,714,1,1,
720,1428,713,715,1,1,
721,1430,714,716,1,1,
722,1432,715,717,1,1,
723,1434,716,718,1,1,
724,1436,717,719,1,1,
725,1438,718,720,1,1,
726,1440,719,721,1,1,
727,1442,720,722,1,1,
728,1444,721,723,1,1,
729,1446,722,724,1,1,
730,1448,723,725,1,1,
731,1450,724,726,1,1,
732,1452,725,727,1,1,
733,1454,726,728,1,1,
734,1456,727,729,1,1,
735,1458,728,730,1,1,
736,1460,729,731,1,1,
737,1462,730,732,1,1,
738,1463,731,732,1,1,
739,1465,732,733,1,1,
740,1467,733,734,1,1,
741,1469,734,735,1,1,
742,1471,735,736,1,1,
743,1473,736,737,1,1,
744,1475,737,738,1,1,
745,1477,738,739,1,1,
746,1479,739,740,1,1,
747,1481,740,741,1,1,
748,1483,741,742,1,1,
749,1485,742,743,1,1,
750,1486,743,743,1,1,
751,1488,744,744,1,1,
752,1490,745,745,1,1,
753,1492,746,746,1,1,
754,1494,747,747,1,1,
755,1496,748,748,1,1,
756,1498,749,749,1,1,
757,1500,750,750,1,1,
758,1502,751,751,1,1,
759,1504,752,752,1,1,
760,1506,753,753,1,1,
761,1508,754,754,1,1,
762,1510,755,755,1,1,
763,1512,756,756,1,1,
764,1514,757,757,1,1,
765,1516,758,758,1,1,
766,1518,759,759,1,1,
767,1520,760,760,1,1,
768,1522,761,761,1,1,
769,1524,762,762,1,1,
770,1526,763,763,1,1,
771,1528,764,764,1,1,
772,1530,765,765,1,1,
773,1532,766,766,1,1,
774,1534,767,767,1,1,
775,1536,768,768,1,1,
776,1538,769,769,1,1,
777,1540,770,770,1,1,
778,1542,771,771,1,1,
779,1544,772,772,1,1,
780,1546,773,773,1,1,
781,1548,774,774,1,1,
782,1550,775,775,1,1,
783,1552,776,776,1,1,
784,1554,777,777,1,1,
785,1556,778,778,1,1,
786,1558,779,779,1,1,
787,1560,780,780,1,1,
788,1562,781,781,1,1,
789,1564,782,782,1,1,
790,1566,783,783,1,1,
791,1568,784,784,1,1,
792,1570,785,785,1,1,
793,1572,786,786,1,1,
794,1574,787,787,1,1,
795,1576,788,788,1,1,
796,1578,789,789,1,1,
797,1580,790,790,1,1,
798,1582,791,791,1,1,
799,1584,792,792,1,1,
800,1586,793,793,1,1,
801,1588,794,794,1,1,
802,1590,795,795,1,1,
803,1592,796,796,1,1,
804,1594,797,797,1,1,
805,1596,798,798,1,1,
806,1598,799,799,1,1,
807,1600,800,800,1,1,
808,1602,801,801,1,1,
809,1604,802,802,1,1,
810,1606,803,803,1,1,
811,1608,804,804,1,1,
812,1610,805,805,1,1,
813,1612,806,806,1,1,
814,1614,807,807,1,1,
815,1616,808,808,1,1,
816,1618,809,809,1,1,
817,1620,810,810,1,1,
818,1622,811,811,1,1,
819,1624,812,812,1,1,
820,1626,813,813,1,1,
821,1628,814,814,1,1,
822,1630,815,815,1,1,
823,1632,816,816,1,1,
824,1634,817,817,1,1,
825,1636,818,818,1,1,
826,1638,819,819,1,1,
827,1640,820,820,1,1,
828,1642,821,821,1,1,
829,1644,822,822,1,1,
830,1646,823,823,1,1,
831,1648,824,824,1,1,
832,1650,825,825,1,1,
833,1652,826,826,1,1,
834,1654,827,827,1,1,
835,1656,828,828,1,1,
836,1658,829,829,1,1,
837,1660,830,830,1,1,
838,1662,831,831,1,1,
839,1664,832,832,1,1,
840,1666,833,833,1,1,
841,1668,834,834,1,1,
842,1670,835,835,1,1,
843,1672,836,836,1,1,
844,1674,837,837,1,1,
845,1676,838,838,1,1,
846,1678,839,839,1,1,
847,1680,840,840,1,1,
848,1682,841,841,1,1,
849,1684,842,842,1,1,
850,1686,843,843,1,1,
851,1688,844,844,1,1,
852,1690,845,845,1,1,
853,1692,846,846,1,1,
854,1694,847,847,1,1,
855,1696,848,848,1,1,
856,1698,849,849,1,1,
857,1700,850,850,1,1,
858,1702,851,851,1,1,
859,1704,852,852,1,1,
860,1706,853,853,1,1,
861,1708,854,854,1,1,
862,1710,855,855,1,1,
863,1712,856,856,1,1,
864,1714,857,857,1,1,
865,1716,858,858,1,1,
866,1718,859,859,1,1,
867,1720,860,860,1,1,
868,1722,861,861,1,1,
869,1724,862,862,1,1,
870,1726,863,863,1,1,
871,1728,864,864,1,1,
872,1730,865,865,1,1,
873,1732,866,866,1,1,
874,1734,867,867,1,1,
875,1736,868,868,1,1,
876,1738,869,869,1,1,
877,1740,870,870,1,1,
878,1742,871,871,1,1,
879,1744,872,872,1,1,
880,1746,873,873,1,1,
881,1748,874,874,1,1,
882,1750,875,875,1,1,
883,1752,876,876,1,1,
884,1754,877,877,1,1,
885,1756,878,878,1,1,
886,1758,879,879,1,1,
887,1760,880,880,1,1,
888,1762,881,881,1,1,
889,1764,882,882,1,1,
890,1766,883,883,1,1,
891,1768,884,884,1,1,
892,1770,885,885,1,1,
893,1772,886,886,1,1,
894,1774,887,887,1,1,
895,1776,888,888,1,1,
896,1778,889,889,1,1,
897,1780,890,890,1,1,
898,1782,891,891,1,1,
899,1784,892,892,1,1,
900,1786,893,893,1,1,
901,1788,894,894,1,1,
902,1790,895,895,1,1,
903,1792,896,896,1,1,
904,1794,897,897,1,1,
905,1796,898,898,1,1,
906,1798,899,899,1,1,
907,1800,900,900,1,1,
908,1802,901,901,1,1,
909,1804,902,902,1,1,
910,1806,903,903,1,1,
911,1808,904,904,1,1,
912,1810,905,905,1,1,
913,1812,906,906,1,1,
914,1814,907,907,1,1,
915,1816,908,908,1,1,
916,1818,909,909,1,1,
917,1820,910,910,1,1,
918,1822,911,911,1,1,
919,1824,912,912,1,1,
920,1826,913,913,1,1,
921,1828,914,914,1,1,
922,1830,915,915,1,1,
923,1832,916,916,1,1,
924,1834,917,917,1,1,
925,1836,918,918,1,1,
926,1838,919,919,1,1,
927,1840,920,920,1,1,
928,1842,921,921,1,1,
929,1844,922,922,1,1,
930,1846,923,923,1,1,
931,1848,924,924,1,1,
932,1850,925,925,1,1,
933,1852,926,926,1,1,
934,1854,927,927,1,1,
935,1856,928,928,1,1,
936,1858,929,929,1,1,
937,1860,930,930,1,1,
938,1862,931,931,1,1,
939,1864,932,932,1,1,
940,1866,933,933,1,1,
941,1868,934,934,1,1,
942,1870,935,935,1,1,
943,1872,936,936,1,1,
944,1874,937,937,1,1,
945,1876,938,938,1,1,
946,1878,939,939,1,1,
947,1880,940,940,1,1,
948,1882,941,941,1,1,
949,1884,942,942,1,1,
950,1886,943,943,1,1,
951,1888,944,944,1,1,
952,1890,945,945,1,1,
953,1892,946,946,1,1,
954,1894,947,947,1,1,
955,1896,948,948,1,1,
956,1898,949,949,1,1,
957,1900,950,950,1,1,
958,1902,951,951,1,1,
959,1904,952,952,1,1,
960,1906,953,953,1,1,
961,1908,954,954,1,1,
962,1910,955,955,1,1,
963,1912,956,956,1,1,
964,1914,957,957,1,1,
965,1916,958,958,1,1,
966,1918,959,959,1,1,
967,1920,960,960,1,1,
968,1922,961,961,1,1,
969,1924,962,962,1,1,
970,1926,963,963,1,1,
971,1928,964,964,1,1,
972,1930,965,965,1,1,
973,1932,966,966,1,1,
974,1934,967,967,1,1,
975,1936,968,968,1,1,
976,1938,969,969,1,1,
977,1940,970,970,1,1,
978,1942,971,971,1,1,
979,1944,972,972,1,1,
980,1946,973,973,1,1,
981,1948,974,974,1,1,
982,1950,975,975,1,1,
983,1952,976,976,1,1,
984,1954,977,977,1,1,
985,1956,978,978,1,1,
986,1958,979,979,1,1,
987,1960,980,980,1,1,
988,1962,981,981,1,1,
989,1964,982,982,1,1,
990,1966,983,983,1,1,
991,1968,984,984,1,1,
992,1970,985,985,1,1,
993,1972,986,986,1,1,
994,1974,987,987,1,1,
995,1976,988,988,1,1,
996,1978,989,989,1,1,
997,1980,990,990,1,1,
998,1982,991,991,1,1,
999,1984,992,992,1,1,
1000,1986,993,993,1,1,
1001,1988,994,994,1,1,
1002,1990,995,995,1,1,
1003,1992,996,996,1,1,
1004,1994,997,997,1,1,
1005,1996,998,998,1,1,
1006,1998,999,999,1,1,
1007,2000,1000,1000,1,1,
1008,2002,1001,1001,1,1,
1009,2004,1002,1002,1,1,
1010,2006,1003,1003,1,1,
1011,2008,1004,1004,1,1,
1012,2010,1005,1005,1,1,
1013,2012,1006,1006,1,1,
1014,2014,1007,1007,1,1,
1015,2016,1008,1008,1,1,
1016,2018,1009,1009,1,1,
1017,2020,1010,1010,1,1,
1018,2022,1011,1011,1,1,
1019,2024,1012,1012,1,1,
1020,2026,1013,1013,1,1,
1021,2028,1014,1014,1,1,
1022,2030,1015,1015,1,1,
1023,2032,1016,1016,1,1,
1024,2034,1017,1017,1,1,
1025,2036,1018,1018,1,1,
1026,2038,1019,1019,1,1,
1027,2040,1020,1020,1,1,
1028,2042,1021,1021,1,1,
1029,2044,1022,1022,1,1,
1030,2046,1023,1023,1,1,
1031,2048,1024,1024,1,1,
1032,2050,1025,1025,1,1,
1033,2052,1026,1026,1,1,
1034,2054,1027,1027,1,1,
1035,2056,1028,1028,1,1,
1036,2058,1029,1029,1,1,
1037,2060,1030,1030,1,1,
1038,2062,1031,1031,1,1,
1039,2064,1032,1032,1,1,
1040,2066,1033,1033,1,1,
1041,2068,1034,1034,1,1,
1042,2070,1035,1035,1,1,
1043,2072,1036,1036,1,1,
1044,2074,1037,1037,1,1,
1045,2076,1038,1038,1,1,
1046,2078,1039,1039,1,1,
1047,2080,1040,1040,1,1,
1048,2082,1041,1041,1,1,
1049,2084,1042,1042,1,1,
1050,2086,1043,1043,1,1,
1051,2088,1044,1044,1,1,
1052,2090,1045,1045,1,1,
1053,2092,1046,1046,1,1,
1054,2094,1047,1047,1,1,
1055,2096,1048,1048,1,1,
1056,2098,1049,1049,1,1,
1057,2100,1050,1050,1,1,
1058,2102,1051,1051,1,1,
1059,2104,1052,1052,1,1,
1060,2106,1053,1053,1,1,
1061,2108,1054,1054,1,1,
1062,2110,1055,1055,1,1,
1063,2112,1056,1056,1,1,
1064,2114,1057,1057,1,1,
1065,2116,1058,1058,1,1,
1066,2118,1059,1059,1,1,
1067,2120,1060,1060,1,1,
1068,2122,1061,1061,1,1,
1069,2124,1062,1062,1,1,
1070,2126,1063,1063,1,1,
1071,2128,1064,1064,1,1,
1072,2130,1065,1065,1,1,
1073,2132,1066,1066,1,1,
1074,2134,1067,1067,1,1,
1075,2136,1068,1068,1,1,
1076,2138,1069,1069,1,1,
1077,2140,1070,1070,1,1,
1078,2142,1071,1071,1,1,
1079,2144,1072,1072,1,1,
1080,2146,1073,1073,1,1,
1081,2148,1074,1074,1,1,
1082,2150,1075,1075,1,1,
1083,2152,1076,1076,1,1,
1084,2154,1077,1077,1,1,
1085,2156,1078,1078,1,1,
1086,2158,1079,1079,1,1,
1087,2160,1080,1080,1,1,
1088,2162,1081,1081,1,1,
1089,2164,1082,1082,1,1,
1090,2166,1083,1083,1,1,
1091,2168,1084,1084,1,1,
1092,2170,1085,1085,1,1,
1093,2172,1086,1086,1,1,
1094,2174,1087,1087,1,1,
1095,2176,1088,1088,1,1,
1096,2178,1089,1089,1,1,
1097,2180,1090,1090,1,1,
1098,2182,1091,1091,1,1,
1099,2184,1092,1092,1,1,
1100,2186,1093,1093,1,1,
1101,2188,1094,1094,1,1,
1102,2190,1095,1095,1,1,
1103,2192,1096,1096,1,1,
1104,2194,1097,1097,1,1,
1105,2196,1098,1098,1,1,
1106,2198,1099,1099,1,1,
1107,2200,1100,1100,1,1,
1108,2202,1101,1101,1,1,
1109,2204,1102,1102,1,1,
1110,2206,1103,1103,1,1,
1111,2208,1104,1104,1,1,
1112,2210,1105,1105,1,1,
1113,2212,1106,1106,1,1,
1114,2214,1107,1107,1,1,
1115,2216,1108,1108,1,1,
1116,2218,1109,1109,1,1,
1117,2220,1110,1110,1,1,
1118,2222,1111,1111,1,1,
1119,2224,1112,1112,1,1,
1120,2226,1113,1113,1,1,
1121,2228,1114,1114,1,1,
1122,2230,1115,1115,1,1,
1123,2232,1116,1116,1,1,
1124,2234,1117,1117,1,1,
1125,2236,1118,1118,1,1,
1126,2238,1119,1119,1,1,
1127,2240,1120,1120,1,1,
1128,2242,1121,1121,1,1,
1129,2244,1122,1122,1,1,
1130,2246,1123,1123,1,1,
1131,2248,1124,1124,1,1,
1132,2250,1125,1125,1,1,
1133,2252,1126,1126,1,1,
1134,2254,1127,1127,1,1,
1135,2256,1128,1128,1,1,
1136,2258,1129,1129,1,1,
1137,2260,1130,1130,1,1,
1138,2262,1131,1131,1,1,
1139,2264,1132,1132,1,1,
1140,2266,1133,1133,1,1,
1141,2268,1134,1134,1,1,
1142,2270,1135,1135,1,1,
1143,2272,1136,1136,1,1,
1144,2274,1137,1137,1,1,
1145,2276,1138,1138,1,1,
1146,2278,1139,1139,1,1,
1147,2280,1140,1140,1,1,
1148,2282,1141,1141,1,1,
1149,2284,1142,1142,1,1,
1150,2286,1143,1143,1,1,
1151,2288,1144,1144,1,1,
1152,2290,1145,1145,1,1,
1153,2292,1146,1146,1,1,
1154,2294,1147,1147,1,1,
1155,2296,1148,1148,1,1,
1156,2298,1149,1149,1,1,
1157,2300,1150,1150,1,1,
1158,2302,1151,1151,1,1,
1159,2304,1152,1152,1,1,
1160,2306,1153,1153,1,1,
1161,2308,1154,1154,1,1,
1162,2310,1155,1155,1,1,
1163,2312,1156,1156,1,1,
1164,2314,1157,1157,1,1,
1165,2316,1158,1158,1,1,
1166,2318,1159,1159,1,1,
1167,2320,1160,1160,1,1,
1168,2322,1161,1161,1,1,
1169,2324,1162,1162,1,1,
1170,2326,1163,1163,1,1,
1171,2328,1164,1164,1,1,
1172,2330,1165,1165,1,1,
1173,2332,1166,1166,1,1,
1174,2334,1167,1167,1,1,
1175,2336,1168,1168,1,1,
1176,2338,1169,1169,1,1,
1177,2340,1170,1170,1,1,
1178,2342,1171,1171,1,1,
1179,2344,1172,1172,1,1,
1180,2346,1173,1173,1,1,
1181,2348,1174,1174,1,1,
1182,2350,1175,1175,1,1,
1183,2352,1176,1176,1,1,
1184,2354,1177,1177,1,1,
1185,2356,1178,1178,1,1,
1186,2358,1179,1179,1,1,
1187,2360,1180,1180,1,1,
1188,2362,1181,1181,1,1,
1189,2364,1182,1182,1,1,
1190,2366,1183,1183,1,1,
1191,2368,1184,1184,1,1,
1192,2370,1185,1185,1,1,
1193,2372,1186,1186,1,1,
1194,2374,1187,1187,1,1,
1195,2376,1188,1188,1,1,
1196,2378,1189,1189,1,1,
1197,2380,1190,1190,1,1,
1198,2382,1191,1191,1,1,
1199,2384,1192,1192,1,1,
1200,2386,1193,1193,1,1,
1201,2388,1194,1194,1,1,
1202,2390,1195,1195,1,1,
1203,2392,1196,1196,1,1,
1204,2394,1197,1197,1,1,
1205,2396,1198,1198,1,1,
1206,2398,1199,1199,1,1,
1207,2400,1200,1200,1,1,
1208,2402,1201,1201,1,1,
1209,2404,1202,1202,1,1,
1210,2406,1203,1203,1,1,
1211,2408,1204,1204,1,1,
1212,2410,1205,1205,1,1,
1213,2412,1206,1206,1,1,
1214,2414,1207,1207,1,1,
1215,2416,1208,1208,1,1,
1216,2418,1209,1209,1,1,
1217,2420,1210,1210,1,1,
1218,2422,1211,1211,1,1,
1219,2424,1212,1212,1,1,
1220,2426,1213,1213,1,1,
1221,2428,1214,1214,1,1,
1222,2430,1215,1215,1,1,
1223,2432,1216,1216,1,1,
1224,2434,1217,1217,1,1,
1225,2436,1218,1218,1,1,
1226,2438,1219,1219,1,1,
1227,2440,1220,1220,1,1,
1228,2442,1221,1221,1,1,
1229,2444,1222,1222,1,1,
1230,2446,1223,1223,1,1,
1231,2448,1224,1224,1,1,
1232,2450,1225,1225,1,1,
1233,2452,1226,1226,1,1,
1234,2454,1227,1227,1,1,
1235,2456,1228,1228,1,1,
1236,2458,1229,1229,1,1,
1237,2460,1230,1230,1,1,
1238,2462,1231,1231,1,1,
1239,2464,1232,1232,1,1,
1240,2466,1233,1233,1,1,
1241,2468,1234,1234,1,1,
1242,2470,1235,1235,1,1,
1243,2472,1236,1236,1,1,
1244,2474,1237,1237,1,1,
1245,2476,1238,1238,1,1,
1246,2478,1239,1239,1,1,
1247,2480,1240,1240,1,1,
1248,2482,1241,1241,1,1,
1249,2484,1242,1242,1,1,
1250,2486,1243,1243,1,1,
1251,2488,1244,1244,1,1,
1252,2490,1245,1245,1,1,
1253,2492,1246,1246,1,1,
1254,2494,1247,1247,1,1,
1255,2496,1248,1248,1,1,
1256,2498,1249,1249,1,1,
1257,2500,1250,1250,1,1,
1258,2502,1251,1251,1,1,
1259,2504,1252,1252,1,1,
1260,2506,1253,1253,1,1,
1261,2508,1254,1254,1,1,
1262,2510,1255,1255,1,1,
1263,2512,1256,1256,1,1,
1264,2514,1257,1257,1,1,
1265,2516,1258,1258,1,1,
1266,2518,1259,1259,1,1,
1267,2520,1260,1260,1,1,
1268,2522,1261,1261,1,1,
1269,2524,1262,1262,1,1,
1270,2526,1263,1263,1,1,
1271,2528,1264,1264,1,1,
1272,2530,1265,1265,1,1,
1273,2532,1266,1266,1,1,
1274,2534,1267,1267,1,1,
1275,2536,1268,1268,1,1,
1276,2538,1269,1269,1,1,
1277,2540,1270,1270,1,1,
1278,2542,1271,1271,1,1,
1279,2544,1272,1272,1,1,
1280,2546,1273,1273,1,1,
1281,2548,1274,1274,1,1,
1282,2550,1275,1275,1,1,
1283,2552,1276,1276,1,1,
1284,2554,1277,1277,1,1,
1285,2556,1278,1278,1,1,
1286,2558,1279,1279,1,1,
1287,2560,1280,1280,1,1,
1288,2562,1281,1281,1,1,
1289,2564,1282,1282,1,1,
1290,2566,1283,1283,1,1,
1291,2568,1284,1284,1,1,
1292,2570,1285,1285,1,1,
1293,2572,1286,1286,1,1,
1294,2574,1287,1287,1,1,
1295,2576,1288,1288,1,1,
1296,2578,1289,1289,1,1,
1297,2580,1290,1290,1,1,
1298,2582,1291,1291,1,1,
1299,2584,1292,1292,1,1,
1300,2586,1293,1293,1,1,
1301,2588,1294,1294,1,1,
1302,2590,1295,1295,1,1,
1303,2592,1296,1296,1,1,
1304,2594,1297,1297,1,1,
1305,2596,1298,1298,1,1,
1306,2598,1299,1299,1,1,
1307,2600,1300,1300,1,1,
1308,2602,1301,1301,1,1,
1309,2604,1302,1302,1,1,
1310,2606,1303,1303,1,1,
1311,2608,1304,1304,1,1,
1312,2610,1305,1305,1,1,
1313,2612,1306,1306,1,1,
1314,2614,1307,1307,1,1,
1315,2616,1308,1308,1,1,
1316,2618,1309,1309,1,1,
1317,2620,1310,1310,1,1,
1318,2622,1311,1311,1,1,
1319,2624,1312,1312,1,1,
1320,2626,1313,1313,1,1,
1321,2628,1314,1314,1,1,
1322,2630,1315,1315,1,1,
1323,2632,1316,1316,1,1,
1324,2634,1317,1317,1,1,
1325,2636,1318,1318,1,1,
1326,2638,1319,1319,1,1,
1327,2640,1320,1320,1,1,
1328,2642,1321,1321,1,1,
1329,2644,1322,1322,1,1,
1330,2646,1323,1323,1,1,
1331,2648,1324,1324,1,1,
1332,2650,1325,1325,1,1,
1333,2652,1326,1326,1,1,
1334,2654,1327,1327,1,1,
1335,2656,1328,1328,1,1,
1336,2658,1329,1329,1,1,
1337,2660,1330,1330,1,1,
1338,2662,1331,1331,1,1,
1339,2664,1332,1332,1,1,
1340,2666,1333,1333,1,1,
1341,2668,1334,1334,1,1,
1342,2670,1335,1335,1,1,
1343,2672,1336,1336,1,1,
1344,2674,1337,1337,1,1,
1345,2676,1338,1338,1,1,
1346,2678,1339,1339,1,1,
1347,2680,1340,1340,1,1,
1348,2682,1341,1341,1,1,
1349,2684,1342,1342,1,1,
1350,2686,1343,1343,1,1,
1351,2688,1344,1344,1,1,
1352,2690,1345,1345,1,1,
1353,2692,1346,1346,1,1,
1354,2694,1347,1347,1,1,
1355,2696,1348,1348,1,1,
1356,2698,1349,1349,1,1,
1357,2700,1350,1350,1,1,
1358,2702,1351,1351,1,1,
1359,2704,1352,1352,1,1,
1360,2706,1353,1353,1,1,
1361,2708,1354,1354,1,1,
1362,2710,1355,1355,1,1,
1363,2712,1356,1356,1,1,
1364,2714,1357,1357,1,1,
1365,2716,1358,1358,1,1,
1366,2718,1359,1359,1,1,
1367,2720,1360,1360,1,1,
1368,2722,1361,1361,1,1,
1369,2724,1362,1362,1,1,
1370,2726,1363,1363,1,1,
1371,2728,1364,1364,1,1,
1372,2730,1365,1365,1,1,
1373,2732,1366,1366,1,1,
1374,2734,1367,1367,1,1,
1375,2736,1368,1368,1,1,
1376,2738,1369,1369,1,1,
1377,2740,1370,1370,1,1,
1378,2742,1371,1371,1,1,
1379,2744,1372,1372,1,1,
1380,2746,1373,1373,1,1,
1381,2748,1374,1374,1,1,
1382,2750,1375,1375,1,1,
1383,2752,1376,1376,1,1,
1384,2754,1377,1377,1,1,
1385,2756,1378,1378,1,1,
1386,2758,1379,1379,1,1,
1387,2760,1380,1380,1,1,
1388,2762,1381,1381,1,1,
1389,2764,1382,1382,1,1,
1390,2766,1383,1383,1,1,
1391,2768,1384,1384,1,1,
1392,2770,1385,1385,1,1,
1393,2772,1386,1386,1,1,
1394,2774,1387,1387,1,1,
1395,2776,1388,1388,1,1,
1396,2778,1389,1389,1,1,
1397,2780,1390,1390,1,1,
1398,2782,1391,1391,1,1,
1399,2784,1392,1392,1,1,
1400,2786,1393,1393,1,1,
1401,2788,1394,1394,1,1,
1402,2790,1395,1395,1,1,
1403,2792,1396,1396,1,1,
1404,2794,1397,1397,1,1,
1405,2796,1398,1398,1,1,
1406,2798,1399,1399,1,1,
1407,2800,1400,1400,1,1,
1408,2802,1401,1401,1,1,
1409,2804,1402,1402,1,1,
1410,2806,1403,1403,1,1,
1411,2808,1404,1404,1,1,
1412,2810,1405,1405,1,1,
1413,2812,1406,1406,1,1,
1414,2814,1407,1407,1,1,
1415,2816,1408,1408,1,1,
1416,2818,1409,1409,1,1,
1417,2820,1410,1410,1,1,
1418,2822,1411,1411,1,1,
1419,2824,1412,1412,1,1,
1420,2826,1413,1413,1,1,
1421,2828,1414,1414,1,1,
1422,2830,1415,1415,1,1,
1423,2832,1416,1416,1,1,
1424,2834,1417,1417,1,1,
1425,2836,1418,1418,1,1,
1426,2838,1419,1419,1,1,
1427,2840,1420,1420,1,1,
1428,2841,1420,1421,0,1,
1429,2843,1421,1422,1,1,
1430,2844,1421,1423,1,1,
1431,2846,1422,1424,1,1,
1432,2848,1423,1425,1,1,
1433,2850,1424,1426,1,1,
1434,2852,1425,1427,1,1,
1435,2854,1426,1428,1,1,
1436,2856,1427,1429,1,1,
1437,2858,1428,1430,1,1,
1438,2860,1429,1431,1,1,
1439,2862,1430,1432,1,1,
1440,2864,1431,1433,1,1,
1441,2866,1432,1434,1,1,
1442,2868,1433,1435,1,1,
1443,2870,1434,1436,1,1,
1444,2872,1435,1437,1,1,
1445,2874,1436,1438,1,1,
1446,2876,1437,1439,1,1,
1447,2878,1438,1440,1,1,
1448,2880,1439,1441,1,1,
1449,2882,1440,1442,1,1,
1450,2884,1441,1443,1,1,
1451,2886,1442,1444,1,1,
1452,2888,1443,1445,1,1,
1453,2890,1444,1446,1,1,
1454,2891,1445,1446,1,0,
1455,2893,1446,1447,1,1,
1456,2895,1447,1448,1,1,
1457,2897,1448,1449,1,1,
1458,2899,1449,1450,1,1,
1459,2901,1450,1451,1,1,
1460,2903,1451,1452,1,1,
1461,2905,1452,1453,1,1,
1462,2906,1453,1453,1,1,
1463,2908,1454,1454,1,1,
1464,2910,1455,1455,1,1,
1465,2912,1456,1456,1,1,
1466,2914,1457,1457,1,1,
1467,2916,1458,1458,1,1,
1468,2918,1459,1459,1,1,
1469,2920,1460,1460,1,1,
1470,2922,1461,1461,1,1,
1471,2924,1462,1462,1,1,
1472,2926,1463,1463,1,1,
1473,2928,1464,1464,1,1,
1474,2930,1465,1465,1,1,
1475,2932,1466,1466,1,1,
1476,2934,1467,1467,1,1,
1477,2936,1468,1468,1,1,
1478,2938,1469,1469,1,1,
1479,2940,1470,1470,1,1,
1480,2942,1471,1471,1,1,
1481,2944,1472,1472,1,1,
1482,2946,1473,1473,1,1,
1483,2948,1474,1474,1,1,
1484,2950,1475,1475,1,1,
1485,2952,1476,1476,1,1,
1486,2954,1477,1477,1,1,
1487,2956,1478,1478,1,1,
1488,2958,1479,1479,1,1,
1489,2960,1480,1480,1,1,
1490,2962,1481,1481,1,1,
1491,2964,1482,1482,1,1,
1492,2966,1483,1483,1,1,
1493,2968,1484,1484,1,1,
1494,2970,1485,1485,1,1,
1495,2972,1486,1486,1,1,
1496,2974,1487,1487,1,1,
1497,2976,1488,1488,1,1,
1498,2978,1489,1489,1,1,
1499,2980,1490,1490,1,1,
1500,2982,1491,1491,1,1,
1501,2984,1492,1492,1,1,
1502,2986,1493,1493,1,1,
1503,2988,1494,1494,1,1,
1504,2990,1495,1495,1,1,
1505,2992,1496,1496,1,1,
1506,2994,1497,1497,1,1,
1507,2996,1498,1498,1,1,
1508,2998,1499,1499,1,1,
1509,3000,1500,1500,1,1,
1510,3002,1501,1501,1,1,
1511,3004,1502,1502,1,1,
1512,3006,1503,1503,1,1,
1513,3008,1504,1504,1,1,
1514,3010,1505,1505,1,1,
1515,3012,1506,1506,1,1,
1516,3014,1507,1507,1,1,
1517,3016,1508,1508,1,1,
1518,3018,1509,1509,1,1,
1519,3020,1510,1510,1,1,
1520,3022,1511,1511,1,1,
1521,3024,1512,1512,1,1,
1522,3026,1513,1513,1,1,
1523,3028,1514,1514,1,1,
1524,3030,1515,1515,1,1,
1525,3032,1516,1516,1,1,
1526,3034,1517,1517,1,1,
1527,3036,1518,1518,1,1,
1528,3038,1519,1519,1,1,
1529,3040,1520,1520,1,1,
1530,3042,1521,1521,1,1,
1531,3044,1522,1522,1,1,
1532,3046,1523,1523,1,1,
1533,3048,1524,1524,1,1,
1534,3050,1525,1525,1,1,
1535,3052,1526,1526,1,1,
1536,3054,1527,1527,1,1,
1537,3056,1528,1528,1,1,
1538,3058,1529,1529,1,1,
1539,3060,1530,1530,1,1,
1540,3062,1531,1531,1,1,
1541,3064,1532,1532,1,1,
1542,3066,1533,1533,1,1,
1543,3068,1534,1534,1,1,
1544,3070,1535,1535,1,1,
1545,3072,1536,1536,1,1,
1546,3074,1537,1537,1,1,
1547,3076,1538,1538,1,1,
1548,3078,1539,1539,1,1,
1549,3080,1540,1540,1,1,
1550,3082,1541,1541,1,1,
1551,3084,1542,1542,1,1,
1552,3086,1543,1543,1,1,
1553,3088,1544,1544,1,1,
1554,3090,1545,1545,1,1,
1555,3092,1546,1546,1,1,
1556,3094,1547,1547,1,1,
1557,3096,1548,1548,1,1,
1558,3098,1549,1549,1,1,
1559,3100,1550,1550,1,1,
1560,3102,1551,1551,1,1,
1561,3104,1552,1552,1,1,
1562,3106,1553,1553,1,1,
1563,3108,1554,1554,1,1,
1564,3110,1555,1555,1,1,
1565,3112,1556,1556,1,1,
1566,3114,1557,1557,1,1,
1567,3116,1558,1558,1,1,
1568,3118,1559,1559,1,1,
1569,3120,1560,1560,1,1,
1570,3122,1561,1561,1,1,
1571,3124,1562,1562,1,1,
1572,3126,1563,1563,1,1,
1573,3128,1564,1564,1,1,
1574,3130,1565,1565,1,1,
1575,3132,1566,1566,1,1,
1576,3134,1567,1567,1,1,
1577,3136,1568,1568,1,1,
1578,3138,1569,1569,1,1,
1579,3140,1570,1570,1,1,
1580,3142,1571,1571,1,1,
1581,3144,1572,1572,1,1,
1582,3146,1573,1573,1,1,
1583,3148,1574,1574,1,1,
1584,3150,1575,1575,1,1,
1585,3152,1576,1576,1,1,
1586,3154,1577,1577,1,1,
1587,3156,1578,1578,1,1,
1588,3158,1579,1579,1,1,
1589,3160,1580,1580,1,1,
1590,3162,1581,1581,1,1,
1591,3164,1582,1582,1,1,
1592,3166,1583,1583,1,1,
1593,3168,1584,1584,1,1,
1594,3170,1585,1585,1,1,
1595,3172,1586,1586,1,1,
1596,3174,1587,1587,1,1,
1597,3176,1588,1588,1,1,
1598,3178,1589,1589,1,1,
1599,3180,1590,1590,1,1,
1600,3182,1591,1591,1,1,
1601,3184,1592,1592,1,1,
1602,3186,1593,1593,1,1,
1603,3188,1594,1594,1,1,
1604,3190,1595,1595,1,1,
1605,3192,1596,1596,1,1,
1606,3193,1597,1596,1,0,
1607,3195,1598,1597,1,1,
1608,3197,1599,1598,1,1,
1609,3199,1600,1599,1,1,
1610,3201,1601,1600,1,1,
1611,3203,1602,1601,1,1,
1612,3205,1603,1602,1,1,
1613,3207,1604,1603,1,1,
1614,3209,1605,1604,1,1,
1615,3211,1606,1605,1,1,
1616,3213,1607,1606,1,1,
1617,3215,1608,1607,1,1,
1618,3217,1609,1608,1,1,
1619,3219,1610,1609,1,1,
1620,3221,1611,1610,1,1,
1621,3223,1612,1611,1,1,
1622,3225,1613,1612,1,1,
1623,3227,1614,1613,1,1,
1624,3229,1615,1614,1,1,
1625,3231,1616,1615,1,1,
1626,3233,1617,1616,1,1,
1627,3235,1618,1617,1,1,
1628,3237,1619,1618,1,1,
1629,3238,1620,1618,1,0,
1630,3240,1621,1619,1,1,
1631,3242,1622,1620,1,1,
1632,3244,1623,1621,1,1,
1633,3246,1624,1622,1,1,
1634,3248,1625,1623,1,1,
1635,3250,1626,1624,1,1,
1636,3252,1627,1625,1,1,
1637,3254,1628,1626,1,1,
1638,3256,1629,1627,1,1,
1639,3258,1630,1628,1,1,
1640,3260,1631,1629,1,1,
1641,3262,1632,1630,1,1,
1642,3264,1633,1631,1,1,
1643,3266,1634,1632,1,1,
1644,3268,1635,1633,1,1,
1645,3270,1636,1634,1,1,
1646,3272,1637,1635,1,1,
1647,3274,1638,1636,1,1,
1648,3276,1639,1637,1,1,
1649,3278,1640,1638,1,1,
1650,3280,1641,1639,1,1,
1651,3282,1642,1640,1,1,
1652,3284,1643,1641,1,1,
1653,3286,1644,1642,1,1,
1654,3288,1645,1643,1,1,
1655,3290,1646,1644,1,1,
1656,3292,1647,1645,1,1,
1657,3294,1648,1646,1,1,
1658,3296,1649,1647,1,1,
1659,3298,1650,1648,1,1,
1660,3300,1651,1649,1,1,
1661,3302,1652,1650,1,1,
1662,3304,1653,1651,1,1,
1663,3306,1654,1652,1,1,
1664,3308,1655,1653,1,1,
1665,3310,1656,1654,1,1,
1666,3312,1657,1655,1,1,
1667,3314,1658,1656,1,1,
1668,3316,1659,1657,1,1,
1669,3318,1660,1658,1,1,
1670,3320,1661,1659,1,1,
1671,3322,1662,1660,1,1,
1672,3324,1663,1661,1,1,
1673,3326,1664,1662,1,1,
1674,3328,1665,1663,1,1,
1675,3330,1666,1664,1,1,
1676,3332,1667,1665,1,1,
1677,3334,1668,1666,1,1,
1678,3336,1669,1667,1,1,
1679,3338,1670,1668,1,1,
1680,3340,1671,1669,1,1,
1681,3342,1672,1670,1,1,
1682,3344,1673,1671,1,1,
1683,3346,1674,1672,1,1,
1684,3348,1675,1673,1,1,
1685,3350,1676,1674,1,1,
1686,3352,1677,1675,1,1,
1687,3354,1678,1676,1,1,
1688,3356,1679,1677,1,1,
1689,3358,1680,1678,1,1,
1690,3360,1681,1679,1,1,
1691,3362,1682,1680,1,1,
1692,3364,1683,1681,1,1,
1693,3366,1684,1682,1,1,
1694,3368,1685,1683,1,1,
1695,3370,1686,1684,1,1,
1696,3372,1687,1685,1,1,
1697,3374,1688,1686,1,1,
1698,3376,1689,1687,1,1,
1699,3378,1690,1688,1,1,
1700,3380,1691,1689,1,1,
1701,3382,1692,1690,1,1,
1702,3384,1693,1691,1,1,
1703,3386,1694,1692,1,1,
1704,3388,1695,1693,1,1,
1705,3390,1696,1694,1,1,
1706,3392,1697,1695,1,1,
1707,3394,1698,1696,1,1,
1708,3396,1699,1697,1,1,
1709,3398,1700,1698,1,1,
1710,3400,1701,1699,1,1,
1711,3402,1702,1700,1,1,
1712,3404,1703,1701,1,1,
1713,3406,1704,1702,1,1,
1714,3408,1705,1703,1,1,
1715,3410,1706,1704,1,1,
1716,3412,1707,1705,1,1,
1717,3414,1708,1706,1,1,
1718,3416,1709,1707,1,1,
1719,3418,1710,1708,1,1,
1720,3420,1711,1709,1,1,
1721,3422,1712,1710,1,1,
1722,3424,1713,1711,1,1,
1723,3426,1714,1712,1,1,
1724,3428,1715,1713,1,1,
1725,3430,1716,1714,1,1,
1726,3432,1717,1715,1,1,
1727,3434,1718,1716,1,1,
1728,3436,1719,1717,1,1,
1729,3438,1720,1718,1,1,
1730,3440,1721,1719,1,1,
1731,3442,1722,1720,1,1,
1732,3444,1723,1721,1,1,
1733,3446,1724,1722,1,1,
1734,3448,1725,1723,1,1,
1735,3450,1726,1724,1,1,
1736,3452,1727,1725,1,1,
1737,3454,1728,1726,1,1,
1738,3456,1729,1727,1,1,
1739,3458,1730,1728,1,1,
1740,3460,1731,1729,1,1,
1741,3462,1732,1730,1,1,
1742,3464,1733,1731,1,1,
1743,3466,1734,1732,1,1,
1744,3468,1735,1733,1,1,
1745,3470,1736,1734,1,1,
1746,3472,1737,1735,1,1,
1747,3474,1738,1736,1,1,
1748,3476,1739,1737,1,1,
1749,3478,1740,1738,1,1,
1750,3480,1741,1739,1,1,
1751,3482,1742,1740,1,1,
1752,3484,1743,1741,1,1,
1753,3486,1744,1742,1,1,
1754,3488,1745,1743,1,1,
1755,3490,1746,1744,1,1,
1756,3492,1747,1745,1,1,
1757,3494,1748,1746,1,1,
1758,3496,1749,1747,1,1,
1759,3498,1750,1748,1,1,
1760,3500,1751,1749,1,1,
1761,3502,1752,1750,1,1,
1762,3504,1753,1751,1,1,
1763,3506,1754,1752,1,1,
1764,3508,1755,1753,1,1,
1765,3510,1756,1754,1,1,
1766,3512,1757,1755,1,1,
1767,3514,1758,1756,1,1,
1768,3516,1759,1757,1,1,
1769,3518,1760,1758,1,1,
1770,3520,1761,1759,1,1,
1771,3522,1762,1760,1,1,
1772,3524,1763,1761,1,1,
1773,3526,1764,1762,1,1,
1774,3528,1765,1763,1,1,
1775,3530,1766,1764,1,1,
1776,3532,1767,1765,1,1,
1777,3534,1768,1766,1,1,
1778,3536,1769,1767,1,1,
1779,3538,1770,1768,1,1,
1780,3540,1771,1769,1,1,
1781,3542,1772,1770,1,1,
1782,3544,1773,1771,1,1,
1783,3546,1774,1772,1,1,
1784,3548,1775,1773,1,1,
1785,3550,1776,1774,1,1,
1786,3552,1777,1775,1,1,
1787,3554,1778,1776,1,1,
1788,3556,1779,1777,1,1,
1789,3558,1780,1778,1,1,
1790,3560,1781,1779,1,1,
1791,3562,1782,1780,1,1,
1792,3564,1783,1781,1,1,
1793,3566,1784,1782,1,1,
1794,3568,1785,1783,1,1,
1795,3570,1786,1784,1,1,
1796,3572,1787,1785,1,1,
1797,3574,1788,1786,1,1,
1798,3576,1789,1787,1,1,
1799,3578,1790,1788,1,1,
1800,3580,1791,1789,1,1,
1801,3582,1792,1790,1,1,
1802,3584,1793,1791,1,1,
1803,3586,1794,1792,1,1,
1804,3588,1795,1793,1,1,
1805,3590,1796,1794,1,1,
1806,3592,1797,1795,1,1,
1807,3594,1798,1796,1,1,
1808,3596,1799,1797,1,1,
1809,3598,1800,1798,1,1,
1810,3600,1801,1799,1,1,
1811,3602,1802,1800,1,1,
1812,3604,1803,1801,1,1,
1813,3606,1804,1802,1,1,
1814,3608,1805,1803,1,1,
1815,3610,1806,1804,1,1,
1816,3612,1807,1805,1,1,
1817,3614,1808,1806,1,1,
1818,3616,1809,1807,1,1,
1819,3618,1810,1808,1,1,
1820,3620,1811,1809,1,1,
1821,3622,1812,1810,1,1,
1822,3624,1813,1811,1,1,
1823,3626,1814,1812,1,1,
1824,3628,1815,1813,1,1,
1825,3630,1816,1814,1,1,
1826,3632,1817,1815,1,1,
1827,3634,1818,1816,1,1,
1828,3636,1819,1817,1,1,
1829,3638,1820,1818,1,1,
1830,3640,1821,1819,1,1,
1831,3642,1822,1820,1,1,
1832,3644,1823,1821,1,1,
1833,3646,1824,1822,1,1,
1834,3648,1825,1823,1,1,
1835,3650,1826,1824,1,1,
1836,3652,1827,1825,1,1,
1837,3654,1828,1826,1,1,
1838,3656,1829,1827,1,1,
1839,3658,1830,1828,1,1,
1840,3660,1831,1829,1,1,
1841,3662,1832,1830,1,1,
1842,3664,1833,1831,1,1,
1843,3666,1834,1832,1,1,
1844,3668,1835,1833,1,1,
1845,3670,1836,1834,1,1,
1846,3672,1837,1835,1,1,
1847,3674,1838,1836,1,1,
1848,3676,1839,1837,1,1,
1849,3678,1840,1838,1,1,
1850,3680,1841,1839,1,1,
1851,3682,1842,1840,1,1,
1852,3684,1843,1841,1,1,
1853,3686,1844,1842,1,1,
1854,3688,1845,1843,1,1,
1855,3690,1846,1844,1,1,
1856,3692,1847,1845,1,1,
1857,3694,1848,1846,1,1,
1858,3696,1849,1847,1,1,
1859,3698,1850,1848,1,1,
1860,3700,1851,1849,1,1,
1861,3702,1852,1850,1,1,
1862,3704,1853,1851,1,1,
1863,3706,1854,1852,1,1,
1864,3708,1855,1853,1,1,
1865,3710,1856,1854,1,1,
1866,3712,1857,1855,1,1,
1867,3714,1858,1856,1,1,
1868,3716,1859,1857,1,1,
1869,3718,1860,1858,1,1,
1870,3720,1861,1859,1,1,
1871,3722,1862,1860,1,1,
1872,3724,1863,1861,1,1,
1873,3726,1864,1862,1,1,
1874,3728,1865,1863,1,1,
1875,3729,1865,1864,0,1,
1876,3731,1866,1865,1,1,
1877,3733,1867,1866,1,1,
1878,3735,1868,1867,1,1,
1879,3737,1869,1868,1,1,
1880,3739,1870,1869,1,1,
1881,3741,1871,1870,1,1,
1882,3743,1872,1871,1,1,
1883,3745,1873,1872,1,1,
1884,3747,1874,1873,1,1,
1885,3749,1875,1874,1,1,
1886,3751,1876,1875,1,1,
1887,3753,1877,1876,1,1,
1888,3755,1878,1877,1,1,
1889,3757,1879,1878,1,1,
1890,3759,1880,1879,1,1,
1891,3761,1881,1880,1,1,
1892,3763,1882,1881,1,1,
1893,3765,1883,1882,1,1,
1894,3767,1884,1883,1,1,
1895,3769,1885,1884,1,1,
1896,3771,1886,1885,1,1,
1897,3773,1887,1886,1,1,
1898,3775,1888,1887,1,1,
1899,3777,1889,1888,1,1,
1900,3779,1890,1889,1,1,
1901,3781,1891,1890,1,1,
1902,3783,1892,1891,1,1,
1903,3785,1893,1892,1,1,
1904,3787,1894,1893,1,1,
1905,3789,1895,1894,1,1,
1906,3791,1896,1895,1,1,
1907,3793,1897,1896,1,1,
1908,3795,1898,1897,1,1,
1909,3797,1899,1898,1,1,
1910,3799,1900,1899,1,1,
1911,3801,1901,1900,1,1,
1912,3803,1902,1901,1,1,
1913,3805,1903,1902,1,1,
1914,3807,1904,1903,1,1,
1915,3809,1905,1904,1,1,
1916,3811,1906,1905,1,1,
1917,3813,1907,1906,1,1,
1918,3815,1908,1907,1,1,
1919,3817,1909,1908,1,1,
1920,3819,1910,1909,1,1,
1921,3821,1911,1910,1,1,
1922,3823,1912,1911,1,1,
1923,3825,1913,1912,1,1,
1924,3827,1914,1913,1,1,
1925,3829,1915,1914,1,1,
1926,3831,1916,1915,1,1,
1927,3833,1917,1916,1,1,
1928,3835,1918,1917,1,1,
1929,3837,1919,1918,1,1,
1930,3839,1920,1919,1,1,
1931,3841,1921,1920,1,1,
1932,3843,1922,1921,1,1,
1933,3845,1923,1922,1,1,
1934,3847,1924,1923,1,1,
1935,3849,1925,1924,1,1,
1936,3851,1926,1925,1,1,
1937,3853,1927,1926,1,1,
1938,3855,1928,1927,1,1,
1939,3857,1929,1928,1,1,
1940,3859,1930,1929,1,1,
1941,3861,1931,1930,1,1,
1942,3863,1932,1931,1,1,
1943,3865,1933,1932,1,1,
1944,3867,1934,1933,1,1,
1945,3869,1935,1934,1,1,
1946,3871,1936,1935,1,1,
1947,3873,1937,1936,1,1,
1948,3875,1938,1937,1,1,
1949,3877,1939,1938,1,1,
1950,3879,1940,1939,1,1,
1951,3881,1941,1940,1,1,
1952,3883,1942,1941,1,1,
1953,3885,1943,1942,1,1,
1954,3887,1944,1943,1,1,
1955,3889,1945,1944,1,1,
1956,3891,1946,1945,1,1,
1957,3893,1947,1946,1,1,
1958,3895,1948,1947,1,1,
1959,3897,1949,1948,1,1,
1960,3899,1950,1949,1,1,
1961,3901,1951,1950,1,1,
1962,3903,1952,1951,1,1,
1963,3905,1953,1952,1,1,
1964,3907,1954,1953,1,1,
1965,3909,1955,1954,1,1,
1966,3911,1956,1955,1,1,
1967,3913,1957,1956,1,1,
1968,3915,1958,1957,1,1,
1969,3917,1959,1958,1,1,
1970,3919,1960,1959,1,1,
1971,3921,1961,1960,1,1,
1972,3923,1962,1961,1,1,
1973,3925,1963,1962,1,1,
1974,3927,1964,1963,1,1,
1975,3929,1965,1964,1,1,
1976,3931,1966,1965,1,1,
1977,3933,1967,1966,1,1,
1978,3935,1968,1967,1,1,
1979,3937,1969,1968,1,1,
1980,3939,1970,1969,1,1,
1981,3941,1971,1970,1,1,
1982,3943,1972,1971,1,1,
1983,3945,1973,1972,1,1,
1984,3947,1974,1973,1,1,
1985,3949,1975,1974,1,1,
1986,3951,1976,1975,1,1,
1987,3953,1977,1976,1,1,
1988,3955,1978,1977,1,1,
1989,3957,1979,1978,1,1,
1990,3959,1980,1979,1,1,
1991,3961,1981,1980,1,1,
1992,3963,1982,1981,1,1,
1993,3965,1983,1982,1,1,
1994,3967,1984,1983,1,1,
1995,3969,1985,1984,1,1,
1996,3971,1986,1985,1,1,
1997,3973,1987,1986,1,1,
1998,3975,1988,1987,1,1,
1999,3977,1989,1988,1,1,
2000,3979,1990,1989,1,1,
2001,3981,1991,1990,1,1,
2002,3983,1992,1991,1,1,
2003,3985,1993,1992,1,1,
2004,3987,1994,1993,1,1,
2005,3989,1995,1994,1,1,
2006,3991,1996,1995,1,1,
2007,3993,1997,1996,1,1,
2008,3995,1998,1997,1,1,
2009,3997,1999,1998,1,1,
2010,3999,2000,1999,1,1,
2011,4001,2001,2000,1,1,
2012,4003,2002,2001,1,1,
2013,4005,2003,2002,1,1,
2014,4007,2004,2003,1,1,
2015,4009,2005,2004,1,1,
2016,4011,2006,2005,1,1,
2017,4013,2007,2006,1,1,
2018,4015,2008,2007,1,1,
2019,4017,2009,2008,1,1,
2020,4019,2010,2009,1,1,
2021,4021,2011,2010,1,1,
2022,4023,2012,2011,1,1,
2023,4025,2013,2012,1,1,
2024,4027,2014,2013,1,1,
2025,4029,2015,2014,1,1,
2026,4031,2016,2015,1,1,
2027,4033,2017,2016,1,1,
2028,4035,2018,2017,1,1,
2029,4037,2019,2018,1,1,
2030,4039,2020,2019,1,1,
2031,4041,2021,2020,1,1,
2032,4043,2022,2021,1,1,
2033,4045,2023,2022,1,1,
2034,4047,2024,2023,1,1,
2035,4049,2025,2024,1,1,
2036,4051,2026,2025,1,1,
2037,4053,2027,2026,1,1,
2038,4055,2028,2027,1,1,
2039,4057,2029,2028,1,1,
2040,4059,2030,2029,1,1,
2041,4061,2031,2030,1,1,
2042,4063,2032,2031,1,1,
2043,4065,2033,2032,1,1,
2044,4067,2034,2033,1,1,
2045,4069,2035,2034,1,1,
2046,4071,2036,2035,1,1,
2047,4073,2037,2036,1,1,
2048,4075,2038,2037,1,1,
2049,4077,2039,2038,1,1,
2050,4079,2040,2039,1,1,
2051,4081,2041,2040,1,1,
2052,4083,2042,2041,1,1,
2053,4085,2043,2042,1,1,
2054,4087,2044,2043,1,1,
2055,4089,2045,2044,1,1,
2056,4091,2046,2045,1,1,
2057,4093,2047,2046,1,1,
2058,4095,2048,2047,1,1,
2059,4097,2049,2048,1,1,
2060,4099,2050,2049,1,1,
2061,4101,2051,2050,1,1,
2062,4103,2052,2051,1,1,
2063,4105,2053,2052,1,1,
2064,4107,2054,2053,1,1,
2065,4109,2055,2054,1,1,
2066,4111,2056,2055,1,1,
2067,4113,2057,2056,1,1,
2068,4115,2058,2057,1,1,
2069,4117,2059,2058,1,1,
2070,4119,2060,2059,1,1,
2071,4121,2061,2060,1,1,
2072,4123,2062,2061,1,1,
2073,4125,2063,2062,1,1,
2074,4127,2064,2063,1,1,
2075,4129,2065,2064,1,1,
2076,4131,2066,2065,1,1,
2077,4133,2067,2066,1,1,
2078,4135,2068,2067,1,1,
2079,4137,2069,2068,1,1,
2080,4139,2070,2069,1,1,
2081,4141,2071,2070,1,1,
2082,4143,2072,2071,1,1,
2083,4145,2073,2072,1,1,
2084,4147,2074,2073,1,1,
2085,4149,2075,2074,1,1,
2086,4151,2076,2075,1,1,
2087,4153,2077,2076,1,1,
2088,4155,2078,2077,1,1,
2089,4157,2079,2078,1,1,
2090,4159,2080,2079,1,1,
2091,4161,2081,2080,1,1,
2092,4163,2082,2081,1,1,
2093,4165,2083,2082,1,1,
2094,4166,2084,2082,1,0,
2095,4168,2085,2083,1,1,
2096,4170,2086,2084,1,1,
2097,4172,2087,2085,1,1,
2098,4174,2088,2086,1,1,
2099,4176,2089,2087,1,1,
2100,4178,2090,2088,1,1,
2101,4180,2091,2089,1,1,
2102,4182,2092,2090,1,1,
2103,4184,2093,2091,1,1,
2104,4186,2094,2092,1,1,
2105,4188,2095,2093,1,1,
2106,4190,2096,2094,1,1,
2107,4192,2097,2095,1,1,
2108,4194,2098,2096,1,1,
2109,4196,2099,2097,1,1,
2110,4198,2100,2098,1,1,
2111,4200,2101,2099,1,1,
2112,4202,2102,2100,1,1,
2113,4204,2103,2101,1,1,
2114,4206,2104,2102,1,1,
2115,4208,2105,2103,1,1,
2116,4210,2106,2104,1,1,
2117,4212,2107,2105,1,1,
2118,4214,2108,2106,1,1,
2119,4216,2109,2107,1,1,
2120,4218,2110,2108,1,1,
2121,4220,2111,2109,1,1,
2122,4222,2112,2110,1,1,
2123,4224,2113,2111,1,1,
2124,4226,2114,2112,1,1,
2125,4228,2115,2113,1,1,
2126,4230,2116,2114,1,1,
2127,4232,2117,2115,1,1,
2128,4234,2118,2116,1,1,
2129,4236,2119,2117,1,1,
2130,4238,2120,2118,1,1,
2131,4240,2121,2119,1,1,
2132,4242,2122,2120,1,1,
2133,4244,2123,2121,1,1,
2134,4246,2124,2122,1,1,
2135,4248,2125,2123,1,1,
2136,4250,2126,2124,1,1,
2137,4252,2127,2125,1,1,
2138,4254,2128,2126,1,1,
2139,4256,2129,2127,1,1,
2140,4258,2130,2128,1,1,
2141,4260,2131,2129,1,1,
2142,4262,2132,2130,1,1,
2143,4264,2133,2131,1,1,
2144,4266,2134,2132,1,1,
2145,4268,2135,2133,1,1,
2146,4270,2136,2134,1,1,
2147,4272,2137,2135,1,1,
2148,4274,2138,2136,1,1,
2149,4276,2139,2137,1,1,
2150,4278,2140,2138,1,1,
2151,4280,2141,2139,1,1,
2152,4282,2142,2140,1,1,
2153,4284,2143,2141,1,1,
2154,4286,2144,2142,1,1,
2155,4288,2145,2143,1,1,
2156,4290,2146,2144,1,1,
2157,4292,2147,2145,1,1,
2158,4294,2148,2146,1,1,
2159,4296,2149,2147,1,1,
2160,4298,2150,2148,1,1,
2161,4300,2151,2149,1,1,
2162,4302,2152,2150,1,1,
2163,4304,2153,2151,1,1,
2164,4306,2154,2152,1,1,
2165,4308,2155,2153,1,1,
2166,4310,2156,2154,1,1,
2167,4312,2157,2155,1,1,
2168,4314,2158,2156,1,1,
2169,4316,2159,2157,1,1,
2170,4318,2160,2158,1,1,
2171,4320,2161,2159,1,1,
2172,4322,2162,2160,1,1,
2173,4324,2163,2161,1,1,
2174,4326,2164,2162,1,1,
2175,4328,2165,2163,1,1,
2176,4330,2166,2164,1,1,
2177,4332,2167,2165,1,1,
2178,4334,2168,2166,1,1,
2179,4336,2169,2167,1,1,
2180,4338,2170,2168,1,1,
2181,4340,2171,2169,1,1,
2182,4342,2172,2170,1,1,
2183,4344,2173,2171,1,1,
2184,4346,2174,2172,1,1,
2185,4348,2175,2173,1,1,
2186,4350,2176,2174,1,1,
2187,4352,2177,2175,1,1,
2188,4354,2178,2176,1,1,
2189,4356,2179,2177,1,1,
2190,4358,2180,2178,1,1,
2191,4360,2181,2179,1,1,
2192,4362,2182,2180,1,1,
2193,4364,2183,2181,1,1,
2194,4366,2184,2182,1,1,
2195,4368,2185,2183,1,1,
2196,4370,2186,2184,1,1,
2197,4372,2187,2185,1,1,
2198,4374,2188,2186,1,1,
2199,4376,2189,2187,1,1,
2200,4378,2190,2188,1,1,
2201,4380,2191,2189,1,1,
2202,4382,2192,2190,1,1,
2203,4384,2193,2191,1,1,
2204,4386,2194,2192,1,1,
2205,4388,2195,2193,1,1,
2206,4390,2196,2194,1,1,
2207,4392,2197,2195,1,1,
2208,4394,2198,2196,1,1,
2209,4396,2199,2197,1,1,
2210,4398,2200,2198,1,1,
2211,4400,2201,2199,1,1,
2212,4402,2202,2200,1,1,
2213,4404,2203,2201,1,1,
2214,4406,2204,2202,1,1,
2215,4408,2205,2203,1,1,
2216,4410,2206,2204,1,1,
2217,4412,2207,2205,1,1,
2218,4414,2208,2206,1,1,
2219,4416,2209,2207,1,1,
2220,4417,2209,2208,0,1,
2221,4418,2209,2209,0,1,
2222,4419,2209,2210,0,1,
2223,4420,2209,2211,0,1,
2224,4421,2209,2212,0,1,
2225,4422,2209,2213,0,1,
2226,4423,2209,2214,0,1,
2227,4424,2209,2215,0,1,
2228,4425,2209,2216,0,1,
2229,4426,2209,2217,0,1,
2230,4427,2209,2218,0,1,
2231,4428,2209,2219,0,1,
2232,4429,2209,2220,0,1,
2233,4430,2209,2221,0,1,
2234,4431,2209,2222,0,1,
2235,4432,2209,2223,0,1,
2236,4433,2209,2224,0,1,
2237,4434,2209,2225,0,1,
2238,4435,2209,2226,0,1,
2239,4436,2209,2227,0,1,
2240,4437,2209,2228,0,1,
2241,4438,2209,2229,0,1,
2242,4439,2209,2230,0,1,
2243,4440,2209,2231,0,1,
2244,4441,2209,2232,0,1,
2245,4442,2209,2233,0,1,
2246,4444,2210,2234,1,1,
2247,4446,2211,2235,1,1,
2248,4448,2212,2236,1,1,
2249,4450,2213,2237,1,1,
2250,4452,2214,2238,1,1,
2251,4454,2215,2239,1,1,
2252,4455,2215,2240,0,1,
2253,4456,2215,2241,0,1,
2254,4457,2215,2242,0,1,
2255,4458,2215,2243,0,1,
2256,4459,2215,2244,0,1,
2257,4460,2215,2245,0,1,
2258,4461,2215,2246,0,1,
2259,4462,2215,2247,0,1,
2260,4463,2215,2248,0,1,
2261,4464,2215,2249,0,1,
2262,4465,2215,2250,0,1,
2263,4466,2215,2251,0,1,
2264,4467,2215,2252,0,1,
2265,4468,2215,2253,0,1,
2266,4469,2215,2254,0,1,
2267,4469,2215,2254,0,0,
2268,4469,2215,2254,0,0,
2269,4469,2215,2254,0,0,
2270,4469,2215,2254,0,0,
2271,4469,2215,2254,0,0,
2272,4469,2215,2254,0,0,
2273,4469,2215,2254,0,0,
2274,4470,2215,2255,0,1,
2275,4471,2215,2256,0,1,
2276,4472,2215,2257,0,1,
2277,4473,2215,2258,0,1,
2278,4474,2215,2259,0,1,
2279,4475,2215,2260,0,1,
2280,4475,2215,2260,0,0,
2281,4475,2215,2260,0,0,
2282,4475,2215,2260,0,0,
2283,4475,2215,2260,0,0,
2284,4475,2215,2260,0,0,
2285,4475,2215,2260,0,0,
2286,4475,2215,2260,0,0,
2287,4475,2215,2260,0,0,
2288,4475,2215,2260,0,0,
2289,4475,2215,2260,0,0,
2290,4475,2215,2260,0,0,
2291,4475,2215,2260,0,0,
2292,4475,2215,2260,0,0,
2293,4475,2215,2260,0,0,
2294,4475,2215,2260,0,0,
2295,4475,2215,2260,0,0,
2296,4475,2215,2260,0,0,
2297,4475,2215,2260,0,0,
2298,4475,2215,2260,0,0,
2299,4475,2215,2260,0,0,
2300,4475,2215,2260,0,0,
2301,4475,2215,2260,0,0,
2302,4475,2215,2260,0,0,
2303,4475,2215,2260,0,0,
2304,4475,2215,2260,0,0,
2305,4475,2215,2260,0,0,
2306,4475,2215,2260,0,0,
2307,4476,2216,2260,1,0,
2308,4477,2217,2260,1,0,
2309,4478,2218,2260,1,1,
2310,4480,2219,2261,1,1,
2311,4482,2220,2262,1,1,
2312,4483,2221,2262,1,0,
2313,4484,2222,2262,1,0,
2314,4485,2223,2262,1,0,
2315,4486,2224,2262,1,0,
2316,4486,2224,2262,0,0,
2317,4486,2224,2262,0,0,
2318,4486,2224,2262,0,0,
2319,4486,2224,2262,0,0,
2320,4486,2224,2262,0,0,
2321,4486,2224,2262,0,0,
2322,4486,2224,2262,0,0,
2323,4486,2224,2262,0,0,
2324,4486,2224,2262,0,0,
2325,4486,2224,2262,1,0,
2326,4487,2225,2262,1,0,
2327,4488,2226,2262,1,0,
2328,4488,2226,2262,0,0,
2329,4488,2226,2262,0,0,
2330,4488,2226,2262,0,0,
2331,4488,2226,2262,0,0,
2332,4488,2226,2262,0,0,
2333,4488,2226,2262,0,0,
2334,4488,2226,2262,0,0,
2335,4488,2226,2262,0,0,
2336,4488,2226,2262,0,0,
2337,4488,2226,2262,0,0,
2338,4488,2226,2262,0,0,
2339,4488,2226,2262,0,0,
2340,4488,2226,2262,0,0,
2341,4488,2226,2262,0,0,
2342,4488,2226,2262,0,0,
2343,4488,2226,2262,0,0,
2344,4488,2226,2262,0,0,
2345,4488,2226,2262,0,0,
2346,4488,2226,2262,0,0,
2347,4488,2226,2262,0,0,
2348,4488,2226,2262,0,0,
2349,4488,2226,2262,0,0,
2350,4488,2226,2262,0,0,
2351,4488,2226,2262,0,0,
2352,4488,2226,2262,0,0,
2353,4488,2226,2262,0,0,
2354,4488,2226,2262,0,0,
2355,4488,2226,2262,0,0,
2356,4488,2226,2262,0,0,
2357,4488,2226,2262,0,0,
2358,4488,2226,2262,0,0,
2359,4488,2226,2262,0,0,
2360,4488,2226,2262,0,0,
2361,4488,2226,2262,1,0,
2362,4489,2227,2262,1,0,
2363,4490,2228,2262,1,0,
2364,4491,2229,2262,1,0,
2365,4492,2230,2262,1,1,
2366,4494,2231,2263,1,1,
2367,4496,2232,2264,1,1,
2368,4497,2233,2264,1,0,
2369,4498,2234,2264,1,1,
2370,4500,2235,2265,1,1,
Completed in 2370 rounds.
Completed in 58.2698 ms
