ROUND,TASKS COMPLETED,worker0 tasks,worker0 running,
1,0,0,1,
2,1,1,1,
3,2,2,1,
4,3,3,1,
5,4,4,1,
6,5,5,1,
7,6,6,1,
8,7,7,1,
9,8,8,1,
10,9,9,1,
11,10,10,1,
12,11,11,1,
13,12,12,1,
14,13,13,1,
15,14,14,1,
16,15,15,1,
17,16,16,1,
18,17,17,1,
19,18,18,1,
20,19,19,1,
21,20,20,1,
22,21,21,1,
23,22,22,1,
24,23,23,1,
25,24,24,1,
26,25,25,1,
27,26,26,1,
28,27,27,1,
29,28,28,1,
30,29,29,1,
31,30,30,1,
32,31,31,1,
33,32,32,1,
34,33,33,1,
35,34,34,1,
36,35,35,1,
37,36,36,1,
38,37,37,1,
39,38,38,1,
40,39,39,1,
41,40,40,1,
42,41,41,1,
43,42,42,1,
44,43,43,1,
45,44,44,1,
46,45,45,1,
47,46,46,1,
48,47,47,1,
49,48,48,1,
50,49,49,1,
51,50,50,1,
52,51,51,1,
53,52,52,1,
54,53,53,1,
55,54,54,1,
56,55,55,1,
57,56,56,1,
58,57,57,1,
59,58,58,1,
60,59,59,1,
61,60,60,1,
62,61,61,1,
63,62,62,1,
64,63,63,1,
65,64,64,1,
66,65,65,1,
67,66,66,1,
68,67,67,1,
69,68,68,1,
70,69,69,1,
71,70,70,1,
72,71,71,1,
73,72,72,1,
74,73,73,1,
75,74,74,1,
76,75,75,1,
77,76,76,1,
78,77,77,1,
79,78,78,1,
80,79,79,1,
81,80,80,1,
82,81,81,1,
83,82,82,1,
84,83,83,1,
85,84,84,1,
86,85,85,1,
87,86,86,1,
88,87,87,1,
89,88,88,1,
90,89,89,1,
91,90,90,1,
92,91,91,1,
93,92,92,1,
94,93,93,1,
95,94,94,1,
96,95,95,1,
97,96,96,1,
98,97,97,1,
99,98,98,1,
100,99,99,1,
101,100,100,1,
102,101,101,1,
103,102,102,1,
104,103,103,1,
105,104,104,1,
106,105,105,1,
107,106,106,1,
108,107,107,1,
109,108,108,1,
110,109,109,1,
111,110,110,1,
112,111,111,1,
113,112,112,1,
114,113,113,1,
115,114,114,1,
116,115,115,1,
117,116,116,1,
118,117,117,1,
119,118,118,1,
120,119,119,1,
121,120,120,1,
122,121,121,1,
123,122,122,1,
124,123,123,1,
125,124,124,1,
126,125,125,1,
127,126,126,1,
128,127,127,1,
129,128,128,1,
130,129,129,1,
131,130,130,1,
132,131,131,1,
133,132,132,1,
134,133,133,1,
135,134,134,1,
136,135,135,1,
137,136,136,1,
138,137,137,1,
139,138,138,1,
140,139,139,1,
141,140,140,1,
142,141,141,1,
143,142,142,1,
144,143,143,1,
145,144,144,1,
146,145,145,1,
147,146,146,1,
148,147,147,1,
149,148,148,1,
150,149,149,1,
151,150,150,1,
152,151,151,1,
153,152,152,1,
154,153,153,1,
155,154,154,1,
156,155,155,1,
157,156,156,1,
158,157,157,1,
159,158,158,1,
160,159,159,1,
161,160,160,1,
162,161,161,1,
163,162,162,1,
164,163,163,1,
165,164,164,1,
166,165,165,1,
167,166,166,1,
168,167,167,1,
169,168,168,1,
170,169,169,1,
171,170,170,1,
172,171,171,1,
173,172,172,1,
174,173,173,1,
175,174,174,1,
176,175,175,1,
177,176,176,1,
178,177,177,1,
179,178,178,1,
180,179,179,1,
181,180,180,1,
182,181,181,1,
183,182,182,1,
184,183,183,1,
185,184,184,1,
186,185,185,1,
187,186,186,1,
188,187,187,1,
189,188,188,1,
190,189,189,1,
191,190,190,1,
192,191,191,1,
193,192,192,1,
194,193,193,1,
195,194,194,1,
196,195,195,1,
197,196,196,1,
198,197,197,1,
199,198,198,1,
200,199,199,1,
201,200,200,1,
202,201,201,1,
203,202,202,1,
204,203,203,1,
205,204,204,1,
206,205,205,1,
207,206,206,1,
208,207,207,1,
209,208,208,1,
210,209,209,1,
211,210,210,1,
212,211,211,1,
213,212,212,1,
214,213,213,1,
215,214,214,1,
216,215,215,1,
217,216,216,1,
218,217,217,1,
219,218,218,1,
220,219,219,1,
221,220,220,1,
222,221,221,1,
223,222,222,1,
224,223,223,1,
225,224,224,1,
226,225,225,1,
227,226,226,1,
228,227,227,1,
229,228,228,1,
230,229,229,1,
231,230,230,1,
232,231,231,1,
233,232,232,1,
234,233,233,1,
235,234,234,1,
236,235,235,1,
237,236,236,1,
238,237,237,1,
239,238,238,1,
240,239,239,1,
241,240,240,1,
242,241,241,1,
243,242,242,1,
244,243,243,1,
245,244,244,1,
246,245,245,1,
247,246,246,1,
248,247,247,1,
249,248,248,1,
250,249,249,1,
251,250,250,1,
252,251,251,1,
253,252,252,1,
254,253,253,1,
255,254,254,1,
256,255,255,1,
257,256,256,1,
258,257,257,1,
259,258,258,1,
260,259,259,1,
261,260,260,1,
262,261,261,1,
263,262,262,1,
264,263,263,1,
265,264,264,1,
266,265,265,1,
267,266,266,1,
268,267,267,1,
269,268,268,1,
270,269,269,1,
271,270,270,1,
272,271,271,1,
273,272,272,1,
274,273,273,1,
275,274,274,1,
276,275,275,1,
277,276,276,1,
278,277,277,1,
279,278,278,1,
280,279,279,1,
281,280,280,1,
282,281,281,1,
283,282,282,1,
284,283,283,1,
285,284,284,1,
286,285,285,1,
287,286,286,1,
288,287,287,1,
289,288,288,1,
290,289,289,1,
291,290,290,1,
292,291,291,1,
293,292,292,1,
294,293,293,1,
295,294,294,1,
296,295,295,1,
297,296,296,1,
298,297,297,1,
299,298,298,1,
300,299,299,1,
301,300,300,1,
302,301,301,1,
303,302,302,1,
304,303,303,1,
305,304,304,1,
306,305,305,1,
307,306,306,1,
308,307,307,1,
309,308,308,1,
310,309,309,1,
311,310,310,1,
312,311,311,1,
313,312,312,1,
314,313,313,1,
315,314,314,1,
316,315,315,1,
317,316,316,1,
318,317,317,1,
319,318,318,1,
320,319,319,1,
321,320,320,1,
322,321,321,1,
323,322,322,1,
324,323,323,1,
325,324,324,1,
326,325,325,1,
327,326,326,1,
328,327,327,1,
329,328,328,1,
330,329,329,1,
331,330,330,1,
332,331,331,1,
333,332,332,1,
334,333,333,1,
335,334,334,1,
336,335,335,1,
337,336,336,1,
338,337,337,1,
339,338,338,1,
340,339,339,1,
341,340,340,1,
342,341,341,1,
343,342,342,1,
344,343,343,1,
345,344,344,1,
346,345,345,1,
347,346,346,1,
348,347,347,1,
349,348,348,1,
350,349,349,1,
351,350,350,1,
352,351,351,1,
353,352,352,1,
354,353,353,1,
355,354,354,1,
356,355,355,1,
357,356,356,1,
358,357,357,1,
359,358,358,1,
360,359,359,1,
361,360,360,1,
362,361,361,1,
363,362,362,1,
364,363,363,1,
365,364,364,1,
366,365,365,1,
367,366,366,1,
368,367,367,1,
369,368,368,1,
370,369,369,1,
371,370,370,1,
372,371,371,1,
373,372,372,1,
374,373,373,1,
375,374,374,1,
376,375,375,1,
377,376,376,1,
378,377,377,1,
379,378,378,1,
380,379,379,1,
381,380,380,1,
382,381,381,1,
383,382,382,1,
384,383,383,1,
385,384,384,1,
386,385,385,1,
387,386,386,1,
388,387,387,1,
389,388,388,1,
390,389,389,1,
391,390,390,1,
392,391,391,1,
393,392,392,1,
394,393,393,1,
395,394,394,1,
396,395,395,1,
397,396,396,1,
398,397,397,1,
399,398,398,1,
400,399,399,1,
401,400,400,1,
402,401,401,1,
403,402,402,1,
404,403,403,1,
405,404,404,1,
406,405,405,1,
407,406,406,1,
408,407,407,1,
409,408,408,1,
410,409,409,1,
411,410,410,1,
412,411,411,1,
413,412,412,1,
414,413,413,1,
415,414,414,1,
416,415,415,1,
417,416,416,1,
418,417,417,1,
419,418,418,1,
420,419,419,1,
421,420,420,1,
422,421,421,1,
423,422,422,1,
424,423,423,1,
425,424,424,1,
426,425,425,1,
427,426,426,1,
428,427,427,1,
429,428,428,1,
430,429,429,1,
431,430,430,1,
432,431,431,1,
433,432,432,1,
434,433,433,1,
435,434,434,1,
436,435,435,1,
437,436,436,1,
438,437,437,1,
439,438,438,1,
440,439,439,1,
441,440,440,1,
442,441,441,1,
443,442,442,1,
444,443,443,1,
445,444,444,1,
446,445,445,1,
447,446,446,1,
448,447,447,1,
449,448,448,1,
450,449,449,1,
451,450,450,1,
452,451,451,1,
453,452,452,1,
454,453,453,1,
455,454,454,1,
456,455,455,1,
457,456,456,1,
458,457,457,1,
459,458,458,1,
460,459,459,1,
461,460,460,1,
462,461,461,1,
463,462,462,1,
464,463,463,1,
465,464,464,1,
466,465,465,1,
467,466,466,1,
468,467,467,1,
469,468,468,1,
470,469,469,1,
471,470,470,1,
472,471,471,1,
473,472,472,1,
474,473,473,1,
475,474,474,1,
476,475,475,1,
477,476,476,1,
478,477,477,1,
479,478,478,1,
480,479,479,1,
481,480,480,1,
482,481,481,1,
483,482,482,1,
484,483,483,1,
485,484,484,1,
486,485,485,1,
487,486,486,1,
488,487,487,1,
489,488,488,1,
490,489,489,1,
491,490,490,1,
492,491,491,1,
493,492,492,1,
494,493,493,1,
495,494,494,1,
496,495,495,1,
497,496,496,1,
498,497,497,1,
499,498,498,1,
500,499,499,1,
501,500,500,1,
502,501,501,1,
503,502,502,1,
504,503,503,1,
505,504,504,1,
506,505,505,1,
507,506,506,1,
508,507,507,1,
509,508,508,1,
510,509,509,1,
511,510,510,1,
512,511,511,1,
513,512,512,1,
514,513,513,1,
515,514,514,1,
516,515,515,1,
517,516,516,1,
518,517,517,1,
519,518,518,1,
520,519,519,1,
521,520,520,1,
522,521,521,1,
523,522,522,1,
524,523,523,1,
525,524,524,1,
526,525,525,1,
527,526,526,1,
528,527,527,1,
529,528,528,1,
530,529,529,1,
531,530,530,1,
532,531,531,1,
533,532,532,1,
534,533,533,1,
535,534,534,1,
536,535,535,1,
537,536,536,1,
538,537,537,1,
539,538,538,1,
540,539,539,1,
541,540,540,1,
542,541,541,1,
543,542,542,1,
544,543,543,1,
545,544,544,1,
546,545,545,1,
547,546,546,1,
548,547,547,1,
549,548,548,1,
550,549,549,1,
551,550,550,1,
552,551,551,1,
553,552,552,1,
554,553,553,1,
555,554,554,1,
556,555,555,1,
557,556,556,1,
558,557,557,1,
559,558,558,1,
560,559,559,1,
561,560,560,1,
562,561,561,1,
563,562,562,1,
564,563,563,1,
565,564,564,1,
566,565,565,1,
567,566,566,1,
568,567,567,1,
569,568,568,1,
570,569,569,1,
571,570,570,1,
572,571,571,1,
573,572,572,1,
574,573,573,1,
575,574,574,1,
576,575,575,1,
577,576,576,1,
578,577,577,1,
579,578,578,1,
580,579,579,1,
581,580,580,1,
582,581,581,1,
583,582,582,1,
584,583,583,1,
585,584,584,1,
586,585,585,1,
587,586,586,1,
588,587,587,1,
589,588,588,1,
590,589,589,1,
591,590,590,1,
592,591,591,1,
593,592,592,1,
594,593,593,1,
595,594,594,1,
596,595,595,1,
597,596,596,1,
598,597,597,1,
599,598,598,1,
600,599,599,1,
601,600,600,1,
602,601,601,1,
603,602,602,1,
604,603,603,1,
605,604,604,1,
606,605,605,1,
607,606,606,1,
608,607,607,1,
609,608,608,1,
610,609,609,1,
611,610,610,1,
612,611,611,1,
613,612,612,1,
614,613,613,1,
615,614,614,1,
616,615,615,1,
617,616,616,1,
618,617,617,1,
619,618,618,1,
620,619,619,1,
621,620,620,1,
622,621,621,1,
623,622,622,1,
624,623,623,1,
625,624,624,1,
626,625,625,1,
627,626,626,1,
628,627,627,1,
629,628,628,1,
630,629,629,1,
631,630,630,1,
632,631,631,1,
633,632,632,1,
634,633,633,1,
635,634,634,1,
636,635,635,1,
637,636,636,1,
638,637,637,1,
639,638,638,1,
640,639,639,1,
641,640,640,1,
642,641,641,1,
643,642,642,1,
644,643,643,1,
645,644,644,1,
646,645,645,1,
647,646,646,1,
648,647,647,1,
649,648,648,1,
650,649,649,1,
651,650,650,1,
652,651,651,1,
653,652,652,1,
654,653,653,1,
655,654,654,1,
656,655,655,1,
657,656,656,1,
658,657,657,1,
659,658,658,1,
660,659,659,1,
661,660,660,1,
662,661,661,1,
663,662,662,1,
664,663,663,1,
665,664,664,1,
666,665,665,1,
667,666,666,1,
668,667,667,1,
669,668,668,1,
670,669,669,1,
671,670,670,1,
672,671,671,1,
673,672,672,1,
674,673,673,1,
675,674,674,1,
676,675,675,1,
677,676,676,1,
678,677,677,1,
679,678,678,1,
680,679,679,1,
681,680,680,1,
682,681,681,1,
683,682,682,1,
684,683,683,1,
685,684,684,1,
686,685,685,1,
687,686,686,1,
688,687,687,1,
689,688,688,1,
690,689,689,1,
691,690,690,1,
692,691,691,1,
693,692,692,1,
694,693,693,1,
695,694,694,1,
696,695,695,1,
697,696,696,1,
698,697,697,1,
699,698,698,1,
700,699,699,1,
701,700,700,1,
702,701,701,1,
703,702,702,1,
704,703,703,1,
705,704,704,1,
706,705,705,1,
707,706,706,1,
708,707,707,1,
709,708,708,1,
710,709,709,1,
711,710,710,1,
712,711,711,1,
713,712,712,1,
714,713,713,1,
715,714,714,1,
716,715,715,1,
717,716,716,1,
718,717,717,1,
719,718,718,1,
720,719,719,1,
721,720,720,1,
722,721,721,1,
723,722,722,1,
724,723,723,1,
725,724,724,1,
726,725,725,1,
727,726,726,1,
728,727,727,1,
729,728,728,1,
730,729,729,1,
731,730,730,1,
732,731,731,1,
733,732,732,1,
734,733,733,1,
735,734,734,1,
736,735,735,1,
737,736,736,1,
738,737,737,1,
739,738,738,1,
740,739,739,1,
741,740,740,1,
742,741,741,1,
743,742,742,1,
744,743,743,1,
745,744,744,1,
746,745,745,1,
747,746,746,1,
748,747,747,1,
749,748,748,1,
750,749,749,1,
751,750,750,1,
752,751,751,1,
753,752,752,1,
754,753,753,1,
755,754,754,1,
756,755,755,1,
757,756,756,1,
758,757,757,1,
759,758,758,1,
760,759,759,1,
761,760,760,1,
762,761,761,1,
763,762,762,1,
764,763,763,1,
765,764,764,1,
766,765,765,1,
767,766,766,1,
768,767,767,1,
769,768,768,1,
770,769,769,1,
771,770,770,1,
772,771,771,1,
773,772,772,1,
774,773,773,1,
775,774,774,1,
776,775,775,1,
777,776,776,1,
778,777,777,1,
779,778,778,1,
780,779,779,1,
781,780,780,1,
782,781,781,1,
783,782,782,1,
784,783,783,1,
785,784,784,1,
786,785,785,1,
787,786,786,1,
788,787,787,1,
789,788,788,1,
790,789,789,1,
791,790,790,1,
792,791,791,1,
793,792,792,1,
794,793,793,1,
795,794,794,1,
796,795,795,1,
797,796,796,1,
798,797,797,1,
799,798,798,1,
800,799,799,1,
801,800,800,1,
802,801,801,1,
803,802,802,1,
804,803,803,1,
805,804,804,1,
806,805,805,1,
807,806,806,1,
808,807,807,1,
809,808,808,1,
810,809,809,1,
811,810,810,1,
812,811,811,1,
813,812,812,1,
814,813,813,1,
815,814,814,1,
816,815,815,1,
817,816,816,1,
818,817,817,1,
819,818,818,1,
820,819,819,1,
821,820,820,1,
822,821,821,1,
823,822,822,1,
824,823,823,1,
825,824,824,1,
826,825,825,1,
827,826,826,1,
828,827,827,1,
829,828,828,1,
830,829,829,1,
831,830,830,1,
832,831,831,1,
833,832,832,1,
834,833,833,1,
835,834,834,1,
836,835,835,1,
837,836,836,1,
838,837,837,1,
839,838,838,1,
840,839,839,1,
841,840,840,1,
842,841,841,1,
843,842,842,1,
844,843,843,1,
845,844,844,1,
846,845,845,1,
847,846,846,1,
848,847,847,1,
849,848,848,1,
850,849,849,1,
851,850,850,1,
852,851,851,1,
853,852,852,1,
854,853,853,1,
855,854,854,1,
856,855,855,1,
857,856,856,1,
858,857,857,1,
859,858,858,1,
860,859,859,1,
861,860,860,1,
862,861,861,1,
863,862,862,1,
864,863,863,1,
865,864,864,1,
866,865,865,1,
867,866,866,1,
868,867,867,1,
869,868,868,1,
870,869,869,1,
871,870,870,1,
872,871,871,1,
873,872,872,1,
874,873,873,1,
875,874,874,1,
876,875,875,1,
877,876,876,1,
878,877,877,1,
879,878,878,1,
880,879,879,1,
881,880,880,1,
882,881,881,1,
883,882,882,1,
884,883,883,1,
885,884,884,1,
886,885,885,1,
887,886,886,1,
888,887,887,1,
889,888,888,1,
890,889,889,1,
891,890,890,1,
892,891,891,1,
893,892,892,1,
894,893,893,1,
895,894,894,1,
896,895,895,1,
897,896,896,1,
898,897,897,1,
899,898,898,1,
900,899,899,1,
901,900,900,1,
902,901,901,1,
903,902,902,1,
904,903,903,1,
905,904,904,1,
906,905,905,1,
907,906,906,1,
908,907,907,1,
909,908,908,1,
910,909,909,1,
911,910,910,1,
912,911,911,1,
913,912,912,1,
914,913,913,1,
915,914,914,1,
916,915,915,1,
917,916,916,1,
918,917,917,1,
919,918,918,1,
920,919,919,1,
921,920,920,1,
922,921,921,1,
923,922,922,1,
924,923,923,1,
925,924,924,1,
926,925,925,1,
927,926,926,1,
928,927,927,1,
929,928,928,1,
930,929,929,1,
931,930,930,1,
932,931,931,1,
933,932,932,1,
934,933,933,1,
935,934,934,1,
936,935,935,1,
937,936,936,1,
938,937,937,1,
939,938,938,1,
940,939,939,1,
941,940,940,1,
942,941,941,1,
943,942,942,1,
944,943,943,1,
945,944,944,1,
946,945,945,1,
947,946,946,1,
948,947,947,1,
949,948,948,1,
950,949,949,1,
951,950,950,1,
952,951,951,1,
953,952,952,1,
954,953,953,1,
955,954,954,1,
956,955,955,1,
957,956,956,1,
958,957,957,1,
959,958,958,1,
960,959,959,1,
961,960,960,1,
962,961,961,1,
963,962,962,1,
964,963,963,1,
965,964,964,1,
966,965,965,1,
967,966,966,1,
968,967,967,1,
969,968,968,1,
970,969,969,1,
971,970,970,1,
972,971,971,1,
973,972,972,1,
974,973,973,1,
975,974,974,1,
976,975,975,1,
977,976,976,1,
978,977,977,1,
979,978,978,1,
980,979,979,1,
981,980,980,1,
982,981,981,1,
983,982,982,1,
984,983,983,1,
985,984,984,1,
986,985,985,1,
987,986,986,1,
988,987,987,1,
989,988,988,1,
990,989,989,1,
991,990,990,1,
992,991,991,1,
993,992,992,1,
994,993,993,1,
995,994,994,1,
996,995,995,1,
997,996,996,1,
998,997,997,1,
999,998,998,1,
1000,999,999,1,
1001,1000,1000,1,
1002,1001,1001,1,
1003,1002,1002,1,
1004,1003,1003,1,
1005,1004,1004,1,
1006,1005,1005,1,
1007,1006,1006,1,
1008,1007,1007,1,
1009,1008,1008,1,
1010,1009,1009,1,
1011,1010,1010,1,
1012,1011,1011,1,
1013,1012,1012,1,
1014,1013,1013,1,
1015,1014,1014,1,
1016,1015,1015,1,
1017,1016,1016,1,
1018,1017,1017,1,
1019,1018,1018,1,
1020,1019,1019,1,
1021,1020,1020,1,
1022,1021,1021,1,
1023,1022,1022,1,
1024,1023,1023,1,
1025,1024,1024,1,
1026,1025,1025,1,
1027,1026,1026,1,
1028,1027,1027,1,
1029,1028,1028,1,
1030,1029,1029,1,
1031,1030,1030,1,
1032,1031,1031,1,
1033,1032,1032,1,
1034,1033,1033,1,
1035,1034,1034,1,
1036,1035,1035,1,
1037,1036,1036,1,
1038,1037,1037,1,
1039,1038,1038,1,
1040,1039,1039,1,
1041,1040,1040,1,
1042,1041,1041,1,
1043,1042,1042,1,
1044,1043,1043,1,
1045,1044,1044,1,
1046,1045,1045,1,
1047,1046,1046,1,
1048,1047,1047,1,
1049,1048,1048,1,
1050,1049,1049,1,
1051,1050,1050,1,
1052,1051,1051,1,
1053,1052,1052,1,
1054,1053,1053,1,
1055,1054,1054,1,
1056,1055,1055,1,
1057,1056,1056,1,
1058,1057,1057,1,
1059,1058,1058,1,
1060,1059,1059,1,
1061,1060,1060,1,
1062,1061,1061,1,
1063,1062,1062,1,
1064,1063,1063,1,
1065,1064,1064,1,
1066,1065,1065,1,
1067,1066,1066,1,
1068,1067,1067,1,
1069,1068,1068,1,
1070,1069,1069,1,
1071,1070,1070,1,
1072,1071,1071,1,
1073,1072,1072,1,
1074,1073,1073,1,
1075,1074,1074,1,
1076,1075,1075,1,
1077,1076,1076,1,
1078,1077,1077,1,
1079,1078,1078,1,
1080,1079,1079,1,
1081,1080,1080,1,
1082,1081,1081,1,
1083,1082,1082,1,
1084,1083,1083,1,
1085,1084,1084,1,
1086,1085,1085,1,
1087,1086,1086,1,
1088,1087,1087,1,
1089,1088,1088,1,
1090,1089,1089,1,
1091,1090,1090,1,
1092,1091,1091,1,
1093,1092,1092,1,
1094,1093,1093,1,
1095,1094,1094,1,
1096,1095,1095,1,
1097,1096,1096,1,
1098,1097,1097,1,
1099,1098,1098,1,
1100,1099,1099,1,
1101,1100,1100,1,
1102,1101,1101,1,
1103,1102,1102,1,
1104,1103,1103,1,
1105,1104,1104,1,
1106,1105,1105,1,
1107,1106,1106,1,
1108,1107,1107,1,
1109,1108,1108,1,
1110,1109,1109,1,
1111,1110,1110,1,
1112,1111,1111,1,
1113,1112,1112,1,
1114,1113,1113,1,
1115,1114,1114,1,
1116,1115,1115,1,
1117,1116,1116,1,
1118,1117,1117,1,
1119,1118,1118,1,
1120,1119,1119,1,
1121,1120,1120,1,
1122,1121,1121,1,
1123,1122,1122,1,
1124,1123,1123,1,
1125,1124,1124,1,
1126,1125,1125,1,
1127,1126,1126,1,
1128,1127,1127,1,
1129,1128,1128,1,
1130,1129,1129,1,
1131,1130,1130,1,
1132,1131,1131,1,
1133,1132,1132,1,
1134,1133,1133,1,
1135,1134,1134,1,
1136,1135,1135,1,
1137,1136,1136,1,
1138,1137,1137,1,
1139,1138,1138,1,
1140,1139,1139,1,
1141,1140,1140,1,
1142,1141,1141,1,
1143,1142,1142,1,
1144,1143,1143,1,
1145,1144,1144,1,
1146,1145,1145,1,
1147,1146,1146,1,
1148,1147,1147,1,
1149,1148,1148,1,
1150,1149,1149,1,
1151,1150,1150,1,
1152,1151,1151,1,
1153,1152,1152,1,
1154,1153,1153,1,
1155,1154,1154,1,
1156,1155,1155,1,
1157,1156,1156,1,
1158,1157,1157,1,
1159,1158,1158,1,
1160,1159,1159,1,
1161,1160,1160,1,
1162,1161,1161,1,
1163,1162,1162,1,
1164,1163,1163,1,
1165,1164,1164,1,
1166,1165,1165,1,
1167,1166,1166,1,
1168,1167,1167,1,
1169,1168,1168,1,
1170,1169,1169,1,
1171,1170,1170,1,
1172,1171,1171,1,
1173,1172,1172,1,
1174,1173,1173,1,
1175,1174,1174,1,
1176,1175,1175,1,
1177,1176,1176,1,
1178,1177,1177,1,
1179,1178,1178,1,
1180,1179,1179,1,
1181,1180,1180,1,
1182,1181,1181,1,
1183,1182,1182,1,
1184,1183,1183,1,
1185,1184,1184,1,
1186,1185,1185,1,
1187,1186,1186,1,
1188,1187,1187,1,
1189,1188,1188,1,
1190,1189,1189,1,
1191,1190,1190,1,
1192,1191,1191,1,
1193,1192,1192,1,
1194,1193,1193,1,
1195,1194,1194,1,
1196,1195,1195,1,
1197,1196,1196,1,
1198,1197,1197,1,
1199,1198,1198,1,
1200,1199,1199,1,
1201,1200,1200,1,
1202,1201,1201,1,
1203,1202,1202,1,
1204,1203,1203,1,
1205,1204,1204,1,
1206,1205,1205,1,
1207,1206,1206,1,
1208,1207,1207,1,
1209,1208,1208,1,
1210,1209,1209,1,
1211,1210,1210,1,
1212,1211,1211,1,
1213,1212,1212,1,
1214,1213,1213,1,
1215,1214,1214,1,
1216,1215,1215,1,
1217,1216,1216,1,
1218,1217,1217,1,
1219,1218,1218,1,
1220,1219,1219,1,
1221,1220,1220,1,
1222,1221,1221,1,
1223,1222,1222,1,
1224,1223,1223,1,
1225,1224,1224,1,
1226,1225,1225,1,
1227,1226,1226,1,
1228,1227,1227,1,
1229,1228,1228,1,
1230,1229,1229,1,
1231,1230,1230,1,
1232,1231,1231,1,
1233,1232,1232,1,
1234,1233,1233,1,
1235,1234,1234,1,
1236,1235,1235,1,
1237,1236,1236,1,
1238,1237,1237,1,
1239,1238,1238,1,
1240,1239,1239,1,
1241,1240,1240,1,
1242,1241,1241,1,
1243,1242,1242,1,
1244,1243,1243,1,
1245,1244,1244,1,
1246,1245,1245,1,
1247,1246,1246,1,
1248,1247,1247,1,
1249,1248,1248,1,
1250,1249,1249,1,
1251,1250,1250,1,
1252,1251,1251,1,
1253,1252,1252,1,
1254,1253,1253,1,
1255,1254,1254,1,
1256,1255,1255,1,
1257,1256,1256,1,
1258,1257,1257,1,
1259,1258,1258,1,
1260,1259,1259,1,
1261,1260,1260,1,
1262,1261,1261,1,
1263,1262,1262,1,
1264,1263,1263,1,
1265,1264,1264,1,
1266,1265,1265,1,
1267,1266,1266,1,
1268,1267,1267,1,
1269,1268,1268,1,
1270,1269,1269,1,
1271,1270,1270,1,
1272,1271,1271,1,
1273,1272,1272,1,
1274,1273,1273,1,
1275,1274,1274,1,
1276,1275,1275,1,
1277,1276,1276,1,
1278,1277,1277,1,
1279,1278,1278,1,
1280,1279,1279,1,
1281,1280,1280,1,
1282,1281,1281,1,
1283,1282,1282,1,
1284,1283,1283,1,
1285,1284,1284,1,
1286,1285,1285,1,
1287,1286,1286,1,
1288,1287,1287,1,
1289,1288,1288,1,
1290,1289,1289,1,
1291,1290,1290,1,
1292,1291,1291,1,
1293,1292,1292,1,
1294,1293,1293,1,
1295,1294,1294,1,
1296,1295,1295,1,
1297,1296,1296,1,
1298,1297,1297,1,
1299,1298,1298,1,
1300,1299,1299,1,
1301,1300,1300,1,
1302,1301,1301,1,
1303,1302,1302,1,
1304,1303,1303,1,
1305,1304,1304,1,
1306,1305,1305,1,
1307,1306,1306,1,
1308,1307,1307,1,
1309,1308,1308,1,
1310,1309,1309,1,
1311,1310,1310,1,
1312,1311,1311,1,
1313,1312,1312,1,
1314,1313,1313,1,
1315,1314,1314,1,
1316,1315,1315,1,
1317,1316,1316,1,
1318,1317,1317,1,
1319,1318,1318,1,
1320,1319,1319,1,
1321,1320,1320,1,
1322,1321,1321,1,
1323,1322,1322,1,
1324,1323,1323,1,
1325,1324,1324,1,
1326,1325,1325,1,
1327,1326,1326,1,
1328,1327,1327,1,
1329,1328,1328,1,
1330,1329,1329,1,
1331,1330,1330,1,
1332,1331,1331,1,
1333,1332,1332,1,
1334,1333,1333,1,
1335,1334,1334,1,
1336,1335,1335,1,
1337,1336,1336,1,
1338,1337,1337,1,
1339,1338,1338,1,
1340,1339,1339,1,
1341,1340,1340,1,
1342,1341,1341,1,
1343,1342,1342,1,
1344,1343,1343,1,
1345,1344,1344,1,
1346,1345,1345,1,
1347,1346,1346,1,
1348,1347,1347,1,
1349,1348,1348,1,
1350,1349,1349,1,
1351,1350,1350,1,
1352,1351,1351,1,
1353,1352,1352,1,
1354,1353,1353,1,
1355,1354,1354,1,
1356,1355,1355,1,
1357,1356,1356,1,
1358,1357,1357,1,
1359,1358,1358,1,
1360,1359,1359,1,
1361,1360,1360,1,
1362,1361,1361,1,
1363,1362,1362,1,
1364,1363,1363,1,
1365,1364,1364,1,
1366,1365,1365,1,
1367,1366,1366,1,
1368,1367,1367,1,
1369,1368,1368,1,
1370,1369,1369,1,
1371,1370,1370,1,
1372,1371,1371,1,
1373,1372,1372,1,
1374,1373,1373,1,
1375,1374,1374,1,
1376,1375,1375,1,
1377,1376,1376,1,
1378,1377,1377,1,
1379,1378,1378,1,
1380,1379,1379,1,
1381,1380,1380,1,
1382,1381,1381,1,
1383,1382,1382,1,
1384,1383,1383,1,
1385,1384,1384,1,
1386,1385,1385,1,
1387,1386,1386,1,
1388,1387,1387,1,
1389,1388,1388,1,
1390,1389,1389,1,
1391,1390,1390,1,
1392,1391,1391,1,
1393,1392,1392,1,
1394,1393,1393,1,
1395,1394,1394,1,
1396,1395,1395,1,
1397,1396,1396,1,
1398,1397,1397,1,
1399,1398,1398,1,
1400,1399,1399,1,
1401,1400,1400,1,
1402,1401,1401,1,
1403,1402,1402,1,
1404,1403,1403,1,
1405,1404,1404,1,
1406,1405,1405,1,
1407,1406,1406,1,
1408,1407,1407,1,
1409,1408,1408,1,
1410,1409,1409,1,
1411,1410,1410,1,
1412,1411,1411,1,
1413,1412,1412,1,
1414,1413,1413,1,
1415,1414,1414,1,
1416,1415,1415,1,
1417,1416,1416,1,
1418,1417,1417,1,
1419,1418,1418,1,
1420,1419,1419,1,
1421,1420,1420,1,
1422,1421,1421,1,
1423,1422,1422,1,
1424,1423,1423,1,
1425,1424,1424,1,
1426,1425,1425,1,
1427,1426,1426,1,
1428,1427,1427,1,
1429,1428,1428,1,
1430,1429,1429,1,
1431,1430,1430,1,
1432,1431,1431,1,
1433,1432,1432,1,
1434,1433,1433,1,
1435,1434,1434,1,
1436,1435,1435,1,
1437,1436,1436,1,
1438,1437,1437,1,
1439,1438,1438,1,
1440,1439,1439,1,
1441,1440,1440,1,
1442,1441,1441,1,
1443,1442,1442,1,
1444,1443,1443,1,
1445,1444,1444,1,
1446,1445,1445,1,
1447,1446,1446,1,
1448,1447,1447,1,
1449,1448,1448,1,
1450,1449,1449,1,
1451,1450,1450,1,
1452,1451,1451,1,
1453,1452,1452,1,
1454,1453,1453,1,
1455,1454,1454,1,
1456,1455,1455,1,
1457,1456,1456,1,
1458,1457,1457,1,
1459,1458,1458,1,
1460,1459,1459,1,
1461,1460,1460,1,
1462,1461,1461,1,
1463,1462,1462,1,
1464,1463,1463,1,
1465,1464,1464,1,
1466,1465,1465,1,
1467,1466,1466,1,
1468,1467,1467,1,
1469,1468,1468,1,
1470,1469,1469,1,
1471,1470,1470,1,
1472,1471,1471,1,
1473,1472,1472,1,
1474,1473,1473,1,
1475,1474,1474,1,
1476,1475,1475,1,
1477,1476,1476,1,
1478,1477,1477,1,
1479,1478,1478,1,
1480,1479,1479,1,
1481,1480,1480,1,
1482,1481,1481,1,
1483,1482,1482,1,
1484,1483,1483,1,
1485,1484,1484,1,
1486,1485,1485,1,
1487,1486,1486,1,
1488,1487,1487,1,
1489,1488,1488,1,
1490,1489,1489,1,
1491,1490,1490,1,
1492,1491,1491,1,
1493,1492,1492,1,
1494,1493,1493,1,
1495,1494,1494,1,
1496,1495,1495,1,
1497,1496,1496,1,
1498,1497,1497,1,
1499,1498,1498,1,
1500,1499,1499,1,
1501,1500,1500,1,
1502,1501,1501,1,
1503,1502,1502,1,
1504,1503,1503,1,
1505,1504,1504,1,
1506,1505,1505,1,
1507,1506,1506,1,
1508,1507,1507,1,
1509,1508,1508,1,
1510,1509,1509,1,
1511,1510,1510,1,
1512,1511,1511,1,
1513,1512,1512,1,
1514,1513,1513,1,
1515,1514,1514,1,
1516,1515,1515,1,
1517,1516,1516,1,
1518,1517,1517,1,
1519,1518,1518,1,
1520,1519,1519,1,
1521,1520,1520,1,
1522,1521,1521,1,
1523,1522,1522,1,
1524,1523,1523,1,
1525,1524,1524,1,
1526,1525,1525,1,
1527,1526,1526,1,
1528,1527,1527,1,
1529,1528,1528,1,
1530,1529,1529,1,
1531,1530,1530,1,
1532,1531,1531,1,
1533,1532,1532,1,
1534,1533,1533,1,
1535,1534,1534,1,
1536,1535,1535,1,
1537,1536,1536,1,
1538,1537,1537,1,
1539,1538,1538,1,
1540,1539,1539,1,
1541,1540,1540,1,
1542,1541,1541,1,
1543,1542,1542,1,
1544,1543,1543,1,
1545,1544,1544,1,
1546,1545,1545,1,
1547,1546,1546,1,
1548,1547,1547,1,
1549,1548,1548,1,
1550,1549,1549,1,
1551,1550,1550,1,
1552,1551,1551,1,
1553,1552,1552,1,
1554,1553,1553,1,
1555,1554,1554,1,
1556,1555,1555,1,
1557,1556,1556,1,
1558,1557,1557,1,
1559,1558,1558,1,
1560,1559,1559,1,
1561,1560,1560,1,
1562,1561,1561,1,
1563,1562,1562,1,
1564,1563,1563,1,
1565,1564,1564,1,
1566,1565,1565,1,
1567,1566,1566,1,
1568,1567,1567,1,
1569,1568,1568,1,
1570,1569,1569,1,
1571,1570,1570,1,
1572,1571,1571,1,
1573,1572,1572,1,
1574,1573,1573,1,
1575,1574,1574,1,
1576,1575,1575,1,
1577,1576,1576,1,
1578,1577,1577,1,
1579,1578,1578,1,
1580,1579,1579,1,
1581,1580,1580,1,
1582,1581,1581,1,
1583,1582,1582,1,
1584,1583,1583,1,
1585,1584,1584,1,
1586,1585,1585,1,
1587,1586,1586,1,
1588,1587,1587,1,
1589,1588,1588,1,
1590,1589,1589,1,
1591,1590,1590,1,
1592,1591,1591,1,
1593,1592,1592,1,
1594,1593,1593,1,
1595,1594,1594,1,
1596,1595,1595,1,
1597,1596,1596,1,
1598,1597,1597,1,
1599,1598,1598,1,
1600,1599,1599,1,
1601,1600,1600,1,
1602,1601,1601,1,
1603,1602,1602,1,
1604,1603,1603,1,
1605,1604,1604,1,
1606,1605,1605,1,
1607,1606,1606,1,
1608,1606,1606,1,
1609,1607,1607,1,
1610,1608,1608,1,
1611,1609,1609,1,
1612,1610,1610,1,
1613,1611,1611,1,
1614,1612,1612,1,
1615,1613,1613,1,
1616,1614,1614,1,
1617,1615,1615,1,
1618,1616,1616,1,
1619,1617,1617,1,
1620,1618,1618,1,
1621,1619,1619,1,
1622,1620,1620,1,
1623,1621,1621,1,
1624,1622,1622,1,
1625,1623,1623,1,
1626,1624,1624,1,
1627,1625,1625,1,
1628,1626,1626,1,
1629,1627,1627,1,
1630,1628,1628,1,
1631,1629,1629,1,
1632,1630,1630,1,
1633,1631,1631,1,
1634,1632,1632,1,
1635,1633,1633,1,
1636,1634,1634,1,
1637,1635,1635,1,
1638,1636,1636,1,
1639,1637,1637,1,
1640,1638,1638,1,
1641,1639,1639,1,
1642,1640,1640,1,
1643,1641,1641,1,
1644,1642,1642,1,
1645,1643,1643,1,
1646,1644,1644,1,
1647,1645,1645,1,
1648,1646,1646,1,
1649,1647,1647,1,
1650,1648,1648,1,
1651,1649,1649,1,
1652,1650,1650,1,
1653,1651,1651,1,
1654,1652,1652,1,
1655,1653,1653,1,
1656,1654,1654,1,
1657,1655,1655,1,
1658,1656,1656,1,
1659,1657,1657,1,
1660,1658,1658,1,
1661,1659,1659,1,
1662,1660,1660,1,
1663,1661,1661,1,
1664,1662,1662,1,
1665,1663,1663,1,
1666,1664,1664,1,
1667,1665,1665,1,
1668,1666,1666,1,
1669,1667,1667,1,
1670,1668,1668,1,
1671,1669,1669,1,
1672,1670,1670,1,
1673,1671,1671,1,
1674,1672,1672,1,
1675,1672,1672,1,
1676,1673,1673,1,
1677,1674,1674,1,
1678,1675,1675,1,
1679,1676,1676,1,
1680,1677,1677,1,
1681,1678,1678,1,
1682,1679,1679,1,
1683,1680,1680,1,
1684,1681,1681,1,
1685,1682,1682,1,
1686,1683,1683,1,
1687,1684,1684,1,
1688,1685,1685,1,
1689,1686,1686,1,
1690,1687,1687,1,
1691,1688,1688,1,
1692,1689,1689,1,
1693,1690,1690,1,
1694,1691,1691,1,
1695,1692,1692,1,
1696,1693,1693,1,
1697,1694,1694,1,
1698,1695,1695,1,
1699,1696,1696,1,
1700,1697,1697,1,
1701,1698,1698,1,
1702,1699,1699,1,
1703,1700,1700,1,
1704,1701,1701,1,
1705,1702,1702,1,
1706,1703,1703,1,
1707,1704,1704,1,
1708,1705,1705,1,
1709,1706,1706,1,
1710,1707,1707,1,
1711,1708,1708,1,
1712,1709,1709,1,
1713,1710,1710,1,
1714,1711,1711,1,
1715,1712,1712,1,
1716,1713,1713,1,
1717,1714,1714,1,
1718,1715,1715,1,
1719,1716,1716,1,
1720,1717,1717,1,
1721,1718,1718,1,
1722,1719,1719,1,
1723,1720,1720,1,
1724,1721,1721,1,
1725,1722,1722,1,
1726,1723,1723,1,
1727,1724,1724,1,
1728,1725,1725,1,
1729,1726,1726,1,
1730,1727,1727,1,
1731,1728,1728,1,
1732,1729,1729,1,
1733,1730,1730,1,
1734,1731,1731,1,
1735,1732,1732,1,
1736,1733,1733,1,
1737,1734,1734,1,
1738,1735,1735,1,
1739,1736,1736,1,
1740,1737,1737,1,
1741,1738,1738,1,
1742,1739,1739,1,
1743,1740,1740,1,
1744,1741,1741,1,
1745,1742,1742,1,
1746,1743,1743,1,
1747,1744,1744,1,
1748,1745,1745,1,
1749,1746,1746,1,
1750,1747,1747,1,
1751,1748,1748,1,
1752,1749,1749,1,
1753,1750,1750,1,
1754,1751,1751,1,
1755,1752,1752,1,
1756,1753,1753,1,
1757,1754,1754,1,
1758,1755,1755,1,
1759,1756,1756,1,
1760,1757,1757,1,
1761,1758,1758,1,
1762,1759,1759,1,
1763,1760,1760,1,
1764,1761,1761,1,
1765,1762,1762,1,
1766,1763,1763,1,
1767,1764,1764,1,
1768,1765,1765,1,
1769,1766,1766,1,
1770,1767,1767,1,
1771,1768,1768,1,
1772,1769,1769,1,
1773,1770,1770,1,
1774,1771,1771,1,
1775,1772,1772,1,
1776,1773,1773,1,
1777,1774,1774,1,
1778,1775,1775,1,
1779,1776,1776,1,
1780,1777,1777,1,
1781,1778,1778,1,
1782,1779,1779,1,
1783,1780,1780,1,
1784,1781,1781,1,
1785,1782,1782,1,
1786,1783,1783,1,
1787,1784,1784,1,
1788,1784,1784,0,
1789,1784,1784,0,
1790,1784,1784,0,
1791,1784,1784,0,
1792,1784,1784,0,
1793,1784,1784,0,
1794,1784,1784,0,
1795,1784,1784,0,
1796,1784,1784,0,
1797,1784,1784,0,
1798,1784,1784,0,
1799,1784,1784,0,
1800,1784,1784,0,
1801,1784,1784,0,
1802,1784,1784,0,
1803,1784,1784,0,
1804,1784,1784,0,
1805,1784,1784,0,
1806,1784,1784,0,
1807,1784,1784,0,
1808,1784,1784,0,
1809,1784,1784,0,
1810,1784,1784,0,
1811,1784,1784,0,
1812,1784,1784,0,
1813,1784,1784,0,
1814,1784,1784,0,
1815,1784,1784,0,
1816,1784,1784,0,
1817,1784,1784,0,
1818,1784,1784,0,
1819,1784,1784,0,
1820,1784,1784,0,
1821,1784,1784,0,
1822,1784,1784,0,
1823,1784,1784,0,
1824,1784,1784,0,
1825,1784,1784,0,
1826,1784,1784,0,
1827,1784,1784,0,
1828,1784,1784,0,
1829,1784,1784,0,
1830,1784,1784,0,
1831,1784,1784,0,
1832,1784,1784,0,
1833,1784,1784,0,
1834,1784,1784,0,
1835,1784,1784,0,
1836,1784,1784,0,
1837,1784,1784,0,
1838,1784,1784,0,
1839,1784,1784,0,
1840,1784,1784,0,
1841,1784,1784,0,
1842,1784,1784,0,
1843,1784,1784,0,
1844,1784,1784,0,
1845,1784,1784,0,
1846,1784,1784,0,
1847,1784,1784,0,
1848,1784,1784,0,
1849,1784,1784,0,
1850,1784,1784,0,
1851,1784,1784,0,
1852,1784,1784,0,
1853,1784,1784,0,
1854,1784,1784,0,
1855,1784,1784,0,
1856,1784,1784,0,
1857,1784,1784,0,
1858,1784,1784,0,
1859,1784,1784,0,
1860,1784,1784,0,
1861,1784,1784,0,
1862,1784,1784,0,
1863,1784,1784,0,
1864,1784,1784,0,
1865,1784,1784,0,
1866,1784,1784,0,
1867,1784,1784,0,
1868,1784,1784,0,
1869,1784,1784,0,
1870,1784,1784,0,
1871,1784,1784,0,
1872,1784,1784,0,
1873,1784,1784,0,
1874,1784,1784,0,
1875,1784,1784,0,
1876,1784,1784,0,
1877,1784,1784,0,
1878,1784,1784,0,
1879,1784,1784,0,
1880,1784,1784,0,
1881,1784,1784,0,
1882,1784,1784,0,
1883,1784,1784,0,
1884,1784,1784,0,
1885,1784,1784,0,
1886,1784,1784,0,
1887,1784,1784,0,
1888,1784,1784,0,
1889,1784,1784,0,
1890,1784,1784,0,
1891,1784,1784,0,
1892,1784,1784,0,
1893,1784,1784,0,
1894,1784,1784,0,
1895,1784,1784,0,
1896,1784,1784,0,
1897,1784,1784,0,
1898,1784,1784,0,
1899,1784,1784,0,
1900,1784,1784,0,
1901,1784,1784,0,
1902,1784,1784,0,
1903,1784,1784,0,
1904,1784,1784,0,
1905,1784,1784,0,
1906,1784,1784,0,
1907,1784,1784,0,
1908,1784,1784,0,
1909,1784,1784,0,
1910,1784,1784,0,
1911,1784,1784,0,
1912,1784,1784,0,
1913,1784,1784,0,
1914,1784,1784,0,
1915,1784,1784,0,
1916,1784,1784,0,
1917,1784,1784,0,
1918,1784,1784,0,
1919,1784,1784,0,
1920,1784,1784,0,
1921,1784,1784,0,
1922,1784,1784,0,
1923,1784,1784,0,
1924,1784,1784,0,
1925,1784,1784,0,
1926,1784,1784,0,
1927,1784,1784,0,
1928,1784,1784,0,
1929,1784,1784,0,
1930,1784,1784,0,
1931,1784,1784,0,
1932,1784,1784,0,
1933,1784,1784,0,
1934,1784,1784,0,
1935,1784,1784,0,
1936,1784,1784,0,
1937,1784,1784,0,
1938,1784,1784,0,
1939,1784,1784,0,
1940,1784,1784,0,
1941,1784,1784,0,
1942,1784,1784,0,
1943,1784,1784,0,
1944,1784,1784,0,
1945,1784,1784,0,
1946,1784,1784,0,
1947,1784,1784,0,
1948,1784,1784,0,
1949,1784,1784,0,
1950,1784,1784,0,
1951,1784,1784,0,
1952,1784,1784,0,
1953,1784,1784,0,
1954,1784,1784,0,
1955,1784,1784,0,
1956,1784,1784,0,
1957,1784,1784,0,
1958,1784,1784,0,
1959,1785,1785,1,
1960,1786,1786,1,
1961,1787,1787,1,
1962,1788,1788,1,
1963,1789,1789,1,
1964,1790,1790,1,
1965,1791,1791,1,
1966,1792,1792,1,
1967,1793,1793,1,
1968,1794,1794,1,
1969,1795,1795,1,
1970,1796,1796,1,
1971,1797,1797,1,
1972,1798,1798,1,
1973,1799,1799,1,
1974,1800,1800,1,
1975,1801,1801,1,
1976,1802,1802,1,
1977,1803,1803,1,
1978,1804,1804,1,
1979,1805,1805,1,
1980,1806,1806,1,
1981,1807,1807,1,
1982,1808,1808,1,
1983,1809,1809,1,
1984,1810,1810,1,
1985,1811,1811,1,
1986,1812,1812,1,
1987,1813,1813,1,
1988,1814,1814,1,
1989,1815,1815,1,
1990,1816,1816,1,
1991,1817,1817,1,
1992,1818,1818,1,
1993,1819,1819,1,
1994,1820,1820,1,
1995,1821,1821,1,
1996,1822,1822,1,
1997,1823,1823,1,
1998,1824,1824,1,
1999,1825,1825,1,
2000,1826,1826,1,
2001,1827,1827,1,
2002,1828,1828,1,
2003,1829,1829,1,
2004,1830,1830,1,
2005,1831,1831,1,
2006,1832,1832,1,
2007,1833,1833,1,
2008,1834,1834,1,
2009,1835,1835,1,
2010,1836,1836,1,
2011,1837,1837,1,
2012,1838,1838,1,
2013,1839,1839,1,
2014,1840,1840,1,
2015,1841,1841,1,
2016,1842,1842,1,
2017,1843,1843,1,
2018,1844,1844,1,
2019,1845,1845,1,
2020,1846,1846,1,
2021,1847,1847,1,
2022,1848,1848,1,
2023,1849,1849,1,
2024,1850,1850,1,
2025,1851,1851,1,
2026,1852,1852,1,
2027,1853,1853,1,
2028,1854,1854,1,
2029,1855,1855,1,
2030,1856,1856,1,
2031,1857,1857,1,
2032,1858,1858,1,
2033,1859,1859,1,
2034,1860,1860,1,
2035,1861,1861,1,
2036,1862,1862,1,
2037,1863,1863,1,
2038,1864,1864,1,
2039,1865,1865,1,
2040,1866,1866,1,
2041,1867,1867,1,
2042,1868,1868,1,
2043,1869,1869,1,
2044,1870,1870,1,
2045,1871,1871,1,
2046,1872,1872,1,
2047,1873,1873,1,
2048,1874,1874,1,
2049,1875,1875,1,
2050,1876,1876,1,
2051,1877,1877,1,
2052,1878,1878,1,
2053,1879,1879,1,
2054,1880,1880,1,
2055,1881,1881,1,
2056,1882,1882,1,
2057,1883,1883,1,
2058,1884,1884,1,
2059,1885,1885,1,
2060,1886,1886,1,
2061,1886,1886,0,
2062,1886,1886,0,
2063,1886,1886,0,
2064,1886,1886,0,
2065,1886,1886,0,
2066,1886,1886,0,
2067,1886,1886,0,
2068,1886,1886,0,
2069,1886,1886,0,
2070,1886,1886,0,
2071,1886,1886,0,
2072,1886,1886,0,
2073,1886,1886,0,
2074,1886,1886,0,
2075,1886,1886,0,
2076,1886,1886,0,
2077,1886,1886,0,
2078,1886,1886,0,
2079,1886,1886,0,
2080,1886,1886,0,
2081,1886,1886,0,
2082,1886,1886,0,
2083,1886,1886,0,
2084,1886,1886,0,
2085,1886,1886,0,
2086,1886,1886,0,
2087,1886,1886,0,
2088,1886,1886,0,
2089,1886,1886,0,
2090,1886,1886,0,
2091,1886,1886,0,
2092,1886,1886,0,
2093,1886,1886,0,
2094,1887,1887,1,
2095,1888,1888,1,
2096,1889,1889,1,
2097,1890,1890,1,
2098,1891,1891,1,
2099,1892,1892,1,
2100,1893,1893,1,
2101,1894,1894,1,
2102,1895,1895,1,
2103,1896,1896,1,
2104,1897,1897,1,
2105,1898,1898,1,
2106,1899,1899,1,
2107,1900,1900,1,
2108,1901,1901,1,
2109,1902,1902,1,
2110,1903,1903,1,
2111,1904,1904,1,
2112,1905,1905,1,
2113,1906,1906,1,
2114,1907,1907,1,
2115,1908,1908,1,
2116,1909,1909,1,
2117,1910,1910,1,
2118,1911,1911,1,
2119,1912,1912,1,
2120,1913,1913,1,
2121,1914,1914,1,
2122,1915,1915,1,
2123,1916,1916,1,
2124,1917,1917,1,
2125,1918,1918,1,
2126,1919,1919,1,
2127,1920,1920,1,
2128,1921,1921,1,
2129,1922,1922,1,
2130,1923,1923,1,
2131,1924,1924,1,
2132,1925,1925,1,
2133,1926,1926,1,
2134,1927,1927,1,
2135,1928,1928,1,
2136,1929,1929,1,
2137,1930,1930,1,
2138,1931,1931,1,
2139,1932,1932,1,
2140,1933,1933,1,
2141,1934,1934,1,
2142,1935,1935,1,
2143,1936,1936,1,
2144,1937,1937,1,
2145,1938,1938,1,
2146,1939,1939,1,
2147,1940,1940,1,
2148,1941,1941,1,
2149,1942,1942,1,
2150,1943,1943,1,
2151,1944,1944,1,
2152,1945,1945,1,
2153,1946,1946,1,
2154,1947,1947,1,
2155,1948,1948,1,
2156,1949,1949,1,
2157,1950,1950,1,
2158,1951,1951,1,
2159,1952,1952,1,
2160,1953,1953,1,
2161,1954,1954,1,
2162,1955,1955,1,
2163,1956,1956,1,
2164,1957,1957,1,
2165,1958,1958,1,
2166,1959,1959,1,
2167,1960,1960,1,
2168,1961,1961,1,
2169,1962,1962,1,
2170,1963,1963,1,
2171,1964,1964,1,
2172,1965,1965,1,
2173,1966,1966,1,
2174,1967,1967,1,
2175,1968,1968,1,
2176,1969,1969,1,
2177,1970,1970,1,
2178,1971,1971,1,
2179,1972,1972,1,
2180,1973,1973,1,
2181,1974,1974,1,
2182,1975,1975,1,
2183,1976,1976,1,
2184,1976,1976,0,
2185,1976,1976,0,
2186,1976,1976,0,
2187,1976,1976,0,
2188,1976,1976,0,
2189,1976,1976,0,
2190,1976,1976,0,
2191,1976,1976,0,
2192,1976,1976,0,
2193,1976,1976,0,
2194,1976,1976,0,
2195,1976,1976,0,
2196,1976,1976,0,
2197,1976,1976,0,
2198,1976,1976,0,
2199,1976,1976,0,
2200,1976,1976,0,
2201,1976,1976,0,
2202,1976,1976,0,
2203,1976,1976,0,
2204,1976,1976,0,
2205,1976,1976,0,
2206,1976,1976,0,
2207,1976,1976,0,
2208,1976,1976,0,
2209,1976,1976,0,
2210,1976,1976,0,
2211,1976,1976,0,
2212,1976,1976,0,
2213,1976,1976,0,
2214,1976,1976,0,
2215,1976,1976,0,
2216,1976,1976,0,
2217,1976,1976,0,
2218,1976,1976,0,
2219,1976,1976,0,
2220,1976,1976,0,
2221,1976,1976,0,
2222,1976,1976,0,
2223,1976,1976,0,
2224,1976,1976,0,
2225,1976,1976,0,
2226,1976,1976,0,
2227,1976,1976,0,
2228,1976,1976,0,
2229,1976,1976,0,
2230,1976,1976,0,
2231,1976,1976,0,
2232,1976,1976,0,
2233,1976,1976,0,
2234,1976,1976,0,
2235,1976,1976,0,
2236,1976,1976,0,
2237,1976,1976,0,
2238,1976,1976,0,
2239,1976,1976,0,
2240,1976,1976,0,
2241,1976,1976,0,
2242,1976,1976,0,
2243,1977,1977,1,
2244,1978,1978,1,
2245,1979,1979,1,
2246,1980,1980,1,
2247,1981,1981,1,
2248,1982,1982,1,
2249,1983,1983,1,
2250,1984,1984,1,
2251,1985,1985,1,
2252,1986,1986,1,
2253,1987,1987,1,
2254,1988,1988,1,
2255,1989,1989,1,
2256,1990,1990,1,
2257,1991,1991,1,
2258,1992,1992,1,
2259,1993,1993,1,
2260,1994,1994,1,
2261,1995,1995,1,
2262,1996,1996,1,
2263,1997,1997,1,
2264,1998,1998,1,
2265,1999,1999,1,
2266,2000,2000,1,
2267,2001,2001,1,
2268,2002,2002,1,
2269,2003,2003,1,
2270,2004,2004,1,
2271,2005,2005,1,
2272,2006,2006,1,
2273,2007,2007,1,
2274,2008,2008,1,
2275,2009,2009,1,
2276,2010,2010,1,
2277,2011,2011,1,
2278,2012,2012,1,
2279,2013,2013,1,
2280,2014,2014,1,
2281,2015,2015,1,
2282,2015,2015,0,
2283,2015,2015,0,
2284,2015,2015,0,
2285,2015,2015,0,
2286,2015,2015,0,
2287,2015,2015,0,
2288,2015,2015,0,
2289,2015,2015,0,
2290,2015,2015,0,
2291,2015,2015,0,
2292,2015,2015,0,
2293,2015,2015,0,
2294,2015,2015,0,
2295,2016,2016,1,
2296,2017,2017,1,
2297,2018,2018,1,
2298,2019,2019,1,
2299,2020,2020,1,
2300,2021,2021,1,
2301,2022,2022,1,
2302,2023,2023,1,
2303,2024,2024,1,
2304,2025,2025,1,
2305,2026,2026,1,
2306,2027,2027,1,
2307,2028,2028,1,
2308,2029,2029,1,
2309,2030,2030,1,
2310,2031,2031,1,
2311,2031,2031,0,
2312,2031,2031,0,
2313,2031,2031,0,
2314,2031,2031,0,
2315,2031,2031,0,
2316,2031,2031,0,
2317,2031,2031,0,
2318,2031,2031,0,
2319,2031,2031,0,
2320,2031,2031,0,
2321,2031,2031,0,
2322,2031,2031,0,
2323,2031,2031,0,
2324,2031,2031,0,
2325,2031,2031,0,
2326,2031,2031,0,
2327,2031,2031,0,
2328,2031,2031,0,
2329,2031,2031,0,
2330,2031,2031,0,
2331,2031,2031,0,
2332,2031,2031,0,
2333,2031,2031,0,
2334,2031,2031,0,
2335,2031,2031,0,
2336,2031,2031,0,
2337,2032,2032,1,
2338,2033,2033,1,
2339,2034,2034,1,
2340,2035,2035,1,
2341,2036,2036,1,
2342,2037,2037,1,
2343,2038,2038,1,
2344,2039,2039,1,
2345,2040,2040,1,
2346,2041,2041,1,
2347,2042,2042,1,
2348,2043,2043,1,
2349,2044,2044,1,
2350,2044,2044,0,
2351,2044,2044,0,
2352,2044,2044,0,
2353,2044,2044,0,
2354,2044,2044,0,
2355,2044,2044,0,
2356,2044,2044,0,
2357,2044,2044,0,
2358,2044,2044,0,
2359,2044,2044,0,
2360,2044,2044,0,
2361,2044,2044,0,
2362,2044,2044,0,
2363,2044,2044,0,
2364,2044,2044,0,
2365,2044,2044,0,
2366,2044,2044,0,
2367,2044,2044,0,
2368,2044,2044,0,
2369,2044,2044,0,
2370,2044,2044,0,
2371,2044,2044,0,
2372,2044,2044,0,
2373,2044,2044,0,
2374,2045,2045,1,
2375,2046,2046,1,
2376,2047,2047,1,
2377,2048,2048,1,
2378,2049,2049,1,
2379,2050,2050,1,
2380,2051,2051,1,
2381,2052,2052,1,
2382,2053,2053,1,
2383,2054,2054,1,
2384,2055,2055,1,
2385,2056,2056,1,
2386,2057,2057,1,
2387,2058,2058,1,
2388,2059,2059,1,
2389,2060,2060,1,
2390,2061,2061,1,
2391,2062,2062,1,
2392,2063,2063,1,
2393,2064,2064,1,
2394,2065,2065,1,
2395,2066,2066,1,
2396,2067,2067,1,
2397,2068,2068,1,
2398,2069,2069,1,
2399,2070,2070,1,
2400,2071,2071,1,
2401,2072,2072,1,
2402,2073,2073,1,
2403,2074,2074,1,
2404,2075,2075,1,
2405,2076,2076,1,
2406,2077,2077,1,
2407,2078,2078,1,
2408,2079,2079,1,
2409,2080,2080,1,
2410,2081,2081,1,
2411,2082,2082,1,
2412,2083,2083,1,
2413,2084,2084,1,
2414,2085,2085,1,
2415,2086,2086,1,
2416,2087,2087,1,
2417,2088,2088,1,
2418,2089,2089,1,
2419,2090,2090,1,
2420,2091,2091,1,
2421,2092,2092,1,
2422,2093,2093,1,
2423,2094,2094,1,
2424,2095,2095,1,
2425,2096,2096,1,
2426,2097,2097,1,
2427,2098,2098,1,
2428,2099,2099,1,
2429,2100,2100,1,
2430,2101,2101,1,
2431,2102,2102,1,
2432,2103,2103,1,
2433,2104,2104,1,
2434,2105,2105,1,
2435,2106,2106,1,
2436,2107,2107,1,
2437,2108,2108,1,
2438,2109,2109,1,
2439,2110,2110,1,
2440,2111,2111,1,
2441,2112,2112,1,
2442,2113,2113,1,
2443,2114,2114,1,
2444,2115,2115,1,
2445,2116,2116,1,
2446,2117,2117,1,
2447,2118,2118,1,
2448,2119,2119,1,
2449,2120,2120,1,
2450,2121,2121,1,
2451,2122,2122,1,
2452,2123,2123,1,
2453,2124,2124,1,
2454,2125,2125,1,
2455,2126,2126,1,
2456,2126,2126,0,
2457,2126,2126,0,
2458,2126,2126,0,
2459,2126,2126,0,
2460,2126,2126,0,
2461,2126,2126,0,
2462,2126,2126,0,
2463,2126,2126,0,
2464,2126,2126,0,
2465,2126,2126,0,
2466,2126,2126,0,
2467,2126,2126,0,
2468,2126,2126,0,
2469,2126,2126,0,
2470,2126,2126,0,
2471,2126,2126,0,
2472,2126,2126,0,
2473,2126,2126,0,
2474,2126,2126,0,
2475,2126,2126,0,
2476,2126,2126,0,
2477,2126,2126,0,
2478,2126,2126,0,
2479,2126,2126,0,
2480,2126,2126,0,
2481,2126,2126,0,
2482,2126,2126,0,
2483,2126,2126,0,
2484,2126,2126,0,
2485,2126,2126,0,
2486,2126,2126,0,
2487,2126,2126,0,
2488,2126,2126,0,
2489,2126,2126,0,
2490,2126,2126,0,
2491,2126,2126,0,
2492,2126,2126,0,
2493,2126,2126,0,
2494,2126,2126,0,
2495,2126,2126,0,
2496,2126,2126,0,
2497,2126,2126,0,
2498,2126,2126,0,
2499,2126,2126,0,
2500,2126,2126,0,
2501,2126,2126,0,
2502,2126,2126,0,
2503,2126,2126,0,
2504,2126,2126,0,
2505,2126,2126,0,
2506,2126,2126,0,
2507,2127,2127,1,
2508,2128,2128,1,
2509,2129,2129,1,
2510,2129,2129,0,
2511,2130,2130,1,
2512,2131,2131,1,
2513,2132,2132,1,
2514,2133,2133,1,
2515,2134,2134,1,
2516,2135,2135,1,
2517,2136,2136,1,
2518,2137,2137,1,
2519,2138,2138,1,
2520,2139,2139,1,
2521,2140,2140,1,
2522,2141,2141,1,
2523,2142,2142,1,
2524,2143,2143,1,
2525,2144,2144,1,
2526,2145,2145,1,
2527,2146,2146,1,
2528,2147,2147,1,
2529,2148,2148,1,
2530,2149,2149,1,
2531,2150,2150,1,
2532,2151,2151,1,
2533,2152,2152,1,
2534,2153,2153,1,
2535,2154,2154,1,
2536,2155,2155,1,
2537,2156,2156,1,
2538,2157,2157,1,
2539,2158,2158,1,
2540,2159,2159,1,
2541,2160,2160,1,
2542,2161,2161,1,
2543,2162,2162,1,
2544,2163,2163,1,
2545,2164,2164,1,
2546,2165,2165,1,
2547,2166,2166,1,
2548,2167,2167,1,
2549,2168,2168,1,
2550,2169,2169,1,
2551,2170,2170,1,
2552,2171,2171,1,
2553,2172,2172,1,
2554,2173,2173,1,
2555,2174,2174,1,
2556,2175,2175,1,
2557,2176,2176,1,
2558,2177,2177,1,
2559,2178,2178,1,
2560,2179,2179,1,
2561,2180,2180,1,
2562,2181,2181,1,
2563,2182,2182,1,
2564,2183,2183,1,
2565,2184,2184,1,
2566,2185,2185,1,
2567,2186,2186,1,
2568,2187,2187,1,
2569,2188,2188,1,
2570,2189,2189,1,
2571,2190,2190,1,
2572,2191,2191,1,
2573,2192,2192,1,
2574,2193,2193,1,
2575,2194,2194,1,
2576,2195,2195,1,
2577,2196,2196,1,
2578,2197,2197,1,
2579,2198,2198,1,
2580,2199,2199,1,
2581,2200,2200,1,
2582,2201,2201,1,
2583,2202,2202,1,
2584,2203,2203,1,
2585,2204,2204,1,
2586,2205,2205,1,
2587,2206,2206,1,
2588,2207,2207,1,
2589,2208,2208,1,
2590,2209,2209,1,
2591,2210,2210,1,
2592,2211,2211,1,
2593,2212,2212,1,
2594,2213,2213,1,
2595,2214,2214,1,
2596,2215,2215,1,
2597,2216,2216,1,
2598,2217,2217,1,
2599,2218,2218,1,
2600,2219,2219,1,
2601,2220,2220,1,
2602,2221,2221,1,
2603,2222,2222,1,
2604,2223,2223,1,
2605,2224,2224,1,
2606,2225,2225,1,
2607,2226,2226,1,
2608,2227,2227,1,
2609,2228,2228,1,
2610,2229,2229,1,
2611,2230,2230,1,
2612,2231,2231,1,
2613,2232,2232,1,
2614,2233,2233,1,
2615,2234,2234,1,
2616,2235,2235,1,
2617,2236,2236,1,
2618,2237,2237,1,
2619,2238,2238,1,
2620,2239,2239,1,
2621,2240,2240,1,
2622,2241,2241,1,
2623,2242,2242,1,
2624,2243,2243,1,
2625,2244,2244,1,
2626,2245,2245,1,
2627,2246,2246,1,
2628,2247,2247,1,
2629,2248,2248,1,
2630,2249,2249,1,
2631,2250,2250,1,
2632,2251,2251,1,
2633,2252,2252,1,
2634,2253,2253,1,
2635,2254,2254,1,
2636,2255,2255,1,
2637,2256,2256,1,
2638,2256,2256,0,
2639,2256,2256,0,
2640,2256,2256,0,
2641,2256,2256,0,
2642,2256,2256,0,
2643,2256,2256,0,
2644,2256,2256,0,
2645,2256,2256,0,
2646,2256,2256,0,
2647,2256,2256,0,
2648,2256,2256,0,
2649,2256,2256,0,
2650,2256,2256,0,
2651,2256,2256,0,
2652,2256,2256,0,
2653,2256,2256,0,
2654,2256,2256,0,
2655,2256,2256,0,
2656,2256,2256,0,
2657,2256,2256,0,
2658,2256,2256,0,
2659,2256,2256,0,
2660,2256,2256,0,
2661,2256,2256,0,
2662,2256,2256,0,
2663,2256,2256,0,
2664,2256,2256,0,
2665,2256,2256,0,
2666,2256,2256,0,
2667,2257,2257,1,
2668,2258,2258,1,
2669,2259,2259,1,
2670,2260,2260,1,
2671,2261,2261,1,
2672,2262,2262,1,
2673,2263,2263,1,
2674,2264,2264,1,
2675,2265,2265,1,
2676,2266,2266,1,
2677,2267,2267,1,
2678,2268,2268,1,
2679,2269,2269,1,
2680,2270,2270,1,
2681,2271,2271,1,
2682,2272,2272,1,
2683,2273,2273,1,
2684,2274,2274,1,
2685,2275,2275,1,
2686,2276,2276,1,
2687,2277,2277,1,
2688,2278,2278,1,
2689,2279,2279,1,
2690,2280,2280,1,
2691,2281,2281,1,
2692,2282,2282,1,
2693,2283,2283,1,
2694,2284,2284,1,
2695,2285,2285,1,
2696,2286,2286,1,
2697,2287,2287,1,
2698,2288,2288,1,
2699,2289,2289,1,
2700,2290,2290,1,
2701,2291,2291,1,
2702,2292,2292,1,
2703,2293,2293,1,
2704,2294,2294,1,
2705,2295,2295,1,
2706,2296,2296,1,
2707,2297,2297,1,
2708,2298,2298,1,
2709,2299,2299,1,
2710,2300,2300,1,
2711,2301,2301,1,
2712,2302,2302,1,
2713,2303,2303,1,
2714,2304,2304,1,
2715,2305,2305,1,
2716,2306,2306,1,
2717,2307,2307,1,
2718,2308,2308,1,
2719,2309,2309,1,
2720,2310,2310,1,
2721,2311,2311,1,
2722,2312,2312,1,
2723,2313,2313,1,
2724,2314,2314,1,
2725,2315,2315,1,
2726,2316,2316,1,
2727,2317,2317,1,
2728,2318,2318,1,
2729,2319,2319,1,
2730,2320,2320,1,
2731,2321,2321,1,
2732,2322,2322,1,
2733,2323,2323,1,
2734,2324,2324,1,
2735,2325,2325,1,
2736,2326,2326,1,
2737,2327,2327,1,
2738,2328,2328,1,
2739,2329,2329,1,
2740,2330,2330,1,
2741,2331,2331,1,
2742,2332,2332,1,
2743,2333,2333,1,
2744,2334,2334,1,
2745,2335,2335,1,
2746,2336,2336,1,
2747,2337,2337,1,
2748,2338,2338,1,
2749,2339,2339,1,
2750,2340,2340,1,
2751,2341,2341,1,
2752,2342,2342,1,
2753,2343,2343,1,
2754,2344,2344,1,
2755,2345,2345,1,
2756,2346,2346,1,
2757,2347,2347,1,
2758,2348,2348,1,
2759,2349,2349,1,
2760,2350,2350,1,
2761,2351,2351,1,
2762,2352,2352,1,
2763,2353,2353,1,
2764,2354,2354,1,
2765,2355,2355,1,
2766,2356,2356,1,
2767,2357,2357,1,
2768,2358,2358,1,
2769,2359,2359,1,
2770,2360,2360,1,
2771,2361,2361,1,
2772,2362,2362,1,
2773,2363,2363,1,
2774,2364,2364,1,
2775,2365,2365,1,
2776,2366,2366,1,
2777,2367,2367,1,
2778,2367,2367,0,
2779,2367,2367,0,
2780,2367,2367,0,
2781,2367,2367,0,
2782,2367,2367,0,
2783,2367,2367,0,
2784,2367,2367,0,
2785,2367,2367,0,
2786,2367,2367,0,
2787,2367,2367,0,
2788,2367,2367,0,
2789,2367,2367,0,
2790,2367,2367,0,
2791,2367,2367,0,
2792,2367,2367,0,
2793,2367,2367,0,
2794,2367,2367,0,
2795,2367,2367,0,
2796,2367,2367,0,
2797,2367,2367,0,
2798,2367,2367,0,
2799,2367,2367,0,
2800,2367,2367,0,
2801,2367,2367,0,
2802,2367,2367,0,
2803,2367,2367,0,
2804,2367,2367,0,
2805,2367,2367,0,
2806,2367,2367,0,
2807,2367,2367,0,
2808,2367,2367,0,
2809,2367,2367,0,
2810,2367,2367,0,
2811,2367,2367,0,
2812,2367,2367,0,
2813,2367,2367,0,
2814,2367,2367,0,
2815,2367,2367,0,
2816,2367,2367,0,
2817,2367,2367,0,
2818,2367,2367,0,
2819,2367,2367,0,
2820,2367,2367,0,
2821,2367,2367,0,
2822,2367,2367,0,
2823,2367,2367,0,
2824,2367,2367,0,
2825,2367,2367,0,
2826,2368,2368,1,
2827,2369,2369,1,
2828,2370,2370,1,
2829,2371,2371,1,
2830,2372,2372,1,
2831,2373,2373,1,
2832,2374,2374,1,
2833,2375,2375,1,
2834,2376,2376,1,
2835,2377,2377,1,
2836,2378,2378,1,
2837,2379,2379,1,
2838,2380,2380,1,
2839,2381,2381,1,
2840,2382,2382,1,
2841,2383,2383,1,
2842,2384,2384,1,
2843,2385,2385,1,
2844,2386,2386,1,
2845,2387,2387,1,
2846,2388,2388,1,
2847,2389,2389,1,
2848,2390,2390,1,
2849,2391,2391,1,
2850,2392,2392,1,
2851,2393,2393,1,
2852,2394,2394,1,
2853,2395,2395,1,
2854,2396,2396,1,
2855,2397,2397,1,
2856,2398,2398,1,
2857,2399,2399,1,
2858,2400,2400,1,
2859,2401,2401,1,
2860,2402,2402,1,
2861,2403,2403,1,
2862,2404,2404,1,
2863,2405,2405,1,
2864,2406,2406,1,
2865,2407,2407,1,
2866,2408,2408,1,
2867,2409,2409,1,
2868,2410,2410,1,
2869,2411,2411,1,
2870,2412,2412,1,
2871,2413,2413,1,
2872,2414,2414,1,
2873,2415,2415,1,
2874,2416,2416,1,
2875,2417,2417,1,
2876,2418,2418,1,
2877,2419,2419,1,
2878,2420,2420,1,
2879,2421,2421,1,
2880,2422,2422,1,
2881,2423,2423,1,
2882,2424,2424,1,
2883,2425,2425,1,
2884,2426,2426,1,
2885,2427,2427,1,
2886,2428,2428,1,
2887,2429,2429,1,
2888,2430,2430,1,
2889,2431,2431,1,
2890,2432,2432,1,
2891,2433,2433,1,
2892,2434,2434,1,
2893,2435,2435,1,
2894,2436,2436,1,
2895,2437,2437,1,
2896,2438,2438,1,
2897,2439,2439,1,
2898,2440,2440,1,
2899,2441,2441,1,
2900,2442,2442,1,
2901,2443,2443,1,
2902,2444,2444,1,
2903,2445,2445,1,
2904,2446,2446,1,
2905,2447,2447,1,
2906,2448,2448,1,
2907,2449,2449,1,
2908,2450,2450,1,
2909,2451,2451,1,
2910,2452,2452,1,
2911,2453,2453,1,
2912,2454,2454,1,
2913,2455,2455,1,
2914,2456,2456,1,
2915,2457,2457,1,
2916,2458,2458,1,
2917,2459,2459,1,
2918,2460,2460,1,
2919,2461,2461,1,
2920,2462,2462,1,
2921,2463,2463,1,
2922,2464,2464,1,
2923,2465,2465,1,
2924,2466,2466,1,
2925,2467,2467,1,
2926,2468,2468,1,
2927,2469,2469,1,
2928,2470,2470,1,
2929,2471,2471,1,
2930,2472,2472,1,
2931,2473,2473,1,
2932,2474,2474,1,
2933,2475,2475,1,
2934,2476,2476,1,
2935,2477,2477,1,
2936,2478,2478,1,
2937,2479,2479,1,
2938,2480,2480,1,
2939,2481,2481,1,
2940,2482,2482,1,
2941,2483,2483,1,
2942,2484,2484,1,
2943,2485,2485,1,
2944,2486,2486,1,
2945,2487,2487,1,
2946,2488,2488,1,
2947,2489,2489,1,
2948,2490,2490,1,
2949,2491,2491,1,
2950,2492,2492,1,
2951,2493,2493,1,
2952,2494,2494,1,
2953,2495,2495,1,
2954,2496,2496,1,
2955,2497,2497,1,
2956,2498,2498,1,
2957,2499,2499,1,
2958,2500,2500,1,
2959,2501,2501,1,
2960,2502,2502,1,
2961,2503,2503,1,
2962,2504,2504,1,
2963,2505,2505,1,
2964,2506,2506,1,
2965,2507,2507,1,
2966,2508,2508,1,
2967,2509,2509,1,
2968,2510,2510,1,
2969,2511,2511,1,
2970,2512,2512,1,
2971,2513,2513,1,
2972,2514,2514,1,
2973,2515,2515,1,
2974,2516,2516,1,
2975,2517,2517,1,
2976,2518,2518,1,
2977,2519,2519,1,
2978,2520,2520,1,
2979,2521,2521,1,
2980,2522,2522,1,
2981,2523,2523,1,
2982,2524,2524,1,
2983,2525,2525,1,
2984,2526,2526,1,
2985,2527,2527,1,
2986,2528,2528,1,
2987,2529,2529,1,
2988,2530,2530,1,
2989,2531,2531,1,
2990,2532,2532,1,
2991,2533,2533,1,
2992,2534,2534,1,
2993,2535,2535,1,
2994,2536,2536,1,
2995,2537,2537,1,
2996,2538,2538,1,
2997,2539,2539,1,
2998,2540,2540,1,
2999,2541,2541,1,
3000,2542,2542,1,
3001,2543,2543,1,
3002,2544,2544,1,
3003,2545,2545,1,
3004,2546,2546,1,
3005,2547,2547,1,
3006,2548,2548,1,
3007,2549,2549,1,
3008,2550,2550,1,
3009,2551,2551,1,
3010,2552,2552,1,
3011,2553,2553,1,
3012,2554,2554,1,
3013,2555,2555,1,
3014,2556,2556,1,
3015,2557,2557,1,
3016,2558,2558,1,
3017,2559,2559,1,
3018,2560,2560,1,
3019,2561,2561,1,
3020,2562,2562,1,
3021,2563,2563,1,
3022,2564,2564,1,
3023,2565,2565,1,
3024,2566,2566,1,
3025,2567,2567,1,
3026,2568,2568,1,
3027,2569,2569,1,
3028,2570,2570,1,
3029,2571,2571,1,
3030,2572,2572,1,
3031,2573,2573,1,
3032,2574,2574,1,
3033,2575,2575,1,
3034,2576,2576,1,
3035,2577,2577,1,
3036,2578,2578,1,
3037,2579,2579,1,
3038,2580,2580,1,
3039,2581,2581,1,
3040,2582,2582,1,
3041,2583,2583,1,
3042,2584,2584,1,
3043,2585,2585,1,
3044,2586,2586,1,
3045,2587,2587,1,
3046,2588,2588,1,
3047,2589,2589,1,
3048,2590,2590,1,
3049,2591,2591,1,
3050,2592,2592,1,
3051,2593,2593,1,
3052,2594,2594,1,
3053,2595,2595,1,
3054,2596,2596,1,
3055,2597,2597,1,
3056,2598,2598,1,
3057,2599,2599,1,
3058,2600,2600,1,
3059,2601,2601,1,
3060,2602,2602,1,
3061,2603,2603,1,
3062,2604,2604,1,
3063,2605,2605,1,
3064,2606,2606,1,
3065,2607,2607,1,
3066,2608,2608,1,
3067,2609,2609,1,
3068,2610,2610,1,
3069,2611,2611,1,
3070,2612,2612,1,
3071,2613,2613,1,
3072,2614,2614,1,
3073,2615,2615,1,
3074,2616,2616,1,
3075,2617,2617,1,
3076,2618,2618,1,
3077,2619,2619,1,
3078,2620,2620,1,
3079,2621,2621,1,
3080,2622,2622,1,
3081,2623,2623,1,
3082,2624,2624,1,
3083,2625,2625,1,
3084,2626,2626,1,
3085,2627,2627,1,
3086,2628,2628,1,
3087,2629,2629,1,
3088,2630,2630,1,
3089,2631,2631,1,
3090,2632,2632,1,
3091,2633,2633,1,
3092,2634,2634,1,
3093,2635,2635,1,
3094,2636,2636,1,
3095,2637,2637,1,
3096,2638,2638,1,
3097,2639,2639,1,
3098,2640,2640,1,
3099,2641,2641,1,
3100,2642,2642,1,
3101,2643,2643,1,
3102,2644,2644,1,
3103,2645,2645,1,
3104,2646,2646,1,
3105,2647,2647,1,
3106,2648,2648,1,
3107,2649,2649,1,
3108,2650,2650,1,
3109,2651,2651,1,
3110,2652,2652,1,
3111,2653,2653,1,
3112,2654,2654,1,
3113,2655,2655,1,
3114,2656,2656,1,
3115,2657,2657,1,
3116,2658,2658,1,
3117,2659,2659,1,
3118,2660,2660,1,
3119,2661,2661,1,
3120,2662,2662,1,
3121,2663,2663,1,
3122,2664,2664,1,
3123,2665,2665,1,
3124,2666,2666,1,
3125,2667,2667,1,
3126,2668,2668,1,
3127,2669,2669,1,
3128,2670,2670,1,
3129,2671,2671,1,
3130,2672,2672,1,
3131,2673,2673,1,
3132,2674,2674,1,
3133,2675,2675,1,
3134,2676,2676,1,
3135,2677,2677,1,
3136,2678,2678,1,
3137,2679,2679,1,
3138,2680,2680,1,
3139,2681,2681,1,
3140,2682,2682,1,
3141,2683,2683,1,
3142,2684,2684,1,
3143,2685,2685,1,
3144,2686,2686,1,
3145,2687,2687,1,
3146,2688,2688,1,
3147,2689,2689,1,
3148,2690,2690,1,
3149,2691,2691,1,
3150,2692,2692,1,
3151,2693,2693,1,
3152,2694,2694,1,
3153,2695,2695,1,
3154,2696,2696,1,
3155,2697,2697,1,
3156,2698,2698,1,
3157,2699,2699,1,
3158,2700,2700,1,
3159,2701,2701,1,
3160,2702,2702,1,
3161,2703,2703,1,
3162,2704,2704,1,
3163,2705,2705,1,
3164,2706,2706,1,
3165,2707,2707,1,
3166,2708,2708,1,
3167,2709,2709,1,
3168,2710,2710,1,
3169,2711,2711,1,
3170,2712,2712,1,
3171,2713,2713,1,
3172,2714,2714,1,
3173,2715,2715,1,
3174,2716,2716,1,
3175,2717,2717,1,
3176,2718,2718,1,
3177,2719,2719,1,
3178,2720,2720,1,
3179,2721,2721,1,
3180,2722,2722,1,
3181,2723,2723,1,
3182,2724,2724,1,
3183,2725,2725,1,
3184,2726,2726,1,
3185,2727,2727,1,
3186,2728,2728,1,
3187,2729,2729,1,
3188,2730,2730,1,
3189,2731,2731,1,
3190,2732,2732,1,
3191,2733,2733,1,
3192,2734,2734,1,
3193,2735,2735,1,
3194,2736,2736,1,
3195,2737,2737,1,
3196,2738,2738,1,
3197,2739,2739,1,
3198,2740,2740,1,
3199,2741,2741,1,
3200,2742,2742,1,
3201,2743,2743,1,
3202,2744,2744,1,
3203,2745,2745,1,
3204,2746,2746,1,
3205,2747,2747,1,
3206,2748,2748,1,
3207,2749,2749,1,
3208,2750,2750,1,
3209,2751,2751,1,
3210,2752,2752,1,
3211,2753,2753,1,
3212,2754,2754,1,
3213,2755,2755,1,
3214,2756,2756,1,
3215,2757,2757,1,
3216,2758,2758,1,
3217,2759,2759,1,
3218,2760,2760,1,
3219,2761,2761,1,
3220,2762,2762,1,
3221,2763,2763,1,
3222,2764,2764,1,
3223,2765,2765,1,
3224,2766,2766,1,
3225,2767,2767,1,
3226,2768,2768,1,
3227,2769,2769,1,
3228,2770,2770,1,
3229,2771,2771,1,
3230,2772,2772,1,
3231,2773,2773,1,
3232,2774,2774,1,
3233,2775,2775,1,
3234,2776,2776,1,
3235,2777,2777,1,
3236,2778,2778,1,
3237,2779,2779,1,
3238,2780,2780,1,
3239,2781,2781,1,
3240,2782,2782,1,
3241,2783,2783,1,
3242,2784,2784,1,
3243,2785,2785,1,
3244,2786,2786,1,
3245,2787,2787,1,
3246,2788,2788,1,
3247,2789,2789,1,
3248,2790,2790,1,
3249,2791,2791,1,
3250,2792,2792,1,
3251,2793,2793,1,
3252,2794,2794,1,
3253,2795,2795,1,
3254,2796,2796,1,
3255,2797,2797,1,
3256,2798,2798,1,
3257,2799,2799,1,
3258,2800,2800,1,
3259,2801,2801,1,
3260,2802,2802,1,
3261,2803,2803,1,
3262,2804,2804,1,
3263,2805,2805,1,
3264,2806,2806,1,
3265,2807,2807,1,
3266,2808,2808,1,
3267,2809,2809,1,
3268,2810,2810,1,
3269,2811,2811,1,
3270,2812,2812,1,
3271,2813,2813,1,
3272,2814,2814,1,
3273,2815,2815,1,
3274,2816,2816,1,
3275,2817,2817,1,
3276,2818,2818,1,
3277,2819,2819,1,
3278,2820,2820,1,
3279,2821,2821,1,
3280,2822,2822,1,
3281,2823,2823,1,
3282,2824,2824,1,
3283,2825,2825,1,
3284,2826,2826,1,
3285,2827,2827,1,
3286,2828,2828,1,
3287,2829,2829,1,
3288,2830,2830,1,
3289,2831,2831,1,
3290,2832,2832,1,
3291,2833,2833,1,
3292,2834,2834,1,
3293,2835,2835,1,
3294,2836,2836,1,
3295,2837,2837,1,
3296,2838,2838,1,
3297,2839,2839,1,
3298,2840,2840,1,
3299,2841,2841,1,
3300,2842,2842,1,
3301,2843,2843,1,
3302,2844,2844,1,
3303,2845,2845,1,
3304,2846,2846,1,
3305,2847,2847,1,
3306,2848,2848,1,
3307,2849,2849,1,
3308,2850,2850,1,
3309,2851,2851,1,
3310,2852,2852,1,
3311,2853,2853,1,
3312,2854,2854,1,
3313,2855,2855,1,
3314,2856,2856,1,
3315,2857,2857,1,
3316,2858,2858,1,
3317,2859,2859,1,
3318,2860,2860,1,
3319,2861,2861,1,
3320,2862,2862,1,
3321,2863,2863,1,
3322,2864,2864,1,
3323,2865,2865,1,
3324,2866,2866,1,
3325,2867,2867,1,
3326,2868,2868,1,
3327,2869,2869,1,
3328,2870,2870,1,
3329,2871,2871,1,
3330,2872,2872,1,
3331,2873,2873,1,
3332,2874,2874,1,
3333,2875,2875,1,
3334,2876,2876,1,
3335,2877,2877,1,
3336,2878,2878,1,
3337,2879,2879,1,
3338,2880,2880,1,
3339,2881,2881,1,
3340,2882,2882,1,
3341,2883,2883,1,
3342,2884,2884,1,
3343,2885,2885,1,
3344,2886,2886,1,
3345,2887,2887,1,
3346,2888,2888,1,
3347,2889,2889,1,
3348,2890,2890,1,
3349,2891,2891,1,
3350,2892,2892,1,
3351,2893,2893,1,
3352,2894,2894,1,
3353,2895,2895,1,
3354,2896,2896,1,
3355,2897,2897,1,
3356,2898,2898,1,
3357,2899,2899,1,
3358,2900,2900,1,
3359,2901,2901,1,
3360,2902,2902,1,
3361,2903,2903,1,
3362,2904,2904,1,
3363,2905,2905,1,
3364,2906,2906,1,
3365,2907,2907,1,
3366,2908,2908,1,
3367,2909,2909,1,
3368,2910,2910,1,
3369,2911,2911,1,
3370,2912,2912,1,
3371,2913,2913,1,
3372,2914,2914,1,
3373,2915,2915,1,
3374,2916,2916,1,
3375,2917,2917,1,
3376,2918,2918,1,
3377,2919,2919,1,
3378,2920,2920,1,
3379,2921,2921,1,
3380,2922,2922,1,
3381,2923,2923,1,
3382,2924,2924,1,
3383,2925,2925,1,
3384,2926,2926,1,
3385,2927,2927,1,
3386,2928,2928,1,
3387,2929,2929,1,
3388,2930,2930,1,
3389,2931,2931,1,
3390,2932,2932,1,
3391,2933,2933,1,
3392,2934,2934,1,
3393,2935,2935,1,
3394,2936,2936,1,
3395,2937,2937,1,
3396,2938,2938,1,
3397,2939,2939,1,
3398,2940,2940,1,
3399,2941,2941,1,
3400,2942,2942,1,
3401,2943,2943,1,
3402,2944,2944,1,
3403,2945,2945,1,
3404,2946,2946,1,
3405,2947,2947,1,
3406,2948,2948,1,
3407,2949,2949,1,
3408,2950,2950,1,
3409,2951,2951,1,
3410,2952,2952,1,
3411,2953,2953,1,
3412,2954,2954,1,
3413,2955,2955,1,
3414,2956,2956,1,
3415,2957,2957,1,
3416,2958,2958,1,
3417,2959,2959,1,
3418,2960,2960,1,
3419,2961,2961,1,
3420,2962,2962,1,
3421,2963,2963,1,
3422,2964,2964,1,
3423,2965,2965,1,
3424,2966,2966,1,
3425,2967,2967,1,
3426,2968,2968,1,
3427,2969,2969,1,
3428,2970,2970,1,
3429,2971,2971,1,
3430,2972,2972,1,
3431,2973,2973,1,
3432,2974,2974,1,
3433,2975,2975,1,
3434,2976,2976,1,
3435,2977,2977,1,
3436,2978,2978,1,
3437,2979,2979,1,
3438,2980,2980,1,
3439,2981,2981,1,
3440,2982,2982,1,
3441,2983,2983,1,
3442,2984,2984,1,
3443,2985,2985,1,
3444,2986,2986,1,
3445,2987,2987,1,
3446,2988,2988,1,
3447,2989,2989,1,
3448,2990,2990,1,
3449,2991,2991,1,
3450,2992,2992,1,
3451,2993,2993,1,
3452,2994,2994,1,
3453,2995,2995,1,
3454,2996,2996,1,
3455,2997,2997,1,
3456,2998,2998,1,
3457,2999,2999,1,
3458,3000,3000,1,
3459,3001,3001,1,
3460,3002,3002,1,
3461,3003,3003,1,
3462,3004,3004,1,
3463,3005,3005,1,
3464,3006,3006,1,
3465,3007,3007,1,
3466,3008,3008,1,
3467,3009,3009,1,
3468,3010,3010,1,
3469,3011,3011,1,
3470,3012,3012,1,
3471,3013,3013,1,
3472,3014,3014,1,
3473,3015,3015,1,
3474,3016,3016,1,
3475,3017,3017,1,
3476,3018,3018,1,
3477,3019,3019,1,
3478,3020,3020,1,
3479,3021,3021,1,
3480,3022,3022,1,
3481,3023,3023,1,
3482,3024,3024,1,
3483,3025,3025,1,
3484,3026,3026,1,
3485,3027,3027,1,
3486,3027,3027,0,
3487,3028,3028,1,
3488,3029,3029,1,
3489,3030,3030,1,
3490,3031,3031,1,
3491,3032,3032,1,
3492,3033,3033,1,
3493,3034,3034,1,
3494,3035,3035,1,
3495,3036,3036,1,
3496,3037,3037,1,
3497,3038,3038,1,
3498,3039,3039,1,
3499,3040,3040,1,
3500,3041,3041,1,
3501,3042,3042,1,
3502,3043,3043,1,
3503,3044,3044,1,
3504,3045,3045,1,
3505,3045,3045,0,
3506,3045,3045,0,
3507,3045,3045,0,
3508,3045,3045,0,
3509,3045,3045,0,
3510,3045,3045,0,
3511,3045,3045,0,
3512,3045,3045,0,
3513,3045,3045,0,
3514,3045,3045,0,
3515,3045,3045,0,
3516,3045,3045,0,
3517,3045,3045,0,
3518,3045,3045,0,
3519,3045,3045,0,
3520,3045,3045,0,
3521,3045,3045,0,
3522,3045,3045,0,
3523,3045,3045,0,
3524,3045,3045,0,
3525,3045,3045,0,
3526,3045,3045,0,
3527,3045,3045,0,
3528,3045,3045,0,
3529,3045,3045,0,
3530,3045,3045,0,
3531,3045,3045,0,
3532,3045,3045,0,
3533,3045,3045,0,
3534,3045,3045,0,
3535,3045,3045,0,
3536,3045,3045,0,
3537,3045,3045,0,
3538,3045,3045,0,
3539,3045,3045,0,
3540,3045,3045,0,
3541,3045,3045,0,
3542,3045,3045,0,
3543,3045,3045,0,
3544,3045,3045,0,
3545,3045,3045,0,
3546,3045,3045,0,
3547,3045,3045,0,
3548,3045,3045,0,
3549,3045,3045,0,
3550,3045,3045,0,
3551,3045,3045,0,
3552,3045,3045,0,
3553,3045,3045,0,
3554,3045,3045,0,
3555,3045,3045,0,
3556,3045,3045,0,
3557,3045,3045,0,
3558,3045,3045,0,
3559,3045,3045,0,
3560,3045,3045,0,
3561,3045,3045,0,
3562,3045,3045,0,
3563,3045,3045,0,
3564,3045,3045,0,
3565,3045,3045,0,
3566,3045,3045,0,
3567,3045,3045,0,
3568,3045,3045,0,
3569,3045,3045,0,
3570,3045,3045,0,
3571,3045,3045,0,
3572,3045,3045,0,
3573,3045,3045,0,
3574,3045,3045,0,
3575,3045,3045,0,
3576,3045,3045,0,
3577,3045,3045,0,
3578,3045,3045,0,
3579,3045,3045,0,
3580,3045,3045,0,
3581,3045,3045,0,
3582,3045,3045,0,
3583,3045,3045,0,
3584,3045,3045,0,
3585,3045,3045,0,
3586,3045,3045,0,
3587,3045,3045,0,
3588,3045,3045,0,
3589,3045,3045,0,
3590,3045,3045,0,
3591,3045,3045,0,
3592,3045,3045,0,
3593,3045,3045,0,
3594,3045,3045,0,
3595,3045,3045,0,
3596,3045,3045,0,
3597,3045,3045,0,
3598,3045,3045,0,
3599,3045,3045,0,
3600,3045,3045,0,
3601,3045,3045,0,
3602,3045,3045,0,
3603,3045,3045,0,
3604,3045,3045,0,
3605,3045,3045,0,
3606,3045,3045,0,
3607,3045,3045,0,
3608,3045,3045,0,
3609,3045,3045,0,
3610,3045,3045,0,
3611,3045,3045,0,
3612,3045,3045,0,
3613,3045,3045,0,
3614,3045,3045,0,
3615,3045,3045,0,
3616,3045,3045,0,
3617,3045,3045,0,
3618,3045,3045,0,
3619,3045,3045,0,
3620,3045,3045,0,
3621,3045,3045,0,
3622,3045,3045,0,
3623,3045,3045,0,
3624,3045,3045,0,
3625,3045,3045,0,
3626,3045,3045,0,
3627,3045,3045,0,
3628,3045,3045,0,
3629,3045,3045,0,
3630,3045,3045,0,
3631,3045,3045,0,
3632,3045,3045,0,
3633,3046,3046,1,
3634,3047,3047,1,
3635,3048,3048,1,
3636,3048,3048,0,
3637,3049,3049,1,
3638,3050,3050,1,
3639,3051,3051,1,
3640,3052,3052,1,
3641,3053,3053,1,
3642,3054,3054,1,
3643,3055,3055,1,
3644,3056,3056,1,
3645,3057,3057,1,
3646,3058,3058,1,
3647,3059,3059,1,
3648,3060,3060,1,
3649,3061,3061,1,
3650,3062,3062,1,
3651,3063,3063,1,
3652,3064,3064,1,
3653,3065,3065,1,
3654,3066,3066,1,
3655,3067,3067,1,
3656,3068,3068,1,
3657,3069,3069,1,
3658,3070,3070,1,
3659,3071,3071,1,
3660,3072,3072,1,
3661,3073,3073,1,
3662,3074,3074,1,
3663,3075,3075,1,
3664,3076,3076,1,
3665,3077,3077,1,
3666,3078,3078,1,
3667,3079,3079,1,
3668,3080,3080,1,
3669,3081,3081,1,
3670,3082,3082,1,
3671,3083,3083,1,
3672,3084,3084,1,
3673,3085,3085,1,
3674,3086,3086,1,
3675,3087,3087,1,
3676,3088,3088,1,
3677,3089,3089,1,
3678,3090,3090,1,
3679,3091,3091,1,
3680,3092,3092,1,
3681,3093,3093,1,
3682,3094,3094,1,
3683,3095,3095,1,
3684,3096,3096,1,
3685,3097,3097,1,
3686,3098,3098,1,
3687,3099,3099,1,
3688,3100,3100,1,
3689,3101,3101,1,
3690,3102,3102,1,
3691,3103,3103,1,
3692,3104,3104,1,
3693,3105,3105,1,
3694,3106,3106,1,
3695,3107,3107,1,
3696,3108,3108,1,
3697,3109,3109,1,
3698,3110,3110,1,
3699,3111,3111,1,
3700,3112,3112,1,
3701,3113,3113,1,
3702,3114,3114,1,
3703,3115,3115,1,
3704,3116,3116,1,
3705,3117,3117,1,
3706,3118,3118,1,
3707,3119,3119,1,
3708,3120,3120,1,
3709,3121,3121,1,
3710,3122,3122,1,
3711,3123,3123,1,
3712,3124,3124,1,
3713,3125,3125,1,
3714,3126,3126,1,
3715,3127,3127,1,
3716,3128,3128,1,
3717,3129,3129,1,
3718,3130,3130,1,
3719,3131,3131,1,
3720,3132,3132,1,
3721,3133,3133,1,
3722,3134,3134,1,
3723,3135,3135,1,
3724,3136,3136,1,
3725,3137,3137,1,
3726,3138,3138,1,
3727,3139,3139,1,
3728,3140,3140,1,
3729,3141,3141,1,
3730,3142,3142,1,
3731,3143,3143,1,
3732,3144,3144,1,
3733,3145,3145,1,
3734,3146,3146,1,
3735,3147,3147,1,
3736,3148,3148,1,
3737,3149,3149,1,
3738,3150,3150,1,
3739,3151,3151,1,
3740,3152,3152,1,
3741,3153,3153,1,
3742,3154,3154,1,
3743,3155,3155,1,
3744,3156,3156,1,
3745,3157,3157,1,
3746,3158,3158,1,
3747,3159,3159,1,
3748,3160,3160,1,
3749,3161,3161,1,
3750,3162,3162,1,
3751,3163,3163,1,
3752,3164,3164,1,
3753,3165,3165,1,
3754,3166,3166,1,
3755,3167,3167,1,
3756,3168,3168,1,
3757,3169,3169,1,
3758,3170,3170,1,
3759,3171,3171,1,
3760,3172,3172,1,
3761,3173,3173,1,
3762,3174,3174,1,
3763,3175,3175,1,
3764,3176,3176,1,
3765,3177,3177,1,
3766,3178,3178,1,
3767,3179,3179,1,
3768,3180,3180,1,
3769,3181,3181,1,
3770,3182,3182,1,
3771,3183,3183,1,
3772,3184,3184,1,
3773,3185,3185,1,
3774,3186,3186,1,
3775,3187,3187,1,
3776,3188,3188,1,
3777,3189,3189,1,
3778,3190,3190,1,
3779,3191,3191,1,
3780,3192,3192,1,
3781,3193,3193,1,
3782,3194,3194,1,
3783,3195,3195,1,
3784,3196,3196,1,
3785,3197,3197,1,
3786,3198,3198,1,
3787,3199,3199,1,
3788,3200,3200,1,
3789,3201,3201,1,
3790,3202,3202,1,
3791,3203,3203,1,
3792,3204,3204,1,
3793,3205,3205,1,
3794,3206,3206,1,
3795,3207,3207,1,
3796,3208,3208,1,
3797,3209,3209,1,
3798,3210,3210,1,
3799,3211,3211,1,
3800,3212,3212,1,
3801,3213,3213,1,
3802,3214,3214,1,
3803,3215,3215,1,
3804,3216,3216,1,
3805,3217,3217,1,
3806,3218,3218,1,
3807,3219,3219,1,
3808,3220,3220,1,
3809,3221,3221,1,
3810,3222,3222,1,
3811,3223,3223,1,
3812,3224,3224,1,
3813,3225,3225,1,
3814,3226,3226,1,
3815,3227,3227,1,
3816,3228,3228,1,
3817,3229,3229,1,
3818,3230,3230,1,
3819,3231,3231,1,
3820,3232,3232,1,
3821,3233,3233,1,
3822,3234,3234,1,
3823,3234,3234,0,
3824,3234,3234,0,
3825,3234,3234,0,
3826,3234,3234,0,
3827,3234,3234,0,
3828,3234,3234,0,
3829,3234,3234,0,
3830,3234,3234,0,
3831,3234,3234,0,
3832,3234,3234,0,
3833,3234,3234,0,
3834,3234,3234,0,
3835,3234,3234,0,
3836,3234,3234,0,
3837,3234,3234,0,
3838,3235,3235,1,
3839,3236,3236,1,
3840,3237,3237,1,
3841,3237,3237,0,
3842,3237,3237,0,
3843,3238,3238,1,
3844,3239,3239,1,
3845,3240,3240,1,
3846,3241,3241,1,
3847,3242,3242,1,
3848,3243,3243,1,
3849,3244,3244,1,
3850,3245,3245,1,
3851,3246,3246,1,
3852,3247,3247,1,
3853,3248,3248,1,
3854,3249,3249,1,
3855,3250,3250,1,
3856,3251,3251,1,
3857,3252,3252,1,
3858,3253,3253,1,
3859,3254,3254,1,
3860,3255,3255,1,
3861,3256,3256,1,
3862,3257,3257,1,
3863,3258,3258,1,
3864,3259,3259,1,
3865,3260,3260,1,
3866,3261,3261,1,
3867,3262,3262,1,
3868,3263,3263,1,
3869,3264,3264,1,
3870,3265,3265,1,
3871,3266,3266,1,
3872,3267,3267,1,
3873,3268,3268,1,
3874,3269,3269,1,
3875,3270,3270,1,
3876,3271,3271,1,
3877,3272,3272,1,
3878,3273,3273,1,
3879,3274,3274,1,
3880,3275,3275,1,
3881,3276,3276,1,
3882,3277,3277,1,
3883,3278,3278,1,
3884,3279,3279,1,
3885,3280,3280,1,
3886,3281,3281,1,
3887,3282,3282,1,
3888,3283,3283,1,
3889,3284,3284,1,
3890,3285,3285,1,
3891,3286,3286,1,
3892,3287,3287,1,
3893,3288,3288,1,
3894,3289,3289,1,
3895,3290,3290,1,
3896,3291,3291,1,
3897,3292,3292,1,
3898,3293,3293,1,
3899,3294,3294,1,
3900,3295,3295,1,
3901,3296,3296,1,
3902,3297,3297,1,
3903,3298,3298,1,
3904,3299,3299,1,
3905,3300,3300,1,
3906,3301,3301,1,
3907,3302,3302,1,
3908,3303,3303,1,
3909,3304,3304,1,
3910,3305,3305,1,
3911,3306,3306,1,
3912,3307,3307,1,
3913,3308,3308,1,
3914,3309,3309,1,
3915,3310,3310,1,
3916,3311,3311,1,
3917,3312,3312,1,
3918,3313,3313,1,
3919,3314,3314,1,
3920,3315,3315,1,
3921,3316,3316,1,
3922,3317,3317,1,
3923,3318,3318,1,
3924,3319,3319,1,
3925,3320,3320,1,
3926,3321,3321,1,
3927,3322,3322,1,
3928,3323,3323,1,
3929,3324,3324,1,
3930,3325,3325,1,
3931,3326,3326,1,
3932,3327,3327,1,
3933,3328,3328,1,
3934,3329,3329,1,
3935,3330,3330,1,
3936,3331,3331,1,
3937,3332,3332,1,
3938,3333,3333,1,
3939,3334,3334,1,
3940,3335,3335,1,
3941,3336,3336,1,
3942,3337,3337,1,
3943,3338,3338,1,
3944,3339,3339,1,
3945,3340,3340,1,
3946,3341,3341,1,
3947,3342,3342,1,
3948,3343,3343,1,
3949,3344,3344,1,
3950,3345,3345,1,
3951,3346,3346,1,
3952,3347,3347,1,
3953,3348,3348,1,
3954,3349,3349,1,
3955,3350,3350,1,
3956,3351,3351,1,
3957,3352,3352,1,
3958,3353,3353,1,
3959,3354,3354,1,
3960,3355,3355,1,
3961,3356,3356,1,
3962,3357,3357,1,
3963,3358,3358,1,
3964,3359,3359,1,
3965,3360,3360,1,
3966,3361,3361,1,
3967,3362,3362,1,
3968,3363,3363,1,
3969,3364,3364,1,
3970,3365,3365,1,
3971,3366,3366,1,
3972,3367,3367,1,
3973,3368,3368,1,
3974,3369,3369,1,
3975,3370,3370,1,
3976,3371,3371,1,
3977,3372,3372,1,
3978,3373,3373,1,
3979,3374,3374,1,
3980,3375,3375,1,
3981,3376,3376,1,
3982,3377,3377,1,
3983,3378,3378,1,
3984,3379,3379,1,
3985,3380,3380,1,
3986,3381,3381,1,
3987,3382,3382,1,
3988,3383,3383,1,
3989,3384,3384,1,
3990,3385,3385,1,
3991,3386,3386,1,
3992,3387,3387,1,
3993,3388,3388,1,
3994,3389,3389,1,
3995,3390,3390,1,
3996,3391,3391,1,
3997,3392,3392,1,
3998,3393,3393,1,
3999,3394,3394,1,
4000,3395,3395,1,
4001,3396,3396,1,
4002,3397,3397,1,
4003,3398,3398,1,
4004,3399,3399,1,
4005,3400,3400,1,
4006,3401,3401,1,
4007,3402,3402,1,
4008,3403,3403,1,
4009,3404,3404,1,
4010,3405,3405,1,
4011,3406,3406,1,
4012,3407,3407,1,
4013,3408,3408,1,
4014,3409,3409,1,
4015,3410,3410,1,
4016,3411,3411,1,
4017,3412,3412,1,
4018,3413,3413,1,
4019,3414,3414,1,
4020,3415,3415,1,
4021,3416,3416,1,
4022,3417,3417,1,
4023,3418,3418,1,
4024,3419,3419,1,
4025,3420,3420,1,
4026,3421,3421,1,
4027,3422,3422,1,
4028,3423,3423,1,
4029,3424,3424,1,
4030,3425,3425,1,
4031,3426,3426,1,
4032,3427,3427,1,
4033,3428,3428,1,
4034,3429,3429,1,
4035,3430,3430,1,
4036,3431,3431,1,
4037,3432,3432,1,
4038,3433,3433,1,
4039,3434,3434,1,
4040,3435,3435,1,
4041,3436,3436,1,
4042,3437,3437,1,
4043,3438,3438,1,
4044,3439,3439,1,
4045,3440,3440,1,
4046,3441,3441,1,
4047,3442,3442,1,
4048,3443,3443,1,
4049,3444,3444,1,
4050,3445,3445,1,
4051,3446,3446,1,
4052,3447,3447,1,
4053,3448,3448,1,
4054,3449,3449,1,
4055,3450,3450,1,
4056,3451,3451,1,
4057,3452,3452,1,
4058,3453,3453,1,
4059,3454,3454,1,
4060,3455,3455,1,
4061,3456,3456,1,
4062,3457,3457,1,
4063,3458,3458,1,
4064,3459,3459,1,
4065,3460,3460,1,
4066,3461,3461,1,
4067,3462,3462,1,
4068,3463,3463,1,
4069,3464,3464,1,
4070,3465,3465,1,
4071,3466,3466,1,
4072,3467,3467,1,
4073,3468,3468,1,
4074,3469,3469,1,
4075,3470,3470,1,
4076,3471,3471,1,
4077,3472,3472,1,
4078,3473,3473,1,
4079,3474,3474,1,
4080,3475,3475,1,
4081,3476,3476,1,
4082,3477,3477,1,
4083,3478,3478,1,
4084,3479,3479,1,
4085,3480,3480,1,
4086,3481,3481,1,
4087,3482,3482,1,
4088,3483,3483,1,
4089,3484,3484,1,
4090,3485,3485,1,
4091,3486,3486,1,
4092,3487,3487,1,
4093,3488,3488,1,
4094,3489,3489,1,
4095,3490,3490,1,
4096,3491,3491,1,
4097,3492,3492,1,
4098,3493,3493,1,
4099,3494,3494,1,
4100,3495,3495,1,
4101,3496,3496,1,
4102,3497,3497,1,
4103,3498,3498,1,
4104,3499,3499,1,
4105,3500,3500,1,
4106,3501,3501,1,
4107,3502,3502,1,
4108,3503,3503,1,
4109,3504,3504,1,
4110,3505,3505,1,
4111,3506,3506,1,
4112,3507,3507,1,
4113,3508,3508,1,
4114,3509,3509,1,
4115,3510,3510,1,
4116,3511,3511,1,
4117,3512,3512,1,
4118,3513,3513,1,
4119,3514,3514,1,
4120,3515,3515,1,
4121,3516,3516,1,
4122,3517,3517,1,
4123,3518,3518,1,
4124,3519,3519,1,
4125,3520,3520,1,
4126,3521,3521,1,
4127,3522,3522,1,
4128,3523,3523,1,
4129,3524,3524,1,
4130,3525,3525,1,
4131,3526,3526,1,
4132,3527,3527,1,
4133,3528,3528,1,
4134,3529,3529,1,
4135,3530,3530,1,
4136,3531,3531,1,
4137,3532,3532,1,
4138,3533,3533,1,
4139,3534,3534,1,
4140,3535,3535,1,
4141,3536,3536,1,
4142,3537,3537,1,
4143,3538,3538,1,
4144,3539,3539,1,
4145,3540,3540,1,
4146,3541,3541,1,
4147,3542,3542,1,
4148,3543,3543,1,
4149,3544,3544,1,
4150,3545,3545,1,
4151,3546,3546,1,
4152,3547,3547,1,
4153,3548,3548,1,
4154,3549,3549,1,
4155,3550,3550,1,
4156,3551,3551,1,
4157,3552,3552,1,
4158,3553,3553,1,
4159,3554,3554,1,
4160,3555,3555,1,
4161,3556,3556,1,
4162,3557,3557,1,
4163,3558,3558,1,
4164,3559,3559,1,
4165,3560,3560,1,
4166,3561,3561,1,
4167,3562,3562,1,
4168,3563,3563,1,
4169,3564,3564,1,
4170,3565,3565,1,
4171,3566,3566,1,
4172,3567,3567,1,
4173,3568,3568,1,
4174,3569,3569,1,
4175,3570,3570,1,
4176,3571,3571,1,
4177,3572,3572,1,
4178,3573,3573,1,
4179,3574,3574,1,
4180,3575,3575,1,
4181,3576,3576,1,
4182,3577,3577,1,
4183,3578,3578,1,
4184,3579,3579,1,
4185,3580,3580,1,
4186,3581,3581,1,
4187,3582,3582,1,
4188,3583,3583,1,
4189,3584,3584,1,
4190,3585,3585,1,
4191,3586,3586,1,
4192,3587,3587,1,
4193,3588,3588,1,
4194,3589,3589,1,
4195,3590,3590,1,
4196,3591,3591,1,
4197,3592,3592,1,
4198,3593,3593,1,
4199,3594,3594,1,
4200,3595,3595,1,
4201,3596,3596,1,
4202,3597,3597,1,
4203,3598,3598,1,
4204,3599,3599,1,
4205,3600,3600,1,
4206,3601,3601,1,
4207,3602,3602,1,
4208,3603,3603,1,
4209,3604,3604,1,
4210,3604,3604,0,
4211,3604,3604,0,
4212,3604,3604,0,
4213,3604,3604,0,
4214,3604,3604,0,
4215,3604,3604,0,
4216,3604,3604,0,
4217,3604,3604,0,
4218,3604,3604,0,
4219,3604,3604,0,
4220,3604,3604,0,
4221,3604,3604,0,
4222,3604,3604,0,
4223,3604,3604,0,
4224,3604,3604,0,
4225,3604,3604,0,
4226,3604,3604,0,
4227,3604,3604,0,
4228,3604,3604,0,
4229,3604,3604,0,
4230,3604,3604,0,
4231,3604,3604,0,
4232,3604,3604,0,
4233,3604,3604,0,
4234,3604,3604,0,
4235,3604,3604,0,
4236,3604,3604,0,
4237,3604,3604,0,
4238,3604,3604,0,
4239,3604,3604,0,
4240,3604,3604,0,
4241,3604,3604,0,
4242,3604,3604,0,
4243,3604,3604,0,
4244,3604,3604,0,
4245,3604,3604,0,
4246,3604,3604,0,
4247,3604,3604,0,
4248,3604,3604,0,
4249,3604,3604,0,
4250,3604,3604,0,
4251,3604,3604,0,
4252,3604,3604,0,
4253,3604,3604,0,
4254,3604,3604,0,
4255,3604,3604,0,
4256,3604,3604,0,
4257,3604,3604,0,
4258,3604,3604,0,
4259,3604,3604,0,
4260,3604,3604,0,
4261,3604,3604,0,
4262,3604,3604,0,
4263,3604,3604,0,
4264,3604,3604,0,
4265,3604,3604,0,
4266,3604,3604,0,
4267,3604,3604,0,
4268,3604,3604,0,
4269,3604,3604,0,
4270,3604,3604,0,
4271,3604,3604,0,
4272,3604,3604,0,
4273,3604,3604,0,
4274,3604,3604,0,
4275,3604,3604,0,
4276,3604,3604,0,
4277,3604,3604,0,
4278,3604,3604,0,
4279,3604,3604,0,
4280,3604,3604,0,
4281,3604,3604,0,
4282,3604,3604,0,
4283,3604,3604,0,
4284,3604,3604,0,
4285,3604,3604,0,
4286,3604,3604,0,
4287,3604,3604,0,
4288,3604,3604,0,
4289,3605,3605,1,
4290,3606,3606,1,
4291,3607,3607,1,
4292,3608,3608,1,
4293,3609,3609,1,
4294,3610,3610,1,
4295,3611,3611,1,
4296,3612,3612,1,
4297,3613,3613,1,
4298,3614,3614,1,
4299,3615,3615,1,
4300,3616,3616,1,
4301,3617,3617,1,
4302,3618,3618,1,
4303,3619,3619,1,
4304,3620,3620,1,
4305,3621,3621,1,
4306,3622,3622,1,
4307,3623,3623,1,
4308,3624,3624,1,
4309,3625,3625,1,
4310,3626,3626,1,
4311,3627,3627,1,
4312,3628,3628,1,
4313,3629,3629,1,
4314,3630,3630,1,
4315,3631,3631,1,
4316,3632,3632,1,
4317,3633,3633,1,
4318,3634,3634,1,
4319,3635,3635,1,
4320,3636,3636,1,
4321,3637,3637,1,
4322,3638,3638,1,
4323,3639,3639,1,
4324,3640,3640,1,
4325,3641,3641,1,
4326,3642,3642,1,
4327,3643,3643,1,
4328,3644,3644,1,
4329,3645,3645,1,
4330,3646,3646,1,
4331,3647,3647,1,
4332,3648,3648,1,
4333,3649,3649,1,
4334,3650,3650,1,
4335,3651,3651,1,
4336,3652,3652,1,
4337,3653,3653,1,
4338,3654,3654,1,
4339,3655,3655,1,
4340,3656,3656,1,
4341,3657,3657,1,
4342,3658,3658,1,
4343,3659,3659,1,
4344,3660,3660,1,
4345,3661,3661,1,
4346,3662,3662,1,
4347,3663,3663,1,
4348,3664,3664,1,
4349,3665,3665,1,
4350,3666,3666,1,
4351,3667,3667,1,
4352,3668,3668,1,
4353,3669,3669,1,
4354,3670,3670,1,
4355,3671,3671,1,
4356,3672,3672,1,
4357,3673,3673,1,
4358,3674,3674,1,
4359,3675,3675,1,
4360,3676,3676,1,
4361,3677,3677,1,
4362,3678,3678,1,
4363,3679,3679,1,
4364,3680,3680,1,
4365,3681,3681,1,
4366,3682,3682,1,
4367,3683,3683,1,
4368,3684,3684,1,
4369,3685,3685,1,
4370,3686,3686,1,
4371,3687,3687,1,
4372,3688,3688,1,
4373,3689,3689,1,
4374,3690,3690,1,
4375,3691,3691,1,
4376,3692,3692,1,
4377,3693,3693,1,
4378,3694,3694,1,
4379,3695,3695,1,
4380,3696,3696,1,
4381,3697,3697,1,
4382,3698,3698,1,
4383,3699,3699,1,
4384,3700,3700,1,
4385,3701,3701,1,
4386,3702,3702,1,
4387,3703,3703,1,
4388,3704,3704,1,
4389,3705,3705,1,
4390,3706,3706,1,
4391,3707,3707,1,
4392,3708,3708,1,
4393,3709,3709,1,
4394,3710,3710,1,
4395,3711,3711,1,
4396,3712,3712,1,
4397,3713,3713,1,
4398,3714,3714,1,
4399,3715,3715,1,
4400,3716,3716,1,
4401,3717,3717,1,
4402,3718,3718,1,
4403,3719,3719,1,
4404,3720,3720,1,
4405,3721,3721,1,
4406,3722,3722,1,
4407,3723,3723,1,
4408,3724,3724,1,
4409,3725,3725,1,
4410,3726,3726,1,
4411,3727,3727,1,
4412,3728,3728,1,
4413,3729,3729,1,
4414,3730,3730,1,
4415,3731,3731,1,
4416,3732,3732,1,
4417,3733,3733,1,
4418,3734,3734,1,
4419,3735,3735,1,
4420,3736,3736,1,
4421,3737,3737,1,
4422,3738,3738,1,
4423,3739,3739,1,
4424,3740,3740,1,
4425,3741,3741,1,
4426,3742,3742,1,
4427,3743,3743,1,
4428,3744,3744,1,
4429,3745,3745,1,
4430,3746,3746,1,
4431,3747,3747,1,
4432,3748,3748,1,
4433,3749,3749,1,
4434,3750,3750,1,
4435,3751,3751,1,
4436,3752,3752,1,
4437,3753,3753,1,
4438,3754,3754,1,
4439,3755,3755,1,
4440,3756,3756,1,
4441,3757,3757,1,
4442,3758,3758,1,
4443,3759,3759,1,
4444,3760,3760,1,
4445,3761,3761,1,
4446,3762,3762,1,
4447,3763,3763,1,
4448,3764,3764,1,
4449,3765,3765,1,
4450,3766,3766,1,
4451,3767,3767,1,
4452,3768,3768,1,
4453,3769,3769,1,
4454,3770,3770,1,
4455,3771,3771,1,
4456,3772,3772,1,
4457,3773,3773,1,
4458,3774,3774,1,
4459,3775,3775,1,
4460,3776,3776,1,
4461,3777,3777,1,
4462,3778,3778,1,
4463,3779,3779,1,
4464,3780,3780,1,
4465,3781,3781,1,
4466,3782,3782,1,
4467,3783,3783,1,
4468,3784,3784,1,
4469,3785,3785,1,
4470,3786,3786,1,
4471,3787,3787,1,
4472,3788,3788,1,
4473,3789,3789,1,
4474,3790,3790,1,
4475,3791,3791,1,
4476,3792,3792,1,
4477,3793,3793,1,
4478,3794,3794,1,
4479,3795,3795,1,
4480,3796,3796,1,
4481,3797,3797,1,
4482,3798,3798,1,
4483,3799,3799,1,
4484,3800,3800,1,
4485,3801,3801,1,
4486,3802,3802,1,
4487,3803,3803,1,
4488,3804,3804,1,
4489,3805,3805,1,
4490,3806,3806,1,
4491,3807,3807,1,
4492,3808,3808,1,
4493,3809,3809,1,
4494,3810,3810,1,
4495,3811,3811,1,
4496,3812,3812,1,
4497,3813,3813,1,
4498,3814,3814,1,
4499,3815,3815,1,
4500,3816,3816,1,
4501,3817,3817,1,
4502,3818,3818,1,
4503,3819,3819,1,
4504,3820,3820,1,
4505,3821,3821,1,
4506,3822,3822,1,
4507,3823,3823,1,
4508,3824,3824,1,
4509,3825,3825,1,
4510,3826,3826,1,
4511,3827,3827,1,
4512,3828,3828,1,
4513,3829,3829,1,
4514,3830,3830,1,
4515,3831,3831,1,
4516,3832,3832,1,
4517,3833,3833,1,
4518,3834,3834,1,
4519,3835,3835,1,
4520,3836,3836,1,
4521,3837,3837,1,
4522,3838,3838,1,
4523,3839,3839,1,
4524,3840,3840,1,
4525,3841,3841,1,
4526,3842,3842,1,
4527,3843,3843,1,
4528,3844,3844,1,
4529,3845,3845,1,
4530,3846,3846,1,
4531,3847,3847,1,
4532,3848,3848,1,
4533,3849,3849,1,
4534,3850,3850,1,
4535,3851,3851,1,
4536,3852,3852,1,
4537,3853,3853,1,
4538,3854,3854,1,
4539,3855,3855,1,
4540,3856,3856,1,
4541,3857,3857,1,
4542,3858,3858,1,
4543,3859,3859,1,
4544,3860,3860,1,
4545,3861,3861,1,
4546,3862,3862,1,
4547,3863,3863,1,
4548,3864,3864,1,
4549,3865,3865,1,
4550,3866,3866,1,
4551,3867,3867,1,
4552,3868,3868,1,
4553,3869,3869,1,
4554,3870,3870,1,
4555,3871,3871,1,
4556,3872,3872,1,
4557,3873,3873,1,
4558,3874,3874,1,
4559,3875,3875,1,
4560,3876,3876,1,
4561,3877,3877,1,
4562,3878,3878,1,
4563,3879,3879,1,
4564,3880,3880,1,
4565,3881,3881,1,
4566,3882,3882,1,
4567,3883,3883,1,
4568,3884,3884,1,
4569,3885,3885,1,
4570,3886,3886,1,
4571,3887,3887,1,
4572,3888,3888,1,
4573,3889,3889,1,
4574,3890,3890,1,
4575,3891,3891,1,
4576,3892,3892,1,
4577,3893,3893,1,
4578,3894,3894,1,
4579,3895,3895,1,
4580,3896,3896,1,
4581,3897,3897,1,
4582,3898,3898,1,
4583,3899,3899,1,
4584,3900,3900,1,
4585,3901,3901,1,
4586,3902,3902,1,
4587,3903,3903,1,
4588,3904,3904,1,
4589,3905,3905,1,
4590,3906,3906,1,
4591,3907,3907,1,
4592,3908,3908,1,
4593,3909,3909,1,
4594,3910,3910,1,
4595,3911,3911,1,
4596,3912,3912,1,
4597,3913,3913,1,
4598,3914,3914,1,
4599,3915,3915,1,
4600,3916,3916,1,
4601,3917,3917,1,
4602,3918,3918,1,
4603,3919,3919,1,
4604,3920,3920,1,
4605,3921,3921,1,
4606,3922,3922,1,
4607,3923,3923,1,
4608,3924,3924,1,
4609,3925,3925,1,
4610,3926,3926,1,
4611,3927,3927,1,
4612,3928,3928,1,
4613,3929,3929,1,
4614,3930,3930,1,
4615,3931,3931,1,
4616,3932,3932,1,
4617,3933,3933,1,
4618,3934,3934,1,
4619,3935,3935,1,
4620,3936,3936,1,
4621,3937,3937,1,
4622,3938,3938,1,
4623,3939,3939,1,
4624,3940,3940,1,
4625,3941,3941,1,
4626,3942,3942,1,
4627,3943,3943,1,
4628,3944,3944,1,
4629,3945,3945,1,
4630,3946,3946,1,
4631,3947,3947,1,
4632,3948,3948,1,
4633,3949,3949,1,
4634,3950,3950,1,
4635,3951,3951,1,
4636,3952,3952,1,
4637,3953,3953,1,
4638,3954,3954,1,
4639,3955,3955,1,
4640,3956,3956,1,
4641,3957,3957,1,
4642,3958,3958,1,
4643,3959,3959,1,
4644,3960,3960,1,
4645,3961,3961,1,
4646,3962,3962,1,
4647,3963,3963,1,
4648,3964,3964,1,
4649,3965,3965,1,
4650,3966,3966,1,
4651,3967,3967,1,
4652,3968,3968,1,
4653,3969,3969,1,
4654,3970,3970,1,
4655,3971,3971,1,
4656,3972,3972,1,
4657,3973,3973,1,
4658,3974,3974,1,
4659,3975,3975,1,
4660,3976,3976,1,
4661,3977,3977,1,
4662,3978,3978,1,
4663,3979,3979,1,
4664,3980,3980,1,
4665,3981,3981,1,
4666,3982,3982,1,
4667,3983,3983,1,
4668,3984,3984,1,
4669,3985,3985,1,
4670,3986,3986,1,
4671,3987,3987,1,
4672,3988,3988,1,
4673,3989,3989,1,
4674,3990,3990,1,
4675,3991,3991,1,
4676,3992,3992,1,
4677,3993,3993,1,
4678,3994,3994,1,
4679,3995,3995,1,
4680,3996,3996,1,
4681,3997,3997,1,
4682,3998,3998,1,
4683,3999,3999,1,
4684,4000,4000,1,
4685,4001,4001,1,
4686,4002,4002,1,
4687,4003,4003,1,
4688,4004,4004,1,
4689,4005,4005,1,
4690,4006,4006,1,
4691,4007,4007,1,
4692,4008,4008,1,
4693,4009,4009,1,
4694,4010,4010,1,
4695,4011,4011,1,
4696,4012,4012,1,
4697,4013,4013,1,
4698,4014,4014,1,
4699,4015,4015,1,
4700,4016,4016,1,
4701,4017,4017,1,
4702,4018,4018,1,
4703,4019,4019,1,
4704,4020,4020,1,
4705,4021,4021,1,
4706,4022,4022,1,
4707,4023,4023,1,
4708,4024,4024,1,
4709,4025,4025,1,
4710,4026,4026,1,
4711,4027,4027,1,
4712,4028,4028,1,
4713,4029,4029,1,
4714,4030,4030,1,
4715,4031,4031,1,
4716,4032,4032,1,
4717,4033,4033,1,
4718,4034,4034,1,
4719,4035,4035,1,
4720,4036,4036,1,
4721,4037,4037,1,
4722,4038,4038,1,
4723,4039,4039,1,
4724,4040,4040,1,
4725,4041,4041,1,
4726,4042,4042,1,
4727,4043,4043,1,
4728,4044,4044,1,
4729,4045,4045,1,
4730,4046,4046,1,
4731,4047,4047,1,
4732,4048,4048,1,
4733,4049,4049,1,
4734,4050,4050,1,
4735,4051,4051,1,
4736,4052,4052,1,
4737,4053,4053,1,
4738,4054,4054,1,
4739,4055,4055,1,
4740,4056,4056,1,
4741,4057,4057,1,
4742,4058,4058,1,
4743,4059,4059,1,
4744,4060,4060,1,
4745,4061,4061,1,
4746,4062,4062,1,
4747,4063,4063,1,
4748,4064,4064,1,
4749,4065,4065,1,
4750,4066,4066,1,
4751,4067,4067,1,
4752,4068,4068,1,
4753,4069,4069,1,
4754,4070,4070,1,
4755,4071,4071,1,
4756,4072,4072,1,
4757,4073,4073,1,
4758,4074,4074,1,
4759,4075,4075,1,
4760,4076,4076,1,
4761,4077,4077,1,
4762,4078,4078,1,
4763,4079,4079,1,
4764,4080,4080,1,
4765,4081,4081,1,
4766,4082,4082,1,
4767,4083,4083,1,
4768,4084,4084,1,
4769,4085,4085,1,
4770,4086,4086,1,
4771,4087,4087,1,
4772,4088,4088,1,
4773,4089,4089,1,
4774,4090,4090,1,
4775,4091,4091,1,
4776,4092,4092,1,
4777,4093,4093,1,
4778,4094,4094,1,
4779,4095,4095,1,
4780,4096,4096,1,
4781,4097,4097,1,
4782,4098,4098,1,
4783,4099,4099,1,
4784,4100,4100,1,
4785,4101,4101,1,
4786,4102,4102,1,
4787,4103,4103,1,
4788,4104,4104,1,
4789,4105,4105,1,
4790,4106,4106,1,
4791,4107,4107,1,
4792,4108,4108,1,
4793,4109,4109,1,
4794,4110,4110,1,
4795,4111,4111,1,
4796,4112,4112,1,
4797,4113,4113,1,
4798,4114,4114,1,
4799,4115,4115,1,
4800,4116,4116,1,
4801,4117,4117,1,
4802,4118,4118,1,
4803,4119,4119,1,
4804,4120,4120,1,
4805,4121,4121,1,
4806,4122,4122,1,
4807,4123,4123,1,
4808,4124,4124,1,
4809,4125,4125,1,
4810,4126,4126,1,
4811,4127,4127,1,
4812,4128,4128,1,
4813,4129,4129,1,
4814,4130,4130,1,
4815,4131,4131,1,
4816,4132,4132,1,
4817,4133,4133,1,
4818,4134,4134,1,
4819,4135,4135,1,
4820,4136,4136,1,
4821,4137,4137,1,
4822,4138,4138,1,
4823,4139,4139,1,
4824,4140,4140,1,
4825,4141,4141,1,
4826,4142,4142,1,
4827,4143,4143,1,
4828,4144,4144,1,
4829,4145,4145,1,
4830,4146,4146,1,
4831,4147,4147,1,
4832,4148,4148,1,
4833,4149,4149,1,
4834,4150,4150,1,
4835,4151,4151,1,
4836,4152,4152,1,
4837,4153,4153,1,
4838,4154,4154,1,
4839,4155,4155,1,
4840,4156,4156,1,
4841,4157,4157,1,
4842,4158,4158,1,
4843,4159,4159,1,
4844,4160,4160,1,
4845,4161,4161,1,
4846,4162,4162,1,
4847,4163,4163,1,
4848,4164,4164,1,
4849,4165,4165,1,
4850,4166,4166,1,
4851,4167,4167,1,
4852,4168,4168,1,
4853,4169,4169,1,
4854,4170,4170,1,
4855,4171,4171,1,
4856,4172,4172,1,
4857,4173,4173,1,
4858,4174,4174,1,
4859,4175,4175,1,
4860,4176,4176,1,
4861,4177,4177,1,
4862,4178,4178,1,
4863,4179,4179,1,
4864,4180,4180,1,
4865,4181,4181,1,
4866,4182,4182,1,
4867,4183,4183,1,
4868,4184,4184,1,
4869,4185,4185,1,
4870,4186,4186,1,
4871,4187,4187,1,
4872,4188,4188,1,
4873,4189,4189,1,
4874,4190,4190,1,
4875,4191,4191,1,
4876,4192,4192,1,
4877,4193,4193,1,
4878,4194,4194,1,
4879,4195,4195,1,
4880,4196,4196,1,
4881,4197,4197,1,
4882,4198,4198,1,
4883,4199,4199,1,
4884,4200,4200,1,
4885,4201,4201,1,
4886,4202,4202,1,
4887,4203,4203,1,
4888,4204,4204,1,
4889,4205,4205,1,
4890,4206,4206,1,
4891,4207,4207,1,
4892,4208,4208,1,
4893,4209,4209,1,
4894,4210,4210,1,
4895,4211,4211,1,
4896,4212,4212,1,
4897,4213,4213,1,
4898,4214,4214,1,
4899,4215,4215,1,
4900,4216,4216,1,
4901,4217,4217,1,
4902,4218,4218,1,
4903,4219,4219,1,
4904,4220,4220,1,
4905,4221,4221,1,
4906,4222,4222,1,
4907,4222,4222,0,
4908,4223,4223,1,
4909,4224,4224,1,
4910,4225,4225,1,
4911,4226,4226,1,
4912,4227,4227,1,
4913,4228,4228,1,
4914,4229,4229,1,
4915,4230,4230,1,
4916,4231,4231,1,
4917,4232,4232,1,
4918,4233,4233,1,
4919,4234,4234,1,
4920,4235,4235,1,
4921,4236,4236,1,
4922,4237,4237,1,
4923,4238,4238,1,
4924,4239,4239,1,
4925,4240,4240,1,
4926,4241,4241,1,
4927,4242,4242,1,
4928,4243,4243,1,
4929,4244,4244,1,
4930,4245,4245,1,
4931,4246,4246,1,
4932,4247,4247,1,
4933,4248,4248,1,
4934,4249,4249,1,
4935,4250,4250,1,
4936,4251,4251,1,
4937,4252,4252,1,
4938,4253,4253,1,
4939,4254,4254,1,
4940,4255,4255,1,
4941,4256,4256,1,
4942,4257,4257,1,
4943,4258,4258,1,
4944,4259,4259,1,
4945,4260,4260,1,
4946,4261,4261,1,
4947,4262,4262,1,
4948,4263,4263,1,
4949,4264,4264,1,
4950,4265,4265,1,
4951,4266,4266,1,
4952,4267,4267,1,
4953,4268,4268,1,
4954,4269,4269,1,
4955,4270,4270,1,
4956,4271,4271,1,
4957,4272,4272,1,
4958,4273,4273,1,
4959,4274,4274,1,
4960,4275,4275,1,
4961,4276,4276,1,
4962,4277,4277,1,
4963,4278,4278,1,
4964,4279,4279,1,
4965,4280,4280,1,
4966,4281,4281,1,
4967,4282,4282,1,
4968,4283,4283,1,
4969,4284,4284,1,
4970,4285,4285,1,
4971,4285,4285,0,
4972,4285,4285,0,
4973,4285,4285,0,
4974,4285,4285,0,
4975,4285,4285,0,
4976,4285,4285,0,
4977,4285,4285,0,
4978,4286,4286,1,
4979,4287,4287,1,
4980,4288,4288,1,
4981,4289,4289,1,
4982,4290,4290,1,
4983,4291,4291,1,
4984,4292,4292,1,
4985,4293,4293,1,
4986,4294,4294,1,
4987,4295,4295,1,
4988,4296,4296,1,
4989,4297,4297,1,
4990,4298,4298,1,
4991,4299,4299,1,
4992,4300,4300,1,
4993,4301,4301,1,
4994,4302,4302,1,
4995,4303,4303,1,
4996,4304,4304,1,
4997,4305,4305,1,
4998,4306,4306,1,
4999,4307,4307,1,
5000,4308,4308,1,
5001,4309,4309,1,
5002,4310,4310,1,
5003,4311,4311,1,
5004,4312,4312,1,
5005,4313,4313,1,
5006,4314,4314,1,
5007,4315,4315,1,
5008,4316,4316,1,
5009,4317,4317,1,
5010,4318,4318,1,
5011,4319,4319,1,
5012,4320,4320,1,
5013,4321,4321,1,
5014,4322,4322,1,
5015,4323,4323,1,
5016,4324,4324,1,
5017,4325,4325,1,
5018,4326,4326,1,
5019,4327,4327,1,
5020,4328,4328,1,
5021,4329,4329,1,
5022,4330,4330,1,
5023,4331,4331,1,
5024,4332,4332,1,
5025,4333,4333,1,
5026,4334,4334,1,
5027,4335,4335,1,
5028,4336,4336,1,
5029,4337,4337,1,
5030,4338,4338,1,
5031,4339,4339,1,
5032,4340,4340,1,
5033,4341,4341,1,
5034,4342,4342,1,
5035,4343,4343,1,
5036,4344,4344,1,
5037,4345,4345,1,
5038,4346,4346,1,
5039,4347,4347,1,
5040,4348,4348,1,
5041,4349,4349,1,
5042,4350,4350,1,
5043,4351,4351,1,
5044,4352,4352,1,
5045,4353,4353,1,
5046,4354,4354,1,
5047,4355,4355,1,
5048,4356,4356,1,
5049,4357,4357,1,
5050,4357,4357,0,
5051,4358,4358,1,
5052,4359,4359,1,
5053,4360,4360,1,
5054,4361,4361,1,
5055,4362,4362,1,
5056,4363,4363,1,
5057,4364,4364,1,
5058,4365,4365,1,
5059,4366,4366,1,
5060,4367,4367,1,
5061,4368,4368,1,
5062,4369,4369,1,
5063,4370,4370,1,
5064,4370,4370,0,
5065,4370,4370,0,
5066,4370,4370,0,
5067,4370,4370,0,
5068,4370,4370,0,
5069,4370,4370,0,
5070,4370,4370,0,
5071,4370,4370,0,
5072,4370,4370,0,
5073,4370,4370,0,
5074,4370,4370,0,
5075,4370,4370,0,
5076,4370,4370,0,
5077,4370,4370,0,
5078,4371,4371,1,
5079,4372,4372,1,
5080,4373,4373,1,
5081,4374,4374,1,
5082,4375,4375,1,
5083,4376,4376,1,
5084,4377,4377,1,
5085,4377,4377,0,
5086,4377,4377,0,
5087,4377,4377,0,
5088,4377,4377,0,
5089,4377,4377,0,
5090,4377,4377,0,
5091,4377,4377,0,
5092,4377,4377,0,
5093,4377,4377,0,
5094,4377,4377,0,
5095,4377,4377,0,
5096,4377,4377,0,
5097,4377,4377,0,
5098,4377,4377,0,
5099,4377,4377,0,
5100,4377,4377,0,
5101,4377,4377,0,
5102,4377,4377,0,
5103,4377,4377,0,
5104,4377,4377,0,
5105,4377,4377,0,
5106,4377,4377,0,
5107,4377,4377,0,
5108,4377,4377,0,
5109,4377,4377,0,
5110,4377,4377,0,
5111,4377,4377,0,
5112,4377,4377,0,
5113,4377,4377,0,
5114,4377,4377,0,
5115,4377,4377,0,
5116,4377,4377,0,
5117,4377,4377,0,
5118,4377,4377,0,
5119,4377,4377,0,
5120,4377,4377,0,
5121,4377,4377,0,
5122,4377,4377,0,
5123,4377,4377,0,
5124,4377,4377,0,
5125,4377,4377,0,
5126,4377,4377,0,
5127,4377,4377,0,
5128,4377,4377,0,
5129,4377,4377,0,
5130,4377,4377,0,
5131,4377,4377,0,
5132,4377,4377,0,
5133,4377,4377,0,
5134,4377,4377,0,
5135,4377,4377,0,
5136,4377,4377,0,
5137,4377,4377,0,
5138,4377,4377,0,
5139,4377,4377,0,
5140,4377,4377,0,
5141,4377,4377,0,
5142,4377,4377,0,
5143,4377,4377,0,
5144,4377,4377,0,
5145,4377,4377,0,
5146,4377,4377,0,
5147,4377,4377,0,
5148,4377,4377,0,
5149,4377,4377,0,
5150,4377,4377,0,
5151,4377,4377,0,
5152,4377,4377,0,
5153,4377,4377,0,
5154,4377,4377,0,
5155,4377,4377,0,
5156,4377,4377,0,
5157,4377,4377,0,
5158,4377,4377,0,
5159,4377,4377,0,
5160,4377,4377,0,
5161,4377,4377,0,
5162,4377,4377,0,
5163,4377,4377,0,
5164,4377,4377,0,
5165,4377,4377,0,
5166,4377,4377,0,
5167,4377,4377,0,
5168,4377,4377,0,
5169,4377,4377,0,
5170,4377,4377,0,
5171,4377,4377,0,
5172,4377,4377,0,
5173,4377,4377,0,
5174,4377,4377,0,
5175,4377,4377,0,
5176,4377,4377,0,
5177,4377,4377,0,
5178,4377,4377,0,
5179,4377,4377,0,
5180,4377,4377,0,
5181,4377,4377,0,
5182,4377,4377,0,
5183,4377,4377,0,
5184,4377,4377,0,
5185,4377,4377,0,
5186,4377,4377,0,
5187,4377,4377,0,
5188,4377,4377,0,
5189,4377,4377,0,
5190,4377,4377,0,
5191,4378,4378,1,
5192,4379,4379,1,
5193,4380,4380,1,
5194,4381,4381,1,
5195,4382,4382,1,
5196,4383,4383,1,
5197,4384,4384,1,
5198,4385,4385,1,
5199,4386,4386,1,
5200,4387,4387,1,
5201,4388,4388,1,
5202,4389,4389,1,
5203,4389,4389,0,
5204,4389,4389,0,
5205,4389,4389,0,
5206,4389,4389,0,
5207,4389,4389,0,
5208,4389,4389,0,
5209,4389,4389,0,
5210,4389,4389,0,
5211,4389,4389,0,
5212,4389,4389,0,
5213,4389,4389,0,
5214,4389,4389,0,
5215,4389,4389,0,
5216,4389,4389,0,
5217,4389,4389,0,
5218,4389,4389,0,
5219,4389,4389,0,
5220,4389,4389,0,
5221,4389,4389,0,
5222,4389,4389,0,
5223,4389,4389,0,
5224,4389,4389,0,
5225,4389,4389,0,
5226,4389,4389,0,
5227,4389,4389,0,
5228,4389,4389,0,
5229,4389,4389,0,
5230,4390,4390,1,
5231,4391,4391,1,
5232,4392,4392,1,
5233,4392,4392,0,
5234,4392,4392,0,
5235,4392,4392,0,
5236,4392,4392,0,
5237,4392,4392,0,
5238,4392,4392,0,
5239,4392,4392,0,
5240,4392,4392,0,
5241,4392,4392,0,
5242,4392,4392,0,
5243,4392,4392,0,
5244,4392,4392,0,
5245,4392,4392,0,
5246,4392,4392,0,
5247,4392,4392,0,
5248,4392,4392,0,
5249,4392,4392,0,
5250,4392,4392,0,
5251,4392,4392,0,
5252,4392,4392,0,
5253,4392,4392,0,
5254,4392,4392,0,
5255,4392,4392,0,
5256,4392,4392,0,
5257,4393,4393,1,
5258,4394,4394,1,
5259,4395,4395,1,
5260,4395,4395,0,
5261,4395,4395,0,
5262,4395,4395,0,
5263,4395,4395,0,
5264,4395,4395,0,
5265,4395,4395,0,
5266,4395,4395,0,
5267,4395,4395,0,
5268,4395,4395,0,
5269,4395,4395,0,
5270,4395,4395,0,
5271,4395,4395,0,
5272,4395,4395,0,
5273,4395,4395,0,
5274,4395,4395,0,
5275,4395,4395,0,
5276,4395,4395,0,
5277,4395,4395,0,
5278,4395,4395,0,
5279,4395,4395,0,
5280,4396,4396,1,
5281,4397,4397,1,
5282,4398,4398,1,
5283,4399,4399,1,
5284,4400,4400,1,
5285,4401,4401,1,
5286,4402,4402,1,
5287,4403,4403,1,
5288,4404,4404,1,
5289,4405,4405,1,
5290,4406,4406,1,
5291,4407,4407,1,
5292,4408,4408,1,
5293,4409,4409,1,
5294,4410,4410,1,
5295,4411,4411,1,
5296,4412,4412,1,
5297,4413,4413,1,
5298,4414,4414,1,
5299,4415,4415,1,
5300,4416,4416,1,
5301,4417,4417,1,
5302,4418,4418,1,
5303,4419,4419,1,
5304,4420,4420,1,
5305,4421,4421,1,
5306,4421,4421,0,
5307,4421,4421,0,
5308,4421,4421,0,
5309,4421,4421,0,
5310,4421,4421,0,
5311,4421,4421,0,
5312,4421,4421,0,
5313,4421,4421,0,
5314,4421,4421,0,
5315,4421,4421,0,
5316,4421,4421,0,
5317,4421,4421,0,
5318,4421,4421,0,
5319,4421,4421,0,
5320,4421,4421,0,
5321,4421,4421,0,
5322,4421,4421,0,
5323,4421,4421,0,
5324,4421,4421,0,
5325,4421,4421,0,
5326,4421,4421,0,
5327,4421,4421,0,
5328,4421,4421,0,
5329,4421,4421,0,
5330,4421,4421,0,
5331,4421,4421,0,
5332,4421,4421,0,
5333,4421,4421,0,
5334,4421,4421,0,
5335,4421,4421,0,
5336,4421,4421,0,
5337,4421,4421,0,
5338,4421,4421,0,
5339,4421,4421,0,
5340,4421,4421,0,
5341,4421,4421,0,
5342,4421,4421,0,
5343,4421,4421,0,
5344,4421,4421,0,
5345,4421,4421,0,
5346,4421,4421,0,
5347,4421,4421,0,
5348,4421,4421,0,
5349,4421,4421,0,
5350,4421,4421,0,
5351,4421,4421,0,
5352,4421,4421,0,
5353,4421,4421,0,
5354,4421,4421,0,
5355,4421,4421,0,
5356,4421,4421,0,
5357,4421,4421,0,
5358,4421,4421,0,
5359,4421,4421,0,
5360,4421,4421,0,
5361,4421,4421,0,
5362,4421,4421,0,
5363,4421,4421,0,
5364,4421,4421,0,
5365,4421,4421,0,
5366,4421,4421,0,
5367,4421,4421,0,
5368,4421,4421,0,
5369,4421,4421,0,
5370,4421,4421,0,
5371,4421,4421,0,
5372,4421,4421,0,
5373,4421,4421,0,
5374,4421,4421,0,
5375,4421,4421,0,
5376,4421,4421,0,
5377,4421,4421,0,
5378,4421,4421,0,
5379,4421,4421,0,
5380,4421,4421,0,
5381,4421,4421,0,
5382,4421,4421,0,
5383,4421,4421,0,
5384,4421,4421,0,
5385,4421,4421,0,
5386,4421,4421,0,
5387,4421,4421,0,
5388,4421,4421,0,
5389,4421,4421,0,
5390,4421,4421,0,
5391,4421,4421,0,
5392,4421,4421,0,
5393,4421,4421,0,
5394,4421,4421,0,
5395,4421,4421,0,
5396,4421,4421,0,
5397,4421,4421,0,
5398,4421,4421,0,
5399,4421,4421,0,
5400,4421,4421,0,
5401,4421,4421,0,
5402,4421,4421,0,
5403,4421,4421,0,
5404,4421,4421,0,
5405,4421,4421,0,
5406,4421,4421,0,
5407,4421,4421,0,
5408,4421,4421,0,
5409,4421,4421,0,
5410,4421,4421,0,
5411,4421,4421,0,
5412,4421,4421,0,
5413,4421,4421,0,
5414,4421,4421,0,
5415,4421,4421,0,
5416,4421,4421,0,
5417,4421,4421,0,
5418,4421,4421,0,
5419,4421,4421,0,
5420,4421,4421,0,
5421,4421,4421,0,
5422,4421,4421,0,
5423,4421,4421,0,
5424,4421,4421,0,
5425,4421,4421,0,
5426,4421,4421,0,
5427,4421,4421,0,
5428,4421,4421,0,
5429,4421,4421,0,
5430,4421,4421,0,
5431,4421,4421,0,
5432,4421,4421,0,
5433,4421,4421,0,
5434,4421,4421,0,
5435,4421,4421,0,
5436,4421,4421,0,
5437,4421,4421,0,
5438,4421,4421,0,
5439,4421,4421,0,
5440,4421,4421,0,
5441,4421,4421,0,
5442,4421,4421,0,
5443,4421,4421,0,
5444,4421,4421,0,
5445,4421,4421,0,
5446,4421,4421,0,
5447,4421,4421,0,
5448,4421,4421,0,
5449,4421,4421,0,
5450,4421,4421,0,
5451,4421,4421,0,
5452,4421,4421,0,
5453,4421,4421,0,
5454,4421,4421,0,
5455,4421,4421,0,
5456,4421,4421,0,
5457,4421,4421,0,
5458,4421,4421,0,
5459,4422,4422,1,
5460,4423,4423,1,
5461,4424,4424,1,
5462,4425,4425,1,
5463,4426,4426,1,
5464,4427,4427,1,
5465,4427,4427,0,
5466,4427,4427,0,
5467,4427,4427,0,
5468,4427,4427,0,
5469,4427,4427,0,
5470,4427,4427,0,
5471,4427,4427,0,
5472,4427,4427,0,
5473,4427,4427,0,
5474,4427,4427,0,
5475,4427,4427,0,
5476,4427,4427,0,
5477,4427,4427,0,
5478,4427,4427,0,
5479,4427,4427,0,
5480,4428,4428,1,
5481,4429,4429,1,
5482,4430,4430,1,
5483,4431,4431,1,
5484,4432,4432,1,
5485,4433,4433,1,
5486,4434,4434,1,
5487,4435,4435,1,
5488,4436,4436,1,
5489,4437,4437,1,
5490,4438,4438,1,
5491,4439,4439,1,
5492,4440,4440,1,
5493,4441,4441,1,
5494,4442,4442,1,
5495,4443,4443,1,
5496,4444,4444,1,
5497,4445,4445,1,
5498,4446,4446,1,
5499,4447,4447,1,
5500,4448,4448,1,
5501,4449,4449,1,
5502,4450,4450,1,
5503,4451,4451,1,
5504,4452,4452,1,
5505,4453,4453,1,
5506,4454,4454,1,
5507,4455,4455,1,
5508,4456,4456,1,
5509,4456,4456,1,
5510,4457,4457,1,
5511,4458,4458,1,
5512,4459,4459,1,
5513,4460,4460,1,
5514,4461,4461,1,
5515,4462,4462,1,
5516,4463,4463,1,
5517,4464,4464,1,
5518,4465,4465,1,
5519,4466,4466,1,
5520,4467,4467,1,
5521,4468,4468,1,
5522,4469,4469,1,
5523,4470,4470,1,
5524,4471,4471,1,
5525,4471,4471,0,
5526,4471,4471,0,
5527,4471,4471,0,
5528,4471,4471,0,
5529,4471,4471,0,
5530,4471,4471,0,
5531,4471,4471,0,
5532,4471,4471,0,
5533,4471,4471,0,
5534,4471,4471,0,
5535,4471,4471,0,
5536,4471,4471,0,
5537,4471,4471,0,
5538,4471,4471,0,
5539,4471,4471,0,
5540,4471,4471,0,
5541,4471,4471,0,
5542,4471,4471,0,
5543,4471,4471,0,
5544,4471,4471,0,
5545,4471,4471,0,
5546,4471,4471,0,
5547,4471,4471,0,
5548,4471,4471,0,
5549,4471,4471,0,
5550,4471,4471,0,
5551,4471,4471,0,
5552,4471,4471,0,
5553,4471,4471,0,
5554,4471,4471,0,
5555,4471,4471,0,
5556,4471,4471,0,
5557,4471,4471,0,
5558,4471,4471,0,
5559,4471,4471,0,
5560,4471,4471,0,
5561,4471,4471,0,
5562,4471,4471,0,
5563,4471,4471,0,
5564,4471,4471,0,
5565,4471,4471,0,
5566,4471,4471,0,
5567,4471,4471,0,
5568,4471,4471,0,
5569,4471,4471,0,
5570,4471,4471,0,
5571,4471,4471,0,
5572,4471,4471,0,
5573,4471,4471,0,
5574,4471,4471,0,
5575,4471,4471,0,
5576,4471,4471,0,
5577,4471,4471,0,
5578,4471,4471,0,
5579,4471,4471,0,
5580,4471,4471,0,
5581,4471,4471,0,
5582,4471,4471,0,
5583,4471,4471,0,
5584,4471,4471,0,
5585,4471,4471,0,
5586,4471,4471,0,
5587,4471,4471,0,
5588,4471,4471,0,
5589,4472,4472,1,
5590,4473,4473,1,
5591,4474,4474,1,
5592,4475,4475,1,
5593,4476,4476,1,
5594,4477,4477,1,
5595,4478,4478,1,
5596,4479,4479,1,
5597,4480,4480,1,
5598,4481,4481,1,
5599,4482,4482,1,
5600,4483,4483,1,
5601,4484,4484,1,
5602,4485,4485,1,
5603,4486,4486,1,
5604,4487,4487,1,
5605,4488,4488,1,
5606,4489,4489,1,
5607,4490,4490,1,
5608,4491,4491,1,
5609,4492,4492,1,
5610,4493,4493,1,
5611,4494,4494,1,
5612,4495,4495,1,
5613,4496,4496,1,
5614,4497,4497,1,
5615,4498,4498,1,
5616,4499,4499,1,
5617,4500,4500,1,
Completed in 5617 rounds.
Completed in 82.3558 ms
