ROUND,TASKS COMPLETED,worker0 tasks,worker1 tasks,worker2 tasks,worker3 tasks,worker4 tasks,worker5 tasks,worker6 tasks,worker7 tasks,worker8 tasks,worker9 tasks,worker10 tasks,worker11 tasks,worker12 tasks,worker13 tasks,worker14 tasks,worker15 tasks,worker16 tasks,worker17 tasks,worker18 tasks,worker19 tasks,worker0 running,worker1 running,worker2 running,worker3 running,worker4 running,worker5 running,worker6 running,worker7 running,worker8 running,worker9 running,worker10 running,worker11 running,worker12 running,worker13 running,worker14 running,worker15 running,worker16 running,worker17 running,worker18 running,worker19 running,
1,0,0,0,0,0,0,0,0,0,0,0,0,0,0,0,0,0,0,0,0,0,1,0,0,0,0,0,0,0,0,0,0,0,0,0,1,0,0,0,0,0,
2,2,1,0,0,0,0,0,0,0,0,0,0,0,0,0,1,0,0,0,0,0,1,0,0,0,0,0,0,0,0,0,0,0,0,0,1,0,0,0,1,0,
3,5,2,0,0,0,0,0,0,0,0,0,0,0,0,0,2,0,0,0,1,0,1,0,0,0,0,0,0,0,0,0,0,0,0,0,1,0,0,0,1,1,
4,9,3,0,0,0,0,0,0,0,0,0,0,0,0,0,3,0,0,0,2,1,1,0,0,0,0,1,0,0,0,0,0,0,1,0,1,0,1,1,1,1,
5,17,4,0,0,0,0,1,0,0,0,0,0,0,1,0,4,0,1,1,3,2,1,0,0,0,0,1,0,0,0,0,0,0,1,0,1,0,1,1,1,1,
6,24,5,0,0,0,0,1,0,0,0,0,0,0,2,0,5,0,2,2,4,3,1,1,0,1,0,0,0,1,0,1,1,0,1,0,1,0,1,1,1,1,
7,35,5,1,0,1,0,1,0,1,0,1,1,0,3,0,6,0,3,3,5,4,0,1,0,1,0,1,1,1,1,1,1,1,1,1,1,0,1,1,1,1,
8,51,5,2,0,2,0,2,1,2,1,2,2,1,4,1,7,0,4,4,6,5,1,1,0,1,0,1,1,1,1,1,1,1,1,1,1,0,1,1,1,1,
9,68,6,3,0,3,0,3,2,3,2,3,3,2,5,2,8,0,5,5,7,6,1,1,1,1,1,1,1,1,1,1,1,1,1,1,1,0,1,1,1,1,
10,87,7,4,1,4,1,4,3,4,3,4,4,3,6,3,9,0,6,6,8,7,1,1,1,1,1,1,1,1,1,1,1,1,1,1,1,1,1,1,1,1,
11,107,8,5,2,5,2,5,4,5,4,5,5,4,7,4,10,1,7,7,9,8,1,1,1,1,1,1,1,1,1,1,1,1,1,1,1,1,1,1,1,1,
12,127,9,6,3,6,3,6,5,6,5,6,6,5,8,5,11,2,8,8,10,9,1,1,1,1,1,1,1,1,1,1,1,1,1,1,1,1,1,1,1,1,
13,147,10,7,4,7,4,7,6,7,6,7,7,6,9,6,12,3,9,9,11,10,1,1,1,1,1,1,1,1,1,1,1,1,1,1,1,1,1,1,1,1,
14,167,11,8,5,8,5,8,7,8,7,8,8,7,10,7,13,4,10,10,12,11,1,1,1,1,1,1,1,1,1,1,1,1,1,1,1,1,1,1,1,1,
15,187,12,9,6,9,6,9,8,9,8,9,9,8,11,8,14,5,11,11,13,12,1,1,1,1,1,1,1,1,1,1,1,1,1,1,1,1,1,1,1,1,
16,207,13,10,7,10,7,10,9,10,9,10,10,9,12,9,15,6,12,12,14,13,1,1,1,1,1,1,1,1,1,1,1,1,1,1,1,1,1,1,1,1,
17,227,14,11,8,11,8,11,10,11,10,11,11,10,13,10,16,7,13,13,15,14,1,1,1,1,1,1,1,1,1,1,1,1,1,1,1,1,1,1,1,1,
18,247,15,12,9,12,9,12,11,12,11,12,12,11,14,11,17,8,14,14,16,15,1,1,1,1,1,1,1,1,1,1,1,1,1,1,1,1,1,1,1,1,
19,267,16,13,10,13,10,13,12,13,12,13,13,12,15,12,18,9,15,15,17,16,1,1,1,1,1,1,1,1,1,1,1,1,1,1,1,1,1,1,1,1,
20,287,17,14,11,14,11,14,13,14,13,14,14,13,16,13,19,10,16,16,18,17,1,1,1,1,1,1,1,1,1,1,1,1,1,1,1,1,1,1,1,1,
21,307,18,15,12,15,12,15,14,15,14,15,15,14,17,14,20,11,17,17,19,18,1,1,1,1,1,1,1,1,1,1,1,1,1,1,1,1,1,1,1,1,
22,327,19,16,13,16,13,16,15,16,15,16,16,15,18,15,21,12,18,18,20,19,1,1,1,1,1,1,1,1,1,1,1,1,1,1,1,1,1,1,1,1,
23,347,20,17,14,17,14,17,16,17,16,17,17,16,19,16,22,13,19,19,21,20,1,1,1,1,1,1,1,1,1,1,1,1,1,1,1,1,1,1,1,1,
24,367,21,18,15,18,15,18,17,18,17,18,18,17,20,17,23,14,20,20,22,21,1,1,1,1,1,1,1,1,1,1,1,1,1,1,1,1,1,1,1,1,
25,387,22,19,16,19,16,19,18,19,18,19,19,18,21,18,24,15,21,21,23,22,1,1,1,1,1,1,1,1,1,1,1,1,1,1,1,1,1,1,1,1,
26,407,23,20,17,20,17,20,19,20,19,20,20,19,22,19,25,16,22,22,24,23,1,1,1,1,1,1,1,1,1,1,1,1,1,1,1,1,1,1,1,1,
27,426,23,21,18,21,18,21,20,21,20,21,21,20,23,20,26,17,23,23,25,24,1,1,1,1,1,1,1,1,1,1,1,1,1,1,1,1,1,1,1,1,
28,446,24,22,19,22,19,22,21,22,21,22,22,21,24,21,27,18,24,24,26,25,1,1,1,1,1,1,1,1,1,1,1,1,1,1,1,1,1,1,1,1,
29,466,25,23,20,23,20,23,22,23,22,23,23,22,25,22,28,19,25,25,27,26,1,1,1,1,1,1,1,1,1,1,1,1,1,1,1,1,1,1,1,1,
30,486,26,24,21,24,21,24,23,24,23,24,24,23,26,23,29,20,26,26,28,27,1,1,1,1,1,1,1,1,1,1,1,1,1,1,1,1,1,1,1,1,
31,505,27,25,22,25,22,25,24,25,24,25,25,24,27,24,30,20,27,27,29,28,1,1,1,1,1,1,1,1,1,1,1,1,1,1,1,0,1,1,1,1,
32,524,28,26,23,26,23,26,25,26,25,26,26,25,28,25,31,20,28,28,30,29,1,1,1,1,1,1,1,1,1,1,1,1,1,1,1,1,1,1,1,1,
33,544,29,27,24,27,24,27,26,27,26,27,27,26,29,26,32,21,29,29,31,30,1,1,1,1,1,1,1,1,1,1,1,1,1,1,1,1,1,1,1,1,
34,564,30,28,25,28,25,28,27,28,27,28,28,27,30,27,33,22,30,30,32,31,1,1,1,1,1,1,1,1,1,1,1,1,1,1,1,1,1,1,1,1,
35,584,31,29,26,29,26,29,28,29,28,29,29,28,31,28,34,23,31,31,33,32,1,1,1,1,1,1,1,1,1,1,1,1,1,1,1,1,1,1,1,1,
36,604,32,30,27,30,27,30,29,30,29,30,30,29,32,29,35,24,32,32,34,33,1,1,1,1,1,1,1,1,1,1,1,1,1,1,1,1,1,1,1,1,
37,624,33,31,28,31,28,31,30,31,30,31,31,30,33,30,36,25,33,33,35,34,1,1,1,1,1,1,1,1,1,1,1,1,1,1,1,1,1,1,1,1,
38,644,34,32,29,32,29,32,31,32,31,32,32,31,34,31,37,26,34,34,36,35,1,1,1,1,1,1,1,1,1,1,1,1,1,1,1,1,1,1,1,1,
39,664,35,33,30,33,30,33,32,33,32,33,33,32,35,32,38,27,35,35,37,36,1,1,1,1,1,1,1,1,1,1,1,1,1,1,1,1,1,1,1,1,
40,683,36,34,31,34,31,33,33,34,33,34,34,33,36,33,39,28,36,36,38,37,1,1,1,1,1,1,1,1,1,1,1,1,1,1,1,1,1,1,1,1,
41,703,37,35,32,35,32,34,34,35,34,35,35,34,37,34,40,29,37,37,39,38,1,1,1,1,1,1,1,1,1,1,1,1,1,1,1,1,1,1,1,1,
42,723,38,36,33,36,33,35,35,36,35,36,36,35,38,35,41,30,38,38,40,39,1,1,1,1,1,1,1,1,1,1,1,1,1,1,1,1,1,1,1,1,
43,743,39,37,34,37,34,36,36,37,36,37,37,36,39,36,42,31,39,39,41,40,1,1,1,1,1,1,1,1,1,1,1,1,1,1,1,1,1,1,1,1,
44,763,40,38,35,38,35,37,37,38,37,38,38,37,40,37,43,32,40,40,42,41,1,1,1,1,1,1,1,1,1,1,1,1,1,1,1,1,1,1,1,1,
45,783,41,39,36,39,36,38,38,39,38,39,39,38,41,38,44,33,41,41,43,42,1,1,1,1,1,1,1,1,1,1,1,1,1,1,1,1,1,1,1,1,
46,803,42,40,37,40,37,39,39,40,39,40,40,39,42,39,45,34,42,42,44,43,1,1,1,1,1,1,1,1,1,1,1,1,1,1,1,1,1,1,1,1,
47,823,43,41,38,41,38,40,40,41,40,41,41,40,43,40,46,35,43,43,45,44,1,1,1,1,1,1,1,1,1,1,1,1,1,1,1,1,1,1,1,1,
48,843,44,42,39,42,39,41,41,42,41,42,42,41,44,41,47,36,44,44,46,45,1,1,1,1,1,1,1,1,1,1,1,1,1,1,1,1,1,1,1,1,
49,862,45,43,40,43,40,42,42,43,42,43,43,41,45,42,48,37,45,45,47,46,1,1,1,1,1,1,1,1,1,1,1,1,1,1,1,1,1,1,1,1,
50,882,46,44,41,44,41,43,43,44,43,44,44,42,46,43,49,38,46,46,48,47,1,1,1,1,1,1,1,1,1,1,1,1,1,1,1,1,1,1,1,1,
51,902,47,45,42,45,42,44,44,45,44,45,45,43,47,44,50,39,47,47,49,48,1,1,1,1,1,1,1,1,1,1,1,1,1,1,1,1,1,1,1,1,
52,922,48,46,43,46,43,45,45,46,45,46,46,44,48,45,51,40,48,48,50,49,1,1,1,1,1,1,1,1,1,1,1,1,1,1,1,1,1,1,1,1,
53,942,49,47,44,47,44,46,46,47,46,47,47,45,49,46,52,41,49,49,51,50,1,1,1,1,1,1,1,1,1,1,1,1,1,1,1,1,1,1,1,1,
54,962,50,48,45,48,45,47,47,48,47,48,48,46,50,47,53,42,50,50,52,51,1,1,1,1,1,1,1,1,1,1,1,1,1,1,1,1,1,1,1,1,
55,982,51,49,46,49,46,48,48,49,48,49,49,47,51,48,54,43,51,51,53,52,1,1,1,1,1,1,1,1,1,1,1,1,1,1,1,1,1,1,1,1,
56,1002,52,50,47,50,47,49,49,50,49,50,50,48,52,49,55,44,52,52,54,53,1,1,1,1,1,1,1,1,1,1,1,1,1,1,1,1,1,1,1,1,
57,1022,53,51,48,51,48,50,50,51,50,51,51,49,53,50,56,45,53,53,55,54,1,1,1,1,1,1,1,1,1,1,1,1,1,1,1,1,1,1,1,1,
58,1042,54,52,49,52,49,51,51,52,51,52,52,50,54,51,57,46,54,54,56,55,1,1,1,1,1,1,1,1,1,1,1,1,1,1,1,1,1,1,1,1,
59,1062,55,53,50,53,50,52,52,53,52,53,53,51,55,52,58,47,55,55,57,56,1,1,1,1,1,1,1,1,1,1,1,1,1,1,1,1,1,1,1,1,
60,1081,56,54,51,54,51,53,53,54,53,54,54,51,56,53,59,48,56,56,58,57,1,1,1,1,1,1,1,1,1,1,1,0,1,1,1,1,1,1,1,1,
61,1100,57,55,52,55,52,54,54,55,54,55,55,51,57,54,60,49,57,57,59,58,1,1,1,1,1,1,1,1,1,1,1,0,1,1,1,1,1,1,1,1,
62,1119,58,56,53,56,53,55,55,56,55,56,56,51,58,55,61,50,58,58,60,59,1,1,1,1,1,1,1,1,1,1,1,1,1,1,1,1,1,1,1,1,
63,1139,59,57,54,57,54,56,56,57,56,57,57,52,59,56,62,51,59,59,61,60,1,1,1,1,1,1,1,1,1,1,1,1,1,1,1,1,1,1,1,1,
64,1159,60,58,55,58,55,57,57,58,57,58,58,53,60,57,63,52,60,60,62,61,1,1,1,1,1,1,1,1,1,1,1,1,1,1,1,1,1,1,1,1,
65,1179,61,59,56,59,56,58,58,59,58,59,59,54,61,58,64,53,61,61,63,62,1,1,1,1,1,1,1,1,1,1,1,1,1,1,1,1,1,1,1,1,
66,1199,62,60,57,60,57,59,59,60,59,60,60,55,62,59,65,54,62,62,64,63,1,1,1,1,1,1,1,1,1,1,1,1,1,1,1,1,1,1,1,1,
67,1219,63,61,58,61,58,60,60,61,60,61,61,56,63,60,66,55,63,63,65,64,1,1,1,1,1,1,1,1,1,1,1,1,1,1,1,1,1,1,1,1,
68,1239,64,62,59,62,59,61,61,62,61,62,62,57,64,61,67,56,64,64,66,65,1,1,1,1,1,1,1,1,1,1,1,1,1,1,1,1,1,1,1,1,
69,1259,65,63,60,63,60,62,62,63,62,63,63,58,65,62,68,57,65,65,67,66,1,1,1,1,1,1,1,1,1,1,1,1,1,1,1,1,1,1,1,1,
70,1279,66,64,61,64,61,63,63,64,63,64,64,59,66,63,69,58,66,66,68,67,1,1,1,1,1,1,1,1,1,1,1,1,1,1,1,1,1,1,1,1,
71,1299,67,65,62,65,62,64,64,65,64,65,65,60,67,64,70,59,67,67,69,68,1,1,1,1,1,1,1,1,1,1,1,1,1,1,1,1,1,1,1,1,
72,1319,68,66,63,66,63,65,65,66,65,66,66,61,68,65,71,60,68,68,70,69,1,1,1,1,1,1,1,1,1,1,1,1,1,1,1,1,1,1,1,1,
73,1339,69,67,64,67,64,66,66,67,66,67,67,62,69,66,72,61,69,69,71,70,1,1,1,1,1,1,1,1,1,1,1,1,1,1,1,1,1,1,1,1,
74,1359,70,68,65,68,65,67,67,68,67,68,68,63,70,67,73,62,70,70,72,71,1,1,1,1,1,1,1,1,1,1,1,1,1,1,1,1,1,1,1,1,
75,1379,71,69,66,69,66,68,68,69,68,69,69,64,71,68,74,63,71,71,73,72,1,1,1,1,1,1,1,1,1,1,1,1,1,1,1,1,1,1,1,1,
76,1399,72,70,67,70,67,69,69,70,69,70,70,65,72,69,75,64,72,72,74,73,1,1,1,1,1,1,1,1,1,1,1,1,1,1,1,1,1,1,1,1,
77,1419,73,71,68,71,68,70,70,71,70,71,71,66,73,70,76,65,73,73,75,74,1,1,1,1,1,1,1,1,1,1,1,1,1,1,1,1,1,1,1,1,
78,1439,74,72,69,72,69,71,71,72,71,72,72,67,74,71,77,66,74,74,76,75,1,1,1,1,1,1,1,1,1,1,1,1,1,1,1,1,1,1,1,1,
79,1459,75,73,70,73,70,72,72,73,72,73,73,68,75,72,78,67,75,75,77,76,1,1,1,1,1,1,1,1,1,1,1,1,1,1,1,1,1,1,1,1,
80,1479,76,74,71,74,71,73,73,74,73,74,74,69,76,73,79,68,76,76,78,77,1,1,1,1,1,1,1,1,1,1,1,1,1,1,1,1,1,1,1,1,
81,1499,77,75,72,75,72,74,74,75,74,75,75,70,77,74,80,69,77,77,79,78,1,1,1,1,1,1,1,1,1,1,1,1,1,1,1,1,1,1,1,1,
82,1518,78,76,73,76,73,75,75,76,75,76,76,70,78,75,81,70,78,78,80,79,1,1,1,1,1,1,1,1,1,1,1,0,1,1,1,1,1,1,1,1,
83,1537,79,77,74,77,74,76,76,77,76,77,77,70,79,76,82,71,79,79,81,80,1,1,1,1,1,1,1,1,1,1,1,0,1,1,1,1,1,1,1,1,
84,1556,80,78,75,78,75,77,77,78,77,78,78,70,80,77,83,72,80,80,82,81,1,1,1,1,1,1,1,1,1,1,1,0,1,1,1,1,1,1,1,1,
85,1575,81,79,76,79,76,78,78,79,78,79,79,70,81,78,84,73,81,81,83,82,1,1,1,1,1,1,1,1,1,1,1,0,1,1,1,1,1,1,1,1,
86,1594,82,80,77,80,77,79,79,80,79,80,80,70,82,79,85,74,82,82,84,83,1,1,1,1,1,1,1,1,1,1,1,1,1,1,1,1,1,1,1,1,
87,1614,83,81,78,81,78,80,80,81,80,81,81,71,83,80,86,75,83,83,85,84,1,1,1,1,1,1,1,1,1,1,1,1,1,1,1,1,1,1,1,1,
88,1634,84,82,79,82,79,81,81,82,81,82,82,72,84,81,87,76,84,84,86,85,1,1,1,1,1,1,1,1,1,1,1,1,1,1,1,1,1,1,1,1,
89,1654,85,83,80,83,80,82,82,83,82,83,83,73,85,82,88,77,85,85,87,86,1,1,1,1,1,1,1,1,1,1,1,1,1,1,1,1,1,1,1,1,
90,1674,86,84,81,84,81,83,83,84,83,84,84,74,86,83,89,78,86,86,88,87,1,1,1,1,1,1,1,1,1,1,1,1,1,1,1,1,1,1,1,1,
91,1694,87,85,82,85,82,84,84,85,84,85,85,75,87,84,90,79,87,87,89,88,1,1,1,1,1,1,1,1,1,1,1,1,1,1,1,1,1,1,1,1,
92,1714,88,86,83,86,83,85,85,86,85,86,86,76,88,85,91,80,88,88,90,89,1,1,1,1,1,1,1,1,1,1,1,1,1,1,1,1,1,1,1,1,
93,1734,89,87,84,87,84,86,86,87,86,87,87,77,89,86,92,81,89,89,91,90,1,1,1,1,1,1,1,1,1,1,1,1,1,1,1,1,1,1,1,1,
94,1754,90,88,85,88,85,87,87,88,87,88,88,78,90,87,93,82,90,90,92,91,1,1,1,1,1,1,1,1,1,1,1,1,1,1,1,1,1,1,1,1,
95,1774,91,89,86,89,86,88,88,89,88,89,89,79,91,88,94,83,91,91,93,92,1,1,1,1,1,1,1,1,1,1,1,1,1,1,1,1,1,1,1,1,
96,1794,92,90,87,90,87,89,89,90,89,90,90,80,92,89,95,84,92,92,94,93,1,1,1,1,1,1,1,1,1,1,1,1,1,1,1,1,1,1,1,1,
97,1814,93,91,88,91,88,90,90,91,90,91,91,81,93,90,96,85,93,93,95,94,1,1,1,1,1,1,1,1,1,1,1,1,1,1,1,1,1,1,1,1,
98,1834,94,92,89,92,89,91,91,92,91,92,92,82,94,91,97,86,94,94,96,95,1,1,1,1,1,1,1,1,1,1,1,1,1,1,1,1,1,1,1,1,
99,1854,95,93,90,93,90,92,92,93,92,93,93,83,95,92,98,87,95,95,97,96,1,1,1,1,1,1,1,1,1,1,1,1,1,1,1,1,1,1,1,1,
100,1874,96,94,91,94,91,93,93,94,93,94,94,84,96,93,99,88,96,96,98,97,1,1,1,1,1,1,1,1,1,1,1,1,1,1,1,1,1,1,1,1,
101,1894,97,95,92,95,92,94,94,95,94,95,95,85,97,94,100,89,97,97,99,98,1,1,1,1,1,1,1,1,1,1,1,1,1,1,1,1,1,1,1,1,
102,1914,98,96,93,96,93,95,95,96,95,96,96,86,98,95,101,90,98,98,100,99,1,1,1,1,1,1,1,1,1,1,1,1,1,1,1,1,1,1,1,1,
103,1934,99,97,94,97,94,96,96,97,96,97,97,87,99,96,102,91,99,99,101,100,1,1,1,1,1,1,1,1,1,1,1,1,1,1,1,1,1,1,1,1,
104,1954,100,98,95,98,95,97,97,98,97,98,98,88,100,97,103,92,100,100,102,101,1,1,1,1,1,1,1,1,1,1,1,1,1,1,1,1,1,1,1,1,
105,1974,101,99,96,99,96,98,98,99,98,99,99,89,101,98,104,93,101,101,103,102,1,1,1,1,1,1,1,1,1,1,1,1,1,1,1,1,1,1,1,1,
106,1994,102,100,97,100,97,99,99,100,99,100,100,90,102,99,105,94,102,102,104,103,1,1,1,1,1,1,1,1,1,1,1,1,1,1,1,1,1,1,1,1,
107,2014,103,101,98,101,98,100,100,101,100,101,101,91,103,100,106,95,103,103,105,104,1,1,1,1,1,1,1,1,1,1,1,1,1,1,1,1,1,1,1,1,
108,2034,104,102,99,102,99,101,101,102,101,102,102,92,104,101,107,96,104,104,106,105,1,1,1,1,1,1,1,1,1,1,1,1,1,1,1,1,1,1,1,1,
109,2054,105,103,100,103,100,102,102,103,102,103,103,93,105,102,108,97,105,105,107,106,1,1,1,1,1,1,1,1,1,1,1,1,1,1,1,1,1,1,1,1,
110,2074,106,104,101,104,101,103,103,104,103,104,104,94,106,103,109,98,106,106,108,107,1,1,1,1,1,1,1,1,1,1,1,1,1,1,1,1,1,1,1,1,
111,2094,107,105,102,105,102,104,104,105,104,105,105,95,107,104,110,99,107,107,109,108,1,1,1,1,1,1,1,1,1,1,1,1,1,1,1,1,1,1,1,1,
112,2114,108,106,103,106,103,105,105,106,105,106,106,96,108,105,111,100,108,108,110,109,1,1,1,1,1,1,1,1,1,1,1,1,1,1,1,1,1,1,1,1,
113,2134,109,107,104,107,104,106,106,107,106,107,107,97,109,106,112,101,109,109,111,110,1,1,1,1,1,1,1,1,1,1,1,1,1,1,1,1,1,1,1,1,
114,2154,110,108,105,108,105,107,107,108,107,108,108,98,110,107,113,102,110,110,112,111,1,1,1,1,1,1,1,1,1,1,1,1,1,1,1,1,1,1,1,1,
115,2174,111,109,106,109,106,108,108,109,108,109,109,99,111,108,114,103,111,111,113,112,1,1,1,1,1,1,1,1,1,1,1,1,1,1,1,1,1,1,1,1,
116,2194,112,110,107,110,107,109,109,110,109,110,110,100,112,109,115,104,112,112,114,113,1,1,1,1,1,1,1,1,1,1,1,1,1,1,1,1,1,1,1,1,
117,2214,113,111,108,111,108,110,110,111,110,111,111,101,113,110,116,105,113,113,115,114,1,1,1,1,1,1,1,1,1,1,1,1,1,1,1,1,1,1,1,1,
118,2234,114,112,109,112,109,111,111,112,111,112,112,102,114,111,117,106,114,114,116,115,1,1,1,1,1,1,1,1,1,1,1,1,1,1,1,1,1,1,1,1,
119,2254,115,113,110,113,110,112,112,113,112,113,113,103,115,112,118,107,115,115,117,116,1,1,1,1,1,1,1,1,1,1,1,1,1,1,1,1,1,1,1,1,
120,2274,116,114,111,114,111,113,113,114,113,114,114,104,116,113,119,108,116,116,118,117,1,1,1,1,1,1,1,1,1,1,1,1,1,1,1,1,1,1,1,1,
121,2294,117,115,112,115,112,114,114,115,114,115,115,105,117,114,120,109,117,117,119,118,1,1,1,1,1,1,1,1,1,1,1,1,1,1,1,1,1,1,1,1,
122,2314,118,116,113,116,113,115,115,116,115,116,116,106,118,115,121,110,118,118,120,119,1,1,1,1,1,1,1,1,1,1,1,1,1,1,1,1,1,1,1,1,
123,2334,119,117,114,117,114,116,116,117,116,117,117,107,119,116,122,111,119,119,121,120,1,1,1,1,1,1,1,1,1,1,1,1,1,1,1,1,1,1,1,1,
124,2354,120,118,115,118,115,117,117,118,117,118,118,108,120,117,123,112,120,120,122,121,1,1,1,1,1,1,1,1,1,1,1,1,1,1,1,1,1,1,1,1,
125,2374,121,119,116,119,116,118,118,119,118,119,119,109,121,118,124,113,121,121,123,122,1,1,1,1,1,1,1,1,1,1,1,1,1,1,1,1,1,1,1,1,
126,2394,122,120,117,120,117,119,119,120,119,120,120,110,122,119,125,114,122,122,124,123,1,1,1,1,1,1,1,1,1,1,1,1,1,1,1,1,1,1,1,1,
127,2414,123,121,118,121,118,120,120,121,120,121,121,111,123,120,126,115,123,123,125,124,1,1,1,1,1,1,1,1,1,1,1,1,1,1,1,1,1,1,1,1,
128,2434,124,122,119,122,119,121,121,122,121,122,122,112,124,121,127,116,124,124,126,125,1,1,1,1,1,1,1,1,1,1,1,1,1,1,1,1,1,1,1,1,
129,2454,125,123,120,123,120,122,122,123,122,123,123,113,125,122,128,117,125,125,127,126,1,1,1,1,1,1,1,1,1,1,1,1,1,1,1,1,1,1,1,1,
130,2474,126,124,121,124,121,123,123,124,123,124,124,114,126,123,129,118,126,126,128,127,1,1,1,1,1,1,1,1,1,1,1,1,1,1,1,1,1,1,1,1,
131,2494,127,125,122,125,122,124,124,125,124,125,125,115,127,124,130,119,127,127,129,128,1,1,1,1,1,1,1,1,1,1,1,1,1,1,1,1,1,1,1,1,
132,2514,128,126,123,126,123,125,125,126,125,126,126,116,128,125,131,120,128,128,130,129,1,1,1,1,1,1,1,1,1,1,1,1,1,1,1,1,1,1,1,1,
133,2534,129,127,124,127,124,126,126,127,126,127,127,117,129,126,132,121,129,129,131,130,1,1,1,1,1,1,1,1,1,1,1,1,1,1,1,1,1,1,1,1,
134,2554,130,128,125,128,125,127,127,128,127,128,128,118,130,127,133,122,130,130,132,131,1,1,1,1,1,1,1,1,1,1,1,1,1,1,1,1,1,1,1,1,
135,2574,131,129,126,129,126,128,128,129,128,129,129,119,131,128,134,123,131,131,133,132,1,1,1,1,1,1,1,1,1,1,1,1,1,1,1,1,1,1,1,1,
136,2594,132,130,127,130,127,129,129,130,129,130,130,120,132,129,135,124,132,132,134,133,1,1,1,1,1,1,1,1,1,1,1,1,1,1,1,1,1,1,1,1,
137,2614,133,131,128,131,128,130,130,131,130,131,131,121,133,130,136,125,133,133,135,134,1,1,1,1,1,1,1,1,1,1,1,1,1,1,1,1,1,1,1,1,
138,2634,134,132,129,132,129,131,131,132,131,132,132,122,134,131,137,126,134,134,136,135,1,1,1,1,1,1,1,1,1,1,1,1,1,1,1,1,1,1,1,1,
139,2654,135,133,130,133,130,132,132,133,132,133,133,123,135,132,138,127,135,135,137,136,1,1,1,1,1,1,1,1,1,1,1,1,1,1,1,1,1,1,1,1,
140,2673,136,134,131,134,131,133,133,134,132,134,134,124,136,133,139,128,136,136,138,137,1,1,1,1,1,1,1,1,0,1,1,1,1,1,1,1,1,1,1,1,
141,2692,137,135,132,135,132,134,134,135,132,135,135,125,137,134,140,129,137,137,139,138,1,1,1,1,1,1,1,1,1,1,1,1,1,1,1,1,1,1,1,1,
142,2712,138,136,133,136,133,135,135,136,133,136,136,126,138,135,141,130,138,138,140,139,1,1,1,1,1,1,1,1,1,1,1,1,1,1,1,1,1,1,1,1,
143,2732,139,137,134,137,134,136,136,137,134,137,137,127,139,136,142,131,139,139,141,140,1,1,1,1,1,1,1,1,1,1,1,1,1,1,1,1,1,1,1,1,
144,2752,140,138,135,138,135,137,137,138,135,138,138,128,140,137,143,132,140,140,142,141,1,1,1,1,1,1,1,1,1,1,1,1,1,1,1,1,1,1,1,1,
145,2772,141,139,136,139,136,138,138,139,136,139,139,129,141,138,144,133,141,141,143,142,1,1,1,1,1,1,1,1,1,1,1,1,1,1,1,1,1,1,1,1,
146,2792,142,140,137,140,137,139,139,140,137,140,140,130,142,139,145,134,142,142,144,143,1,1,1,1,1,1,1,1,1,1,1,1,1,1,1,1,1,1,1,1,
147,2812,143,141,138,141,138,140,140,141,138,141,141,131,143,140,146,135,143,143,145,144,1,1,1,1,1,1,1,1,1,1,1,1,1,1,1,1,1,1,1,1,
148,2832,144,142,139,142,139,141,141,142,139,142,142,132,144,141,147,136,144,144,146,145,1,1,1,1,1,1,1,1,1,1,1,1,1,1,1,1,1,1,1,1,
149,2852,145,143,140,143,140,142,142,143,140,143,143,133,145,142,148,137,145,145,147,146,1,1,1,1,1,1,1,1,1,1,1,1,1,1,1,1,1,1,1,1,
150,2872,146,144,141,144,141,143,143,144,141,144,144,134,146,143,149,138,146,146,148,147,1,1,1,1,1,1,1,1,1,1,1,1,1,1,1,1,1,1,1,1,
151,2892,147,145,142,145,142,144,144,145,142,145,145,135,147,144,150,139,147,147,149,148,1,1,1,1,1,1,1,1,1,1,1,1,1,1,1,1,1,1,1,1,
152,2912,148,146,143,146,143,145,145,146,143,146,146,136,148,145,151,140,148,148,150,149,1,1,1,1,1,1,1,1,1,1,1,1,1,1,1,1,1,1,1,1,
153,2932,149,147,144,147,144,146,146,147,144,147,147,137,149,146,152,141,149,149,151,150,1,1,1,1,1,1,1,1,1,1,1,1,1,1,1,1,1,1,1,1,
154,2952,150,148,145,148,145,147,147,148,145,148,148,138,150,147,153,142,150,150,152,151,1,1,1,1,1,1,1,1,1,1,1,1,1,1,1,1,1,1,1,1,
155,2972,151,149,146,149,146,148,148,149,146,149,149,139,151,148,154,143,151,151,153,152,1,1,1,1,1,1,1,1,1,1,1,1,1,1,1,1,1,1,1,1,
156,2992,152,150,147,150,147,149,149,150,147,150,150,140,152,149,155,144,152,152,154,153,1,1,1,1,1,1,1,1,1,1,1,1,1,1,1,1,1,1,1,1,
157,3012,153,151,148,151,148,150,150,151,148,151,151,141,153,150,156,145,153,153,155,154,1,1,1,1,1,1,1,1,1,1,1,1,1,1,1,1,1,1,1,1,
158,3032,154,152,149,152,149,151,151,152,149,152,152,142,154,151,157,146,154,154,156,155,1,1,1,1,1,1,1,1,1,1,1,1,1,1,1,1,1,1,1,1,
159,3052,155,153,150,153,150,152,152,153,150,153,153,143,155,152,158,147,155,155,157,156,1,1,1,1,1,1,1,1,1,1,1,1,1,1,1,1,1,1,1,1,
160,3072,156,154,151,154,151,153,153,154,151,154,154,144,156,153,159,148,156,156,158,157,1,1,1,1,1,1,1,1,1,1,1,1,1,1,1,1,1,1,1,1,
161,3092,157,155,152,155,152,154,154,155,152,155,155,145,157,154,160,149,157,157,159,158,1,1,1,1,1,1,1,1,1,1,1,1,1,1,1,1,1,1,1,1,
162,3112,158,156,153,156,153,155,155,156,153,156,156,146,158,155,161,150,158,158,160,159,1,1,1,1,1,1,1,1,1,1,1,1,1,1,1,1,1,1,1,1,
163,3132,159,157,154,157,154,156,156,157,154,157,157,147,159,156,162,151,159,159,161,160,1,1,1,1,1,1,1,1,1,1,1,1,1,1,1,1,1,1,1,1,
164,3152,160,158,155,158,155,157,157,158,155,158,158,148,160,157,163,152,160,160,162,161,1,1,1,1,1,1,1,1,1,1,1,1,1,1,1,1,1,1,1,1,
165,3172,161,159,156,159,156,158,158,159,156,159,159,149,161,158,164,153,161,161,163,162,1,1,1,1,1,1,1,1,1,1,1,1,1,1,1,1,1,1,1,1,
166,3192,162,160,157,160,157,159,159,160,157,160,160,150,162,159,165,154,162,162,164,163,1,1,1,1,1,1,1,1,1,1,1,1,1,1,1,1,1,1,1,1,
167,3212,163,161,158,161,158,160,160,161,158,161,161,151,163,160,166,155,163,163,165,164,1,1,1,1,1,1,1,1,1,1,1,1,1,1,1,1,1,1,1,1,
168,3232,164,162,159,162,159,161,161,162,159,162,162,152,164,161,167,156,164,164,166,165,1,1,1,1,1,1,1,1,1,1,1,1,1,1,1,1,1,1,1,1,
169,3252,165,163,160,163,160,162,162,163,160,163,163,153,165,162,168,157,165,165,167,166,1,1,1,1,1,1,1,1,1,1,1,1,1,1,1,1,1,1,1,1,
170,3272,166,164,161,164,161,163,163,164,161,164,164,154,166,163,169,158,166,166,168,167,1,1,1,1,1,1,1,1,1,1,1,1,1,1,1,1,1,1,1,1,
171,3292,167,165,162,165,162,164,164,165,162,165,165,155,167,164,170,159,167,167,169,168,1,1,1,1,1,1,1,1,1,1,1,1,1,1,1,1,1,1,1,1,
172,3310,168,166,163,165,163,165,164,166,163,166,166,156,168,165,171,160,168,168,170,169,1,1,1,1,1,1,0,1,1,1,1,1,1,1,1,1,1,1,1,1,
173,3329,169,167,164,166,164,166,164,167,164,167,167,157,169,166,172,161,169,169,171,170,1,1,1,1,1,1,0,1,1,1,1,1,1,1,1,1,1,1,1,1,
174,3348,170,168,165,167,165,167,164,168,165,168,168,158,170,167,173,162,170,170,172,171,1,1,1,1,1,1,1,1,1,1,1,1,1,1,1,1,1,1,1,1,
175,3367,171,169,166,168,166,168,164,169,166,169,169,159,171,168,174,163,171,171,173,172,1,1,1,1,1,1,1,1,1,1,1,1,1,1,1,1,1,1,1,1,
176,3387,172,170,167,169,167,169,165,170,167,170,170,160,172,169,175,164,172,172,174,173,1,1,1,1,1,1,1,1,1,1,1,1,1,1,1,1,1,1,1,1,
177,3407,173,171,168,170,168,170,166,171,168,171,171,161,173,170,176,165,173,173,175,174,1,1,1,1,1,1,1,1,1,1,1,1,1,1,1,1,1,1,1,1,
178,3426,174,172,169,171,168,171,167,172,169,172,172,162,174,171,177,166,174,174,176,175,1,1,1,1,1,1,1,1,1,1,1,1,1,1,1,1,1,1,1,1,
179,3446,175,173,170,172,169,172,168,173,170,173,173,163,175,172,178,167,175,175,177,176,1,1,1,1,1,1,1,1,1,1,1,1,1,1,1,1,1,1,1,1,
180,3466,176,174,171,173,170,173,169,174,171,174,174,164,176,173,179,168,176,176,178,177,1,1,1,1,1,1,1,1,1,1,1,1,1,1,1,1,1,1,1,1,
181,3486,177,175,172,174,171,174,170,175,172,175,175,165,177,174,180,169,177,177,179,178,1,1,1,1,1,1,1,1,1,1,1,1,1,1,1,1,1,1,1,1,
182,3506,178,176,173,175,172,175,171,176,173,176,176,166,178,175,181,170,178,178,180,179,1,1,1,1,1,1,1,1,1,1,1,1,1,1,1,1,1,1,1,1,
183,3526,179,177,174,176,173,176,172,177,174,177,177,167,179,176,182,171,179,179,181,180,1,1,1,1,1,1,1,1,1,1,1,1,1,1,1,1,1,1,1,1,
184,3546,180,178,175,177,174,177,173,178,175,178,178,168,180,177,183,172,180,180,182,181,1,1,1,1,1,1,1,1,1,1,1,1,1,1,1,1,1,1,1,1,
185,3566,181,179,176,178,175,178,174,179,176,179,179,169,181,178,184,173,181,181,183,182,1,1,1,1,1,1,1,1,1,1,1,1,1,1,1,1,1,1,1,1,
186,3586,182,180,177,179,176,179,175,180,177,180,180,170,182,179,185,174,182,182,184,183,1,1,1,1,1,1,1,1,1,1,1,1,1,1,1,1,1,1,1,1,
187,3606,183,181,178,180,177,180,176,181,178,181,181,171,183,180,186,175,183,183,185,184,1,1,1,1,1,1,1,1,1,1,1,1,1,1,1,1,1,1,1,1,
188,3626,184,182,179,181,178,181,177,182,179,182,182,172,184,181,187,176,184,184,186,185,1,1,1,1,1,1,1,1,1,1,1,1,1,1,1,1,1,1,1,1,
189,3646,185,183,180,182,179,182,178,183,180,183,183,173,185,182,188,177,185,185,187,186,1,1,1,1,1,1,1,1,1,1,1,1,1,1,1,1,1,1,1,1,
190,3664,186,184,181,183,180,183,178,184,181,184,184,174,186,182,189,178,186,186,188,187,1,1,1,1,1,1,0,1,1,1,1,1,1,1,1,1,1,1,1,1,
191,3683,187,185,182,184,181,184,178,185,182,185,185,175,187,183,190,179,187,187,189,188,1,1,1,1,1,1,1,1,1,1,1,1,1,1,1,1,1,1,1,1,
192,3703,188,186,183,185,182,185,179,186,183,186,186,176,188,184,191,180,188,188,190,189,1,1,1,1,1,1,1,1,1,1,1,1,1,1,1,1,1,1,1,1,
193,3722,189,187,184,186,182,186,180,187,184,187,187,177,189,185,192,181,189,189,191,190,1,1,1,1,1,1,1,1,1,1,1,1,1,1,1,1,1,1,1,1,
194,3742,190,188,185,187,183,187,181,188,185,188,188,178,190,186,193,182,190,190,192,191,1,1,1,1,1,1,1,1,1,1,1,1,1,1,1,1,1,1,1,1,
195,3762,191,189,186,188,184,188,182,189,186,189,189,179,191,187,194,183,191,191,193,192,1,1,1,1,1,1,1,1,1,1,1,1,1,1,1,1,1,1,1,1,
196,3782,192,190,187,189,185,189,183,190,187,190,190,180,192,188,195,184,192,192,194,193,1,1,1,1,1,1,1,1,1,1,1,1,1,1,1,1,1,1,1,1,
197,3802,193,191,188,190,186,190,184,191,188,191,191,181,193,189,196,185,193,193,195,194,1,1,1,1,1,1,1,1,1,1,1,1,1,1,1,1,1,1,1,1,
198,3822,194,192,189,191,187,191,185,192,189,192,192,182,194,190,197,186,194,194,196,195,1,1,1,1,1,1,1,1,1,1,1,1,1,1,1,1,1,1,1,1,
199,3842,195,193,190,192,188,192,186,193,190,193,193,183,195,191,198,187,195,195,197,196,1,1,1,1,1,1,1,1,1,1,1,1,1,1,1,1,1,1,1,1,
200,3862,196,194,191,193,189,193,187,194,191,194,194,184,196,192,199,188,196,196,198,197,1,1,1,1,1,1,1,1,1,1,1,1,1,1,1,1,1,1,1,1,
201,3881,197,195,192,194,190,194,187,195,192,195,195,185,197,193,200,189,197,197,199,198,1,1,1,1,1,1,1,1,1,1,1,1,1,1,1,1,1,1,1,1,
202,3901,198,196,193,195,191,195,188,196,193,196,196,186,198,194,201,190,198,198,200,199,1,1,1,1,1,1,1,1,1,1,1,1,1,1,1,1,1,1,1,1,
203,3921,199,197,194,196,192,196,189,197,194,197,197,187,199,195,202,191,199,199,201,200,1,1,1,1,1,1,1,1,1,1,1,1,1,1,1,1,1,1,1,1,
204,3940,200,198,195,197,193,197,189,198,195,198,198,188,200,196,203,192,200,200,202,201,1,1,1,1,1,1,1,1,1,1,1,1,1,1,1,1,1,1,1,1,
205,3960,201,199,196,198,194,198,190,199,196,199,199,189,201,197,204,193,201,201,203,202,1,1,1,1,1,1,1,1,1,1,1,1,1,1,1,1,1,1,1,1,
206,3980,202,200,197,199,195,199,191,200,197,200,200,190,202,198,205,194,202,202,204,203,1,1,1,1,1,1,1,1,1,1,1,1,1,1,1,1,1,1,1,1,
207,4000,203,201,198,200,196,200,192,201,198,201,201,191,203,199,206,195,203,203,205,204,1,1,1,1,1,1,1,1,1,1,1,1,1,1,1,1,1,1,1,1,
208,4020,204,202,199,201,197,201,193,202,199,202,202,192,204,200,207,196,204,204,206,205,1,1,1,1,1,1,1,1,1,1,1,1,1,1,1,1,1,1,1,1,
209,4040,205,203,200,202,198,202,194,203,200,203,203,193,205,201,208,197,205,205,207,206,1,1,1,1,1,1,1,1,1,1,1,1,1,1,1,1,1,1,1,1,
210,4060,206,204,201,203,199,203,195,204,201,204,204,194,206,202,209,198,206,206,208,207,1,1,1,1,1,1,1,1,1,1,1,1,1,1,1,1,1,1,1,1,
211,4079,207,205,202,204,200,204,195,205,202,205,205,195,207,203,210,199,207,207,209,208,1,1,1,1,1,1,1,1,1,1,1,1,1,1,1,1,1,1,1,1,
212,4098,208,206,203,204,201,205,196,206,203,206,206,196,208,204,211,200,208,208,210,209,1,1,1,1,1,1,1,1,1,1,1,1,1,1,1,1,1,1,1,1,
213,4118,209,207,204,205,202,206,197,207,204,207,207,197,209,205,212,201,209,209,211,210,1,1,1,1,1,1,1,1,1,1,1,1,1,1,1,1,1,1,1,1,
214,4138,210,208,205,206,203,207,198,208,205,208,208,198,210,206,213,202,210,210,212,211,1,1,1,1,1,1,1,1,1,1,1,1,1,1,1,1,1,1,1,1,
215,4157,211,209,206,206,204,208,199,209,206,209,209,199,211,207,214,203,211,211,213,212,1,1,1,0,1,1,1,1,1,1,1,1,1,1,1,1,1,1,1,1,
216,4176,212,210,207,206,205,209,200,210,207,210,210,200,212,208,215,204,212,212,214,213,1,1,1,1,1,1,1,1,1,1,1,1,1,1,1,1,1,1,1,1,
217,4196,213,211,208,207,206,210,201,211,208,211,211,201,213,209,216,205,213,213,215,214,1,1,1,1,1,1,1,1,1,1,1,1,1,1,1,1,1,1,1,1,
218,4216,214,212,209,208,207,211,202,212,209,212,212,202,214,210,217,206,214,214,216,215,1,1,1,1,1,1,1,1,1,1,1,1,1,1,1,1,1,1,1,1,
219,4236,215,213,210,209,208,212,203,213,210,213,213,203,215,211,218,207,215,215,217,216,1,1,1,1,1,1,1,1,1,1,1,1,1,1,1,1,1,1,1,1,
220,4256,216,214,211,210,209,213,204,214,211,214,214,204,216,212,219,208,216,216,218,217,1,1,1,1,1,1,1,1,1,1,1,1,1,1,1,1,1,1,1,1,
221,4276,217,215,212,211,210,214,205,215,212,215,215,205,217,213,220,209,217,217,219,218,1,1,1,1,1,1,1,1,1,1,1,1,1,1,1,1,1,1,1,1,
222,4296,218,216,213,212,211,215,206,216,213,216,216,206,218,214,221,210,218,218,220,219,1,1,1,1,1,1,1,1,1,1,1,1,1,1,1,1,1,1,1,1,
223,4316,219,217,214,213,212,216,207,217,214,217,217,207,219,215,222,211,219,219,221,220,1,1,1,1,1,1,1,1,1,1,1,1,1,1,1,1,1,1,1,1,
224,4336,220,218,215,214,213,217,208,218,215,218,218,208,220,216,223,212,220,220,222,221,1,1,1,1,1,1,1,1,1,1,1,1,1,1,1,1,1,1,1,1,
225,4356,221,219,216,215,214,218,209,219,216,219,219,209,221,217,224,213,221,221,223,222,1,1,1,1,1,1,1,1,1,1,1,1,1,1,1,1,1,1,1,1,
226,4376,222,220,217,216,215,219,210,220,217,220,220,210,222,218,225,214,222,222,224,223,1,1,1,1,1,1,1,1,1,1,1,1,1,1,1,1,1,1,1,1,
227,4396,223,221,218,217,216,220,211,221,218,221,221,211,223,219,226,215,223,223,225,224,1,1,1,1,1,1,1,1,1,1,1,1,1,1,1,1,1,1,1,1,
228,4416,224,222,219,218,217,221,212,222,219,222,222,212,224,220,227,216,224,224,226,225,1,1,1,1,1,1,1,1,1,1,1,1,1,1,1,1,1,1,1,1,
229,4435,225,223,220,218,218,222,213,223,220,223,223,213,225,221,228,217,225,225,227,226,1,1,1,1,1,1,1,1,1,1,1,1,1,1,1,1,1,1,1,1,
230,4455,226,224,221,219,219,223,214,224,221,224,224,214,226,222,229,218,226,226,228,227,1,1,1,1,1,1,1,1,1,1,1,1,1,1,1,1,1,1,1,1,
231,4475,227,225,222,220,220,224,215,225,222,225,225,215,227,223,230,219,227,227,229,228,1,1,1,1,1,1,1,1,1,1,1,1,1,1,1,1,1,1,1,1,
232,4493,228,226,223,220,221,225,216,226,223,225,226,216,228,224,231,220,228,228,230,229,1,1,1,0,1,1,1,1,1,0,1,1,1,1,1,1,1,1,1,1,
233,4511,229,227,224,220,222,226,217,227,224,225,227,217,229,225,232,221,229,229,231,230,1,1,1,1,1,1,1,1,1,1,1,1,1,1,1,1,1,1,1,1,
Completed in 233 rounds.
Completed in 73.3103 ms
