ROUND,TASKS COMPLETED,worker0 tasks,worker1 tasks,worker2 tasks,worker3 tasks,worker4 tasks,worker5 tasks,worker6 tasks,worker7 tasks,worker8 tasks,worker9 tasks,worker0 running,worker1 running,worker2 running,worker3 running,worker4 running,worker5 running,worker6 running,worker7 running,worker8 running,worker9 running,
1,0,0,0,0,0,0,0,0,0,0,0,1,1,0,0,0,0,0,1,0,0,
2,2,0,1,0,0,0,0,0,1,0,0,0,1,0,0,0,0,0,1,0,0,
3,4,0,2,0,0,0,0,0,2,0,0,0,1,0,0,1,0,0,1,1,1,
4,9,0,3,0,0,1,0,0,3,1,1,0,1,0,0,1,0,0,1,1,1,
5,13,0,4,0,0,2,0,0,3,2,2,0,1,1,0,1,0,0,0,1,1,
6,18,0,5,1,0,3,0,0,3,3,3,1,1,1,1,1,0,0,0,1,1,
7,24,1,6,2,1,4,0,0,3,3,4,1,1,1,1,1,1,1,0,0,1,
8,32,2,7,3,2,5,1,1,3,3,5,1,1,1,1,1,1,1,1,0,1,
9,41,3,8,4,3,6,2,2,4,3,6,1,1,1,1,1,1,1,1,0,1,
10,50,4,9,5,4,7,3,3,5,3,7,1,1,1,1,1,1,1,1,1,1,
11,60,5,10,6,5,8,4,4,6,4,8,1,1,1,1,1,1,1,1,1,1,
12,70,6,11,7,6,9,5,5,7,5,9,1,1,1,1,1,1,1,1,1,1,
13,80,7,12,8,7,10,6,6,8,6,10,1,1,1,1,1,1,1,1,1,1,
14,90,8,13,9,8,11,7,7,9,7,11,1,1,1,1,1,1,1,1,1,1,
15,100,9,14,10,9,12,8,8,10,8,12,1,1,1,1,1,1,1,1,1,1,
16,110,10,15,11,10,13,9,9,11,9,13,1,1,1,1,1,1,1,1,1,1,
17,120,11,16,12,11,14,10,10,12,10,14,1,1,1,1,1,1,1,1,1,1,
18,130,12,17,13,12,15,11,11,13,11,15,1,1,1,1,1,1,1,1,1,1,
19,140,13,18,14,13,16,12,12,14,12,16,1,1,1,1,1,1,1,1,1,1,
20,150,14,19,15,14,17,13,13,15,13,17,1,1,1,1,1,1,1,1,1,1,
21,160,15,20,16,15,18,14,14,16,14,18,1,1,1,1,1,1,1,1,1,1,
22,170,16,21,17,16,19,15,15,17,15,19,1,1,1,1,1,1,1,1,1,1,
23,180,17,22,18,17,20,16,16,18,16,20,1,1,1,1,1,1,1,1,1,1,
24,190,18,23,19,18,21,17,17,19,17,21,1,1,1,1,1,1,1,1,1,1,
25,200,19,24,20,19,22,18,18,20,18,22,1,1,1,1,1,1,1,1,1,1,
26,210,20,25,21,20,23,19,19,21,19,23,1,1,1,1,1,1,1,1,1,1,
27,220,21,26,22,21,24,20,20,22,20,24,1,1,1,1,1,1,1,1,1,1,
28,230,22,27,23,22,25,21,21,23,21,25,1,1,1,1,1,1,1,1,1,1,
29,240,23,28,24,23,26,22,22,24,22,26,1,1,1,1,1,1,1,1,1,1,
30,250,24,29,25,24,27,23,23,25,23,27,1,1,1,1,1,1,1,1,1,1,
31,260,25,30,26,25,28,24,24,26,24,28,1,1,1,1,1,1,1,1,1,1,
32,270,26,31,27,26,29,25,25,27,25,29,1,1,1,1,1,1,1,1,1,1,
33,280,27,32,28,27,30,26,26,28,26,30,1,1,1,1,1,1,1,1,1,1,
34,290,28,33,29,28,31,27,27,29,27,31,1,1,1,1,1,1,1,1,1,1,
35,300,29,34,30,29,32,28,28,30,28,32,1,1,1,1,1,1,1,1,1,1,
36,310,30,35,31,30,33,29,29,31,29,33,1,1,1,1,1,1,1,1,1,1,
37,320,31,36,32,31,34,30,30,32,30,34,1,1,1,1,1,1,1,1,1,1,
38,330,32,37,33,32,35,31,31,33,31,35,1,1,1,1,1,1,1,1,1,1,
39,340,33,38,34,33,36,32,32,34,32,36,1,1,1,1,1,1,1,1,1,1,
40,350,34,39,35,34,37,33,33,35,33,37,1,1,1,1,1,1,1,1,1,1,
41,360,35,40,36,35,38,34,34,36,34,38,1,1,1,1,1,1,1,1,1,1,
42,370,36,41,37,36,39,35,35,37,35,39,1,1,1,1,1,1,1,1,1,1,
43,380,37,42,38,37,40,36,36,38,36,40,1,1,1,1,1,1,1,1,1,1,
44,390,38,43,39,38,41,37,37,39,37,41,1,1,1,1,1,1,1,1,1,1,
45,400,39,44,40,39,42,38,38,40,38,42,1,1,1,1,1,1,1,1,1,1,
46,410,40,45,41,40,43,39,39,41,39,43,1,1,1,1,1,1,1,1,1,1,
47,420,41,46,42,41,44,40,40,42,40,44,1,1,1,1,1,1,1,1,1,1,
48,430,42,47,43,42,45,41,41,43,41,45,1,1,1,1,1,1,1,1,1,1,
49,440,43,48,44,43,46,42,42,44,42,46,1,1,1,1,1,1,1,1,1,1,
50,450,44,49,45,44,47,43,43,45,43,47,1,1,1,1,1,1,1,1,1,1,
51,460,45,50,46,45,48,44,44,46,44,48,1,1,1,1,1,1,1,1,1,1,
52,470,46,51,47,46,49,45,45,47,45,49,1,1,1,1,1,1,1,1,1,1,
53,480,47,52,48,47,50,46,46,48,46,50,1,1,1,1,1,1,1,1,1,1,
54,490,48,53,49,48,51,47,47,49,47,51,1,1,1,1,1,1,1,1,1,1,
55,500,49,54,50,49,52,48,48,50,48,52,1,1,1,1,1,1,1,1,1,1,
56,510,50,55,51,50,53,49,49,51,49,53,1,1,1,1,1,1,1,1,1,1,
57,520,51,56,52,51,54,50,50,52,50,54,1,1,1,1,1,1,1,1,1,1,
58,530,52,57,53,52,55,51,51,53,51,55,1,1,1,1,1,1,1,1,1,1,
59,540,53,58,54,53,56,52,52,54,52,56,1,1,1,1,1,1,1,1,1,1,
60,550,54,59,55,54,57,53,53,55,53,57,1,1,1,1,1,1,1,1,1,1,
61,560,55,60,56,55,58,54,54,56,54,58,1,1,1,1,1,1,1,1,1,1,
62,570,56,61,57,56,59,55,55,57,55,59,1,1,1,1,1,1,1,1,1,1,
63,580,57,62,58,57,60,56,56,58,56,60,1,1,1,1,1,1,1,1,1,1,
64,590,58,63,59,58,61,57,57,59,57,61,1,1,1,1,1,1,1,1,1,1,
65,600,59,64,60,59,62,58,58,60,58,62,1,1,1,1,1,1,1,1,1,1,
66,610,60,65,61,60,63,59,59,61,59,63,1,1,1,1,1,1,1,1,1,1,
67,620,61,66,62,61,64,60,60,62,60,64,1,1,1,1,1,1,1,1,1,1,
68,630,62,67,63,62,65,61,61,63,61,65,1,1,1,1,1,1,1,1,1,1,
69,640,63,68,64,63,66,62,62,64,62,66,1,1,1,1,1,1,1,1,1,1,
70,650,64,69,65,64,67,63,63,65,63,67,1,1,1,1,1,1,1,1,1,1,
71,660,65,70,66,65,68,64,64,66,64,68,1,1,1,1,1,1,1,1,1,1,
72,670,66,71,67,66,69,65,65,67,65,69,1,1,1,1,1,1,1,1,1,1,
73,680,67,72,68,67,70,66,66,68,66,70,1,1,1,1,1,1,1,1,1,1,
74,690,68,73,69,68,71,67,67,69,67,71,1,1,1,1,1,1,1,1,1,1,
75,700,69,74,70,69,72,68,68,70,68,72,1,1,1,1,1,1,1,1,1,1,
76,710,70,75,71,70,73,69,69,71,69,73,1,1,1,1,1,1,1,1,1,1,
77,720,71,76,72,71,74,70,70,72,70,74,1,1,1,1,1,1,1,1,1,1,
78,730,72,77,73,72,75,71,71,73,71,75,1,1,1,1,1,1,1,1,1,1,
79,740,73,78,74,73,76,72,72,74,72,76,1,1,1,1,1,1,1,1,1,1,
80,750,74,79,75,74,77,73,73,75,73,77,1,1,1,1,1,1,1,1,1,1,
81,760,75,80,76,75,78,74,74,76,74,78,1,1,1,1,1,1,1,1,1,1,
82,770,76,81,77,76,79,75,75,77,75,79,1,1,1,1,1,1,1,1,1,1,
83,780,77,82,78,77,80,76,76,78,76,80,1,1,1,1,1,1,1,1,1,1,
84,790,78,83,79,78,81,77,77,79,77,81,1,1,1,1,1,1,1,1,1,1,
85,800,79,84,80,79,82,78,78,80,78,82,1,1,1,1,1,1,1,1,1,1,
86,810,80,85,81,80,83,79,79,81,79,83,1,1,1,1,1,1,1,1,1,1,
87,820,81,86,82,81,84,80,80,82,80,84,1,1,1,1,1,1,1,1,1,1,
88,830,82,87,83,82,85,81,81,83,81,85,1,1,1,1,1,1,1,1,1,1,
89,840,83,88,84,83,86,82,82,84,82,86,1,1,1,1,1,1,1,1,1,1,
90,850,84,89,85,84,87,83,83,85,83,87,1,1,1,1,1,1,1,1,1,1,
91,860,85,90,86,85,88,84,84,86,84,88,1,1,1,1,1,1,1,1,1,1,
92,870,86,91,87,86,89,85,85,87,85,89,1,1,1,1,1,1,1,1,1,1,
93,880,87,92,88,87,90,86,86,88,86,90,1,1,1,1,1,1,1,1,1,1,
94,889,88,93,88,88,91,87,87,89,87,91,1,1,0,1,1,1,1,1,1,1,
95,898,89,94,88,89,92,88,88,90,88,92,1,1,0,1,1,1,1,1,1,1,
96,907,90,95,88,90,93,89,89,91,89,93,1,1,0,1,1,1,1,1,1,1,
97,916,91,96,88,91,94,90,90,92,90,94,1,1,0,1,1,1,1,1,1,1,
98,925,92,97,88,92,95,91,91,93,91,95,1,1,0,1,1,1,1,1,1,1,
99,934,93,98,88,93,96,92,92,94,92,96,1,1,1,1,1,1,1,1,1,1,
100,944,94,99,89,94,97,93,93,95,93,97,1,1,1,1,1,1,1,1,1,1,
101,954,95,100,90,95,98,94,94,96,94,98,1,1,1,1,1,1,1,1,1,1,
102,964,96,101,91,96,99,95,95,97,95,99,1,1,1,1,1,1,1,1,1,1,
103,974,97,102,92,97,100,96,96,98,96,100,1,1,1,1,1,1,1,1,1,1,
104,984,98,103,93,98,101,97,97,99,97,101,1,1,1,1,1,1,1,1,1,1,
105,994,99,104,94,99,102,98,98,100,98,102,1,1,1,1,1,1,1,1,1,1,
106,1004,100,105,95,100,103,99,99,101,99,103,1,1,1,1,1,1,1,1,1,1,
107,1014,101,106,96,101,104,100,100,102,100,104,1,1,1,1,1,1,1,1,1,1,
108,1024,102,107,97,102,105,101,101,103,101,105,1,1,1,1,1,1,1,1,1,1,
109,1033,103,108,97,103,106,102,102,104,102,106,1,1,1,1,1,1,1,1,1,1,
110,1043,104,109,98,104,107,103,103,105,103,107,1,1,1,1,1,1,1,1,1,1,
111,1053,105,110,99,105,108,104,104,106,104,108,1,1,1,1,1,1,1,1,1,1,
112,1063,106,111,100,106,109,105,105,107,105,109,1,1,1,1,1,1,1,1,1,1,
113,1073,107,112,101,107,110,106,106,108,106,110,1,1,1,1,1,1,1,1,1,1,
114,1083,108,113,102,108,111,107,107,109,107,111,1,1,1,1,1,1,1,1,1,1,
115,1093,109,114,103,109,112,108,108,110,108,112,1,1,1,1,1,1,1,1,1,1,
116,1103,110,115,104,110,113,109,109,111,109,113,1,1,1,1,1,1,1,1,1,1,
117,1113,111,116,105,111,114,110,110,112,110,114,1,1,1,1,1,1,1,1,1,1,
118,1123,112,117,106,112,115,111,111,113,111,115,1,1,1,1,1,1,1,1,1,1,
119,1133,113,118,107,113,116,112,112,114,112,116,1,1,1,1,1,1,1,1,1,1,
120,1143,114,119,108,114,117,113,113,115,113,117,1,1,1,1,1,1,1,1,1,1,
121,1153,115,120,109,115,118,114,114,116,114,118,1,1,1,1,1,1,1,1,1,1,
122,1163,116,121,110,116,119,115,115,117,115,119,1,1,1,1,1,1,1,1,1,1,
123,1173,117,122,111,117,120,116,116,118,116,120,1,1,1,1,1,1,1,1,1,1,
124,1183,118,123,112,118,121,117,117,119,117,121,1,1,1,1,1,1,1,1,1,1,
125,1193,119,124,113,119,122,118,118,120,118,122,1,1,1,1,1,1,1,1,1,1,
126,1203,120,125,114,120,123,119,119,121,119,123,1,1,1,1,1,1,1,1,1,1,
127,1213,121,126,115,121,124,120,120,122,120,124,1,1,1,1,1,1,1,1,1,1,
128,1223,122,127,116,122,125,121,121,123,121,125,1,1,1,1,1,1,1,1,1,1,
129,1233,123,128,117,123,126,122,122,124,122,126,1,1,1,1,1,1,1,1,1,1,
130,1243,124,129,118,124,127,123,123,125,123,127,1,1,1,1,1,1,1,1,1,1,
131,1253,125,130,119,125,128,124,124,126,124,128,1,1,1,1,1,1,1,1,1,1,
132,1263,126,131,120,126,129,125,125,127,125,129,1,1,1,1,1,1,1,1,1,1,
133,1273,127,132,121,127,130,126,126,128,126,130,1,1,1,1,1,1,1,1,1,1,
134,1283,128,133,122,128,131,127,127,129,127,131,1,1,1,1,1,1,1,1,1,1,
135,1293,129,134,123,129,132,128,128,130,128,132,1,1,1,1,1,1,1,1,1,1,
136,1303,130,135,124,130,133,129,129,131,129,133,1,1,1,1,1,1,1,1,1,1,
137,1313,131,136,125,131,134,130,130,132,130,134,1,1,1,1,1,1,1,1,1,1,
138,1323,132,137,126,132,135,131,131,133,131,135,1,1,1,1,1,1,1,1,1,1,
139,1333,133,138,127,133,136,132,132,134,132,136,1,1,1,1,1,1,1,1,1,1,
140,1343,134,139,128,134,137,133,133,135,133,137,1,1,1,1,1,1,1,1,1,1,
141,1353,135,140,129,135,138,134,134,136,134,138,1,1,1,1,1,1,1,1,1,1,
142,1363,136,141,130,136,139,135,135,137,135,139,1,1,1,1,1,1,1,1,1,1,
143,1373,137,142,131,137,140,136,136,138,136,140,1,1,1,1,1,1,1,1,1,1,
144,1383,138,143,132,138,141,137,137,139,137,141,1,1,1,1,1,1,1,1,1,1,
145,1393,139,144,133,139,142,138,138,140,138,142,1,1,1,1,1,1,1,1,1,1,
146,1403,140,145,134,140,143,139,139,141,139,143,1,1,1,1,1,1,1,1,1,1,
147,1413,141,146,135,141,144,140,140,142,140,144,1,1,1,1,1,1,1,1,1,1,
148,1423,142,147,136,142,145,141,141,143,141,145,1,1,1,1,1,1,1,1,1,1,
149,1433,143,148,137,143,146,142,142,144,142,146,1,1,1,1,1,1,1,1,1,1,
150,1443,144,149,138,144,147,143,143,145,143,147,1,1,1,1,1,1,1,1,1,1,
151,1453,145,150,139,145,148,144,144,146,144,148,1,1,1,1,1,1,1,1,1,1,
152,1463,146,151,140,146,149,145,145,147,145,149,1,1,1,1,1,1,1,1,1,1,
153,1473,147,152,141,147,150,146,146,148,146,150,1,1,1,1,1,1,1,1,1,1,
154,1483,148,153,142,148,151,147,147,149,147,151,1,1,1,1,1,1,1,1,1,1,
155,1493,149,154,143,149,152,148,148,150,148,152,1,1,1,1,1,1,1,1,1,1,
156,1503,150,155,144,150,153,149,149,151,149,153,1,1,1,1,1,1,1,1,1,1,
157,1513,151,156,145,151,154,150,150,152,150,154,1,1,1,1,1,1,1,1,1,1,
158,1523,152,157,146,152,155,151,151,153,151,155,1,1,1,1,1,1,1,1,1,1,
159,1532,153,158,147,153,156,152,152,154,151,156,1,1,1,1,1,1,1,1,0,1,
160,1541,154,159,148,154,157,153,153,155,151,157,1,1,1,1,1,1,1,1,0,1,
161,1550,155,160,149,155,158,154,154,156,151,158,1,1,1,1,1,1,1,1,1,1,
162,1560,156,161,150,156,159,155,155,157,152,159,1,1,1,1,1,1,1,1,1,1,
163,1570,157,162,151,157,160,156,156,158,153,160,1,1,1,1,1,1,1,1,1,1,
164,1580,158,163,152,158,161,157,157,159,154,161,1,1,1,1,1,1,1,1,1,1,
165,1590,159,164,153,159,162,158,158,160,155,162,1,1,1,1,1,1,1,1,1,1,
166,1600,160,165,154,160,163,159,159,161,156,163,1,1,1,1,1,1,1,1,1,1,
167,1610,161,166,155,161,164,160,160,162,157,164,1,1,1,1,1,1,1,1,1,1,
168,1620,162,167,156,162,165,161,161,163,158,165,1,1,1,1,1,1,1,1,1,1,
169,1630,163,168,157,163,166,162,162,164,159,166,1,1,1,1,1,1,1,1,1,1,
170,1640,164,169,158,164,167,163,163,165,160,167,1,1,1,1,1,1,1,1,1,1,
171,1650,165,170,159,165,168,164,164,166,161,168,1,1,1,1,1,1,1,1,1,1,
172,1660,166,171,160,166,169,165,165,167,162,169,1,1,1,1,1,1,1,1,1,1,
173,1670,167,172,161,167,170,166,166,168,163,170,1,1,1,1,1,1,1,1,1,1,
174,1680,168,173,162,168,171,167,167,169,164,171,1,1,1,1,1,1,1,1,1,1,
175,1690,169,174,163,169,172,168,168,170,165,172,1,1,1,1,1,1,1,1,1,1,
176,1700,170,175,164,170,173,169,169,171,166,173,1,1,1,1,1,1,1,1,1,1,
177,1710,171,176,165,171,174,170,170,172,167,174,1,1,1,1,1,1,1,1,1,1,
178,1720,172,177,166,172,175,171,171,173,168,175,1,1,1,1,1,1,1,1,1,1,
179,1730,173,178,167,173,176,172,172,174,169,176,1,1,1,1,1,1,1,1,1,1,
180,1740,174,179,168,174,177,173,173,175,170,177,1,1,1,1,1,1,1,1,1,1,
181,1750,175,180,169,175,178,174,174,176,171,178,1,1,1,1,1,1,1,1,1,1,
182,1760,176,181,170,176,179,175,175,177,172,179,1,1,1,1,1,1,1,1,1,1,
183,1770,177,182,171,177,180,176,176,178,173,180,1,1,1,1,1,1,1,1,1,1,
184,1780,178,183,172,178,181,177,177,179,174,181,1,1,1,1,1,1,1,1,1,1,
185,1790,179,184,173,179,182,178,178,180,175,182,1,1,1,1,1,1,1,1,1,1,
186,1800,180,185,174,180,183,179,179,181,176,183,1,1,1,1,1,1,1,1,1,1,
187,1810,181,186,175,181,184,180,180,182,177,184,1,1,1,1,1,1,1,1,1,1,
188,1820,182,187,176,182,185,181,181,183,178,185,1,1,1,1,1,1,1,1,1,1,
189,1830,183,188,177,183,186,182,182,184,179,186,1,1,1,1,1,1,1,1,1,1,
190,1840,184,189,178,184,187,183,183,185,180,187,1,1,1,1,1,1,1,1,1,1,
191,1850,185,190,179,185,188,184,184,186,181,188,1,1,1,1,1,1,1,1,1,1,
192,1860,186,191,180,186,189,185,185,187,182,189,1,1,1,1,1,1,1,1,1,1,
193,1870,187,192,181,187,190,186,186,188,183,190,1,1,1,1,1,1,1,1,1,1,
194,1880,188,193,182,188,191,187,187,189,184,191,1,1,1,1,1,1,1,1,1,1,
195,1890,189,194,183,189,192,188,188,190,185,192,1,1,1,1,1,1,1,1,1,1,
196,1900,190,195,184,190,193,189,189,191,186,193,1,1,1,1,1,1,1,1,1,1,
197,1910,191,196,185,191,194,190,190,192,187,194,1,1,1,1,1,1,1,1,1,1,
198,1920,192,197,186,192,195,191,191,193,188,195,1,1,1,1,1,1,1,1,1,1,
199,1930,193,198,187,193,196,192,192,194,189,196,1,1,1,1,1,1,1,1,1,1,
200,1940,194,199,188,194,197,193,193,195,190,197,1,1,1,1,1,1,1,1,1,1,
201,1950,195,200,189,195,198,194,194,196,191,198,1,1,1,1,1,1,1,1,1,1,
202,1960,196,201,190,196,199,195,195,197,192,199,1,1,1,1,1,1,1,1,1,1,
203,1969,197,202,191,197,200,196,196,198,192,200,1,1,1,1,1,1,1,1,1,1,
204,1979,198,203,192,198,201,197,197,199,193,201,1,1,1,1,1,1,1,1,1,1,
205,1989,199,204,193,199,202,198,198,200,194,202,1,1,1,1,1,1,1,1,1,1,
206,1999,200,205,194,200,203,199,199,201,195,203,1,1,1,1,1,1,1,1,1,1,
207,2009,201,206,195,201,204,200,200,202,196,204,1,1,1,1,1,1,1,1,1,1,
208,2019,202,207,196,202,205,201,201,203,197,205,1,1,1,1,1,1,1,1,1,1,
209,2029,203,208,197,203,206,202,202,204,198,206,1,1,1,1,1,1,1,1,1,1,
210,2039,204,209,198,204,207,203,203,205,199,207,1,1,1,1,1,1,1,1,1,1,
211,2049,205,210,199,205,208,204,204,206,200,208,1,1,1,1,1,1,1,1,1,1,
212,2059,206,211,200,206,209,205,205,207,201,209,1,1,1,1,1,1,1,1,1,1,
213,2069,207,212,201,207,210,206,206,208,202,210,1,1,1,1,1,1,1,1,1,1,
214,2079,208,213,202,208,211,207,207,209,203,211,1,1,1,1,1,1,1,1,1,1,
215,2089,209,214,203,209,212,208,208,210,204,212,1,1,1,1,1,1,1,1,1,1,
216,2098,210,215,204,210,213,209,209,211,204,213,1,1,1,1,1,1,1,1,0,1,
217,2107,211,216,205,211,214,210,210,212,204,214,1,1,1,1,1,1,1,1,1,1,
218,2117,212,217,206,212,215,211,211,213,205,215,1,1,1,1,1,1,1,1,1,1,
219,2127,213,218,207,213,216,212,212,214,206,216,1,1,1,1,1,1,1,1,1,1,
220,2137,214,219,208,214,217,213,213,215,207,217,1,1,1,1,1,1,1,1,1,1,
221,2147,215,220,209,215,218,214,214,216,208,218,1,1,1,1,1,1,1,1,1,1,
222,2157,216,221,210,216,219,215,215,217,209,219,1,1,1,1,1,1,1,1,1,1,
223,2167,217,222,211,217,220,216,216,218,210,220,1,1,1,1,1,1,1,1,1,1,
224,2177,218,223,212,218,221,217,217,219,211,221,1,1,1,1,1,1,1,1,1,1,
225,2187,219,224,213,219,222,218,218,220,212,222,1,1,1,1,1,1,1,1,1,1,
226,2197,220,225,214,220,223,219,219,221,213,223,1,1,1,1,1,1,1,1,1,1,
227,2207,221,226,215,221,224,220,220,222,214,224,1,1,1,1,1,1,1,1,1,1,
228,2217,222,227,216,222,225,221,221,223,215,225,1,1,1,1,1,1,1,1,1,1,
229,2227,223,228,217,223,226,222,222,224,216,226,1,1,1,1,1,1,1,1,1,1,
230,2237,224,229,218,224,227,223,223,225,217,227,1,1,1,1,1,1,1,1,1,1,
231,2247,225,230,219,225,228,224,224,226,218,228,1,1,1,1,1,1,1,1,1,1,
232,2257,226,231,220,226,229,225,225,227,219,229,1,1,1,1,1,1,1,1,1,1,
233,2267,227,232,221,227,230,226,226,228,220,230,1,1,1,1,1,1,1,1,1,1,
234,2277,228,233,222,228,231,227,227,229,221,231,1,1,1,1,1,1,1,1,1,1,
235,2287,229,234,223,229,232,228,228,230,222,232,1,1,1,1,1,1,1,1,1,1,
236,2297,230,235,224,230,233,229,229,231,223,233,1,1,1,1,1,1,1,1,1,1,
237,2307,231,236,225,231,234,230,230,232,224,234,1,1,1,1,1,1,1,1,1,1,
238,2317,232,237,226,232,235,231,231,233,225,235,1,1,1,1,1,1,1,1,1,1,
239,2327,233,238,227,233,236,232,232,234,226,236,1,1,1,1,1,1,1,1,1,1,
240,2337,234,239,228,234,237,233,233,235,227,237,1,1,1,1,1,1,1,1,1,1,
241,2347,235,240,229,235,238,234,234,236,228,238,1,1,1,1,1,1,1,1,1,1,
242,2357,236,241,230,236,239,235,235,237,229,239,1,1,1,1,1,1,1,1,1,1,
243,2367,237,242,231,237,240,236,236,238,230,240,1,1,1,1,1,1,1,1,1,1,
244,2377,238,243,232,238,241,237,237,239,231,241,1,1,1,1,1,1,1,1,1,1,
245,2387,239,244,233,239,242,238,238,240,232,242,1,1,1,1,1,1,1,1,1,1,
246,2397,240,245,234,240,243,239,239,241,233,243,1,1,1,1,1,1,1,1,1,1,
247,2407,241,246,235,241,244,240,240,242,234,244,1,1,1,1,1,1,1,1,1,1,
248,2417,242,247,236,242,245,241,241,243,235,245,1,1,1,1,1,1,1,1,1,1,
249,2427,243,248,237,243,246,242,242,244,236,246,1,1,1,1,1,1,1,1,1,1,
250,2436,244,249,238,244,247,243,242,245,237,247,1,1,1,1,1,1,0,1,1,1,
251,2445,245,250,239,245,248,244,242,246,238,248,1,1,1,1,1,1,1,1,1,1,
252,2455,246,251,240,246,249,245,243,247,239,249,1,1,1,1,1,1,1,1,1,1,
253,2465,247,252,241,247,250,246,244,248,240,250,1,1,1,1,1,1,1,1,1,1,
254,2475,248,253,242,248,251,247,245,249,241,251,1,1,1,1,1,1,1,1,1,1,
255,2485,249,254,243,249,252,248,246,250,242,252,1,1,1,1,1,1,1,1,1,1,
256,2495,250,255,244,250,253,249,247,251,243,253,1,1,1,1,1,1,1,1,1,1,
257,2505,251,256,245,251,254,250,248,252,244,254,1,1,1,1,1,1,1,1,1,1,
258,2515,252,257,246,252,255,251,249,253,245,255,1,1,1,1,1,1,1,1,1,1,
259,2525,253,258,247,253,256,252,250,254,246,256,1,1,1,1,1,1,1,1,1,1,
260,2535,254,259,248,254,257,253,251,255,247,257,1,1,1,1,1,1,1,1,1,1,
261,2545,255,260,249,255,258,254,252,256,248,258,1,1,1,1,1,1,1,1,1,1,
262,2555,256,261,250,256,259,255,253,257,249,259,1,1,1,1,1,1,1,1,1,1,
263,2565,257,262,251,257,260,256,254,258,250,260,1,1,1,1,1,1,1,1,1,1,
264,2575,258,263,252,258,261,257,255,259,251,261,1,1,1,1,1,1,1,1,1,1,
265,2585,259,264,253,259,262,258,256,260,252,262,1,1,1,1,1,1,1,1,1,1,
266,2595,260,265,254,260,263,259,257,261,253,263,1,1,1,1,1,1,1,1,1,1,
267,2605,261,266,255,261,264,260,258,262,254,264,1,1,1,1,1,1,1,1,1,1,
268,2615,262,267,256,262,265,261,259,263,255,265,1,1,1,1,1,1,1,1,1,1,
269,2625,263,268,257,263,266,262,260,264,256,266,1,1,1,1,1,1,1,1,1,1,
270,2635,264,269,258,264,267,263,261,265,257,267,1,1,1,1,1,1,1,1,1,1,
271,2645,265,270,259,265,268,264,262,266,258,268,1,1,1,1,1,1,1,1,1,1,
272,2655,266,271,260,266,269,265,263,267,259,269,1,1,1,1,1,1,1,1,1,1,
273,2665,267,272,261,267,270,266,264,268,260,270,1,1,1,1,1,1,1,1,1,1,
274,2675,268,273,262,268,271,267,265,269,261,271,1,1,1,1,1,1,1,1,1,1,
275,2685,269,274,263,269,272,268,266,270,262,272,1,1,1,1,1,1,1,1,1,1,
276,2695,270,275,264,270,273,269,267,271,263,273,1,1,1,1,1,1,1,1,1,1,
277,2704,271,276,265,270,274,270,268,272,264,274,1,1,1,1,1,1,1,1,1,1,
278,2714,272,277,266,271,275,271,269,273,265,275,1,1,1,1,1,1,1,1,1,1,
279,2724,273,278,267,272,276,272,270,274,266,276,1,1,1,1,1,1,1,1,1,1,
280,2734,274,279,268,273,277,273,271,275,267,277,1,1,1,1,1,1,1,1,1,1,
281,2744,275,280,269,274,278,274,272,276,268,278,1,1,1,1,1,1,1,1,1,1,
282,2754,276,281,270,275,279,275,273,277,269,279,1,1,1,1,1,1,1,1,1,1,
283,2764,277,282,271,276,280,276,274,278,270,280,1,1,1,1,1,1,1,1,1,1,
284,2774,278,283,272,277,281,277,275,279,271,281,1,1,1,1,1,1,1,1,1,1,
285,2784,279,284,273,278,282,278,276,280,272,282,1,1,1,1,1,1,1,1,1,1,
286,2794,280,285,274,279,283,279,277,281,273,283,1,1,1,1,1,1,1,1,1,1,
287,2804,281,286,275,280,284,280,278,282,274,284,1,1,1,1,1,1,1,1,1,1,
288,2814,282,287,276,281,285,281,279,283,275,285,1,1,1,1,1,1,1,1,1,1,
289,2824,283,288,277,282,286,282,280,284,276,286,1,1,1,1,1,1,1,1,1,1,
290,2834,284,289,278,283,287,283,281,285,277,287,1,1,1,1,1,1,1,1,1,1,
291,2844,285,290,279,284,288,284,282,286,278,288,1,1,1,1,1,1,1,1,1,1,
292,2854,286,291,280,285,289,285,283,287,279,289,1,1,1,1,1,1,1,1,1,1,
293,2864,287,292,281,286,290,286,284,288,280,290,1,1,1,1,1,1,1,1,1,1,
294,2874,288,293,282,287,291,287,285,289,281,291,1,1,1,1,1,1,1,1,1,1,
295,2884,289,294,283,288,292,288,286,290,282,292,1,1,1,1,1,1,1,1,1,1,
296,2894,290,295,284,289,293,289,287,291,283,293,1,1,1,1,1,1,1,1,1,1,
297,2904,291,296,285,290,294,290,288,292,284,294,1,1,1,1,1,1,1,1,1,1,
298,2914,292,297,286,291,295,291,289,293,285,295,1,1,1,1,1,1,1,1,1,1,
299,2924,293,298,287,292,296,292,290,294,286,296,1,1,1,1,1,1,1,1,1,1,
300,2934,294,299,288,293,297,293,291,295,287,297,1,1,1,1,1,1,1,1,1,1,
301,2944,295,300,289,294,298,294,292,296,288,298,1,1,1,1,1,1,1,1,1,1,
302,2954,296,301,290,295,299,295,293,297,289,299,1,1,1,1,1,1,1,1,1,1,
303,2964,297,302,291,296,300,296,294,298,290,300,1,1,1,1,1,1,1,1,1,1,
304,2974,298,303,292,297,301,297,295,299,291,301,1,1,1,1,1,1,1,1,1,1,
305,2984,299,304,293,298,302,298,296,300,292,302,1,1,1,1,1,1,1,1,1,1,
306,2994,300,305,294,299,303,299,297,301,293,303,1,1,1,1,1,1,1,1,1,1,
307,3004,301,306,295,300,304,300,298,302,294,304,1,1,1,1,1,1,1,1,1,1,
308,3014,302,307,296,301,305,301,299,303,295,305,1,1,1,1,1,1,1,1,1,1,
309,3024,303,308,297,302,306,302,300,304,296,306,1,1,1,1,1,1,1,1,1,1,
310,3034,304,309,298,303,307,303,301,305,297,307,1,1,1,1,1,1,1,1,1,1,
311,3044,305,310,299,304,308,304,302,306,298,308,1,1,1,1,1,1,1,1,1,1,
312,3054,306,311,300,305,309,305,303,307,299,309,1,1,1,1,1,1,1,1,1,1,
313,3064,307,312,301,306,310,306,304,308,300,310,1,1,1,1,1,1,1,1,1,1,
314,3074,308,313,302,307,311,307,305,309,301,311,1,1,1,1,1,1,1,1,1,1,
315,3084,309,314,303,308,312,308,306,310,302,312,1,1,1,1,1,1,1,1,1,1,
316,3094,310,315,304,309,313,309,307,311,303,313,1,1,1,1,1,1,1,1,1,1,
317,3104,311,316,305,310,314,310,308,312,304,314,1,1,1,1,1,1,1,1,1,1,
318,3114,312,317,306,311,315,311,309,313,305,315,1,1,1,1,1,1,1,1,1,1,
319,3124,313,318,307,312,316,312,310,314,306,316,1,1,1,1,1,1,1,1,1,1,
320,3134,314,319,308,313,317,313,311,315,307,317,1,1,1,1,1,1,1,1,1,1,
321,3144,315,320,309,314,318,314,312,316,308,318,1,1,1,1,1,1,1,1,1,1,
322,3154,316,321,310,315,319,315,313,317,309,319,1,1,1,1,1,1,1,1,1,1,
323,3164,317,322,311,316,320,316,314,318,310,320,1,1,1,1,1,1,1,1,1,1,
324,3174,318,323,312,317,321,317,315,319,311,321,1,1,1,1,1,1,1,1,1,1,
325,3184,319,324,313,318,322,318,316,320,312,322,1,1,1,1,1,1,1,1,1,1,
326,3194,320,325,314,319,323,319,317,321,313,323,1,1,1,1,1,1,1,1,1,1,
327,3204,321,326,315,320,324,320,318,322,314,324,1,1,1,1,1,1,1,1,1,1,
328,3214,322,327,316,321,325,321,319,323,315,325,1,1,1,1,1,1,1,1,1,1,
329,3224,323,328,317,322,326,322,320,324,316,326,1,1,1,1,1,1,1,1,1,1,
330,3234,324,329,318,323,327,323,321,325,317,327,1,1,1,1,1,1,1,1,1,1,
331,3244,325,330,319,324,328,324,322,326,318,328,1,1,1,1,1,1,1,1,1,1,
332,3254,326,331,320,325,329,325,323,327,319,329,1,1,1,1,1,1,1,1,1,1,
333,3264,327,332,321,326,330,326,324,328,320,330,1,1,1,1,1,1,1,1,1,1,
334,3274,328,333,322,327,331,327,325,329,321,331,1,1,1,1,1,1,1,1,1,1,
335,3284,329,334,323,328,332,328,326,330,322,332,1,1,1,1,1,1,1,1,1,1,
336,3294,330,335,324,329,333,329,327,331,323,333,1,1,1,1,1,1,1,1,1,1,
337,3304,331,336,325,330,334,330,328,332,324,334,1,1,1,1,1,1,1,1,1,1,
338,3314,332,337,326,331,335,331,329,333,325,335,1,1,1,1,1,1,1,1,1,1,
339,3324,333,338,327,332,336,332,330,334,326,336,1,1,1,1,1,1,1,1,1,1,
340,3334,334,339,328,333,337,333,331,335,327,337,1,1,1,1,1,1,1,1,1,1,
341,3344,335,340,329,334,338,334,332,336,328,338,1,1,1,1,1,1,1,1,1,1,
342,3354,336,341,330,335,339,335,333,337,329,339,1,1,1,1,1,1,1,1,1,1,
343,3364,337,342,331,336,340,336,334,338,330,340,1,1,1,1,1,1,1,1,1,1,
344,3374,338,343,332,337,341,337,335,339,331,341,1,1,1,1,1,1,1,1,1,1,
345,3384,339,344,333,338,342,338,336,340,332,342,1,1,1,1,1,1,1,1,1,1,
346,3394,340,345,334,339,343,339,337,341,333,343,1,1,1,1,1,1,1,1,1,1,
347,3404,341,346,335,340,344,340,338,342,334,344,1,1,1,1,1,1,1,1,1,1,
348,3414,342,347,336,341,345,341,339,343,335,345,1,1,1,1,1,1,1,1,1,1,
349,3424,343,348,337,342,346,342,340,344,336,346,1,1,1,1,1,1,1,1,1,1,
350,3434,344,349,338,343,347,343,341,345,337,347,1,1,1,1,1,1,1,1,1,1,
351,3444,345,350,339,344,348,344,342,346,338,348,1,1,1,1,1,1,1,1,1,1,
352,3454,346,351,340,345,349,345,343,347,339,349,1,1,1,1,1,1,1,1,1,1,
353,3464,347,352,341,346,350,346,344,348,340,350,1,1,1,1,1,1,1,1,1,1,
354,3474,348,353,342,347,351,347,345,349,341,351,1,1,1,1,1,1,1,1,1,1,
355,3484,349,354,343,348,352,348,346,350,342,352,1,1,1,1,1,1,1,1,1,1,
356,3494,350,355,344,349,353,349,347,351,343,353,1,1,1,1,1,1,1,1,1,1,
357,3504,351,356,345,350,354,350,348,352,344,354,1,1,1,1,1,1,1,1,1,1,
358,3514,352,357,346,351,355,351,349,353,345,355,1,1,1,1,1,1,1,1,1,1,
359,3524,353,358,347,352,356,352,350,354,346,356,1,1,1,1,1,1,1,1,1,1,
360,3533,354,359,348,353,357,353,350,355,347,357,1,1,1,1,1,1,1,1,1,1,
361,3543,355,360,349,354,358,354,351,356,348,358,1,1,1,1,1,1,1,1,1,1,
362,3553,356,361,350,355,359,355,352,357,349,359,1,1,1,1,1,1,1,1,1,1,
363,3562,357,362,351,356,360,356,352,358,350,360,1,1,1,1,1,1,1,1,1,1,
364,3572,358,363,352,357,361,357,353,359,351,361,1,1,1,1,1,1,1,1,1,1,
365,3582,359,364,353,358,362,358,354,360,352,362,1,1,1,1,1,1,1,1,1,1,
366,3592,360,365,354,359,363,359,355,361,353,363,1,1,1,1,1,1,1,1,1,1,
367,3601,361,366,355,360,364,360,355,362,354,364,1,1,1,1,1,1,0,1,1,1,
368,3610,362,367,356,361,365,361,355,363,355,365,1,1,1,1,1,1,1,1,1,1,
369,3620,363,368,357,362,366,362,356,364,356,366,1,1,1,1,1,1,1,1,1,1,
370,3630,364,369,358,363,367,363,357,365,357,367,1,1,1,1,1,1,1,1,1,1,
371,3640,365,370,359,364,368,364,358,366,358,368,1,1,1,1,1,1,1,1,1,1,
372,3650,366,371,360,365,369,365,359,367,359,369,1,1,1,1,1,1,1,1,1,1,
373,3660,367,372,361,366,370,366,360,368,360,370,1,1,1,1,1,1,1,1,1,1,
374,3670,368,373,362,367,371,367,361,369,361,371,1,1,1,1,1,1,1,1,1,1,
375,3680,369,374,363,368,372,368,362,370,362,372,1,1,1,1,1,1,1,1,1,1,
376,3690,370,375,364,369,373,369,363,371,363,373,1,1,1,1,1,1,1,1,1,1,
377,3699,371,376,365,369,374,370,364,372,364,374,1,1,1,1,1,1,1,1,1,1,
378,3709,372,377,366,370,375,371,365,373,365,375,1,1,1,1,1,1,1,1,1,1,
379,3719,373,378,367,371,376,372,366,374,366,376,1,1,1,1,1,1,1,1,1,1,
380,3729,374,379,368,372,377,373,367,375,367,377,1,1,1,1,1,1,1,1,1,1,
381,3739,375,380,369,373,378,374,368,376,368,378,1,1,1,1,1,1,1,1,1,1,
382,3748,376,381,370,373,379,375,369,377,369,379,1,1,1,1,1,1,1,1,1,1,
383,3757,377,382,371,373,380,376,370,378,370,380,1,1,1,0,1,1,1,1,1,1,
384,3766,378,383,372,373,381,377,371,379,371,381,1,1,1,0,1,1,1,1,1,1,
385,3775,379,384,373,373,382,378,372,380,372,382,1,1,1,1,1,1,1,1,1,1,
386,3785,380,385,374,374,383,379,373,381,373,383,1,1,1,1,1,1,1,1,1,1,
387,3794,381,386,375,375,384,379,374,382,374,384,1,1,1,1,1,1,1,1,1,1,
388,3803,382,387,376,375,385,380,375,383,375,385,1,1,1,0,1,1,1,1,1,1,
389,3812,383,388,377,375,386,381,376,384,376,386,1,1,1,0,1,1,1,1,1,1,
390,3821,384,389,378,375,387,382,377,385,377,387,1,1,1,1,1,1,1,1,1,1,
391,3831,385,390,379,376,388,383,378,386,378,388,1,1,1,1,1,1,1,1,1,1,
392,3841,386,391,380,377,389,384,379,387,379,389,1,1,1,1,1,1,1,1,1,1,
393,3851,387,392,381,378,390,385,380,388,380,390,1,1,1,1,1,1,1,1,1,1,
394,3861,388,393,382,379,391,386,381,389,381,391,1,1,1,1,1,1,1,1,1,1,
395,3871,389,394,383,380,392,387,382,390,382,392,1,1,1,1,1,1,1,1,1,1,
396,3881,390,395,384,381,393,388,383,391,383,393,1,1,1,1,1,1,1,1,1,1,
397,3890,391,396,385,382,394,389,384,391,384,394,1,1,1,1,1,1,1,1,1,1,
398,3900,392,397,386,383,395,390,385,392,385,395,1,1,1,1,1,1,1,1,1,1,
399,3910,393,398,387,384,396,391,386,393,386,396,1,1,1,1,1,1,1,1,1,1,
400,3918,394,399,388,384,397,391,387,394,387,397,1,1,1,0,1,0,1,1,1,1,
401,3926,395,400,389,384,398,391,388,395,388,398,1,1,1,1,1,1,1,1,1,1,
402,3936,396,401,390,385,399,392,389,396,389,399,1,1,1,1,1,1,1,1,1,1,
403,3946,397,402,391,386,400,393,390,397,390,400,1,1,1,1,1,1,1,1,1,1,
404,3955,398,403,392,387,401,393,391,398,391,401,1,1,1,1,1,0,1,1,1,1,
405,3964,399,404,393,388,402,393,392,399,392,402,1,1,1,1,1,1,1,1,1,1,
406,3974,400,405,394,389,403,394,393,400,393,403,1,1,1,1,1,1,1,1,1,1,
407,3984,401,406,395,390,404,395,394,401,394,404,1,1,1,1,1,1,1,1,1,1,
408,3992,402,407,396,391,405,395,395,401,395,405,1,1,1,1,1,1,1,0,1,1,
409,4001,403,408,397,392,406,396,396,401,396,406,1,1,1,1,1,1,1,0,1,1,
410,4010,404,409,398,393,407,397,397,401,397,407,1,1,1,1,1,1,1,0,1,1,
411,4018,405,410,399,394,408,397,398,401,398,408,1,1,1,1,1,1,1,1,1,1,
412,4028,406,411,400,395,409,398,399,402,399,409,1,1,1,1,1,1,1,1,1,1,
413,4038,407,412,401,396,410,399,400,403,400,410,1,1,1,1,1,1,1,1,1,1,
414,4048,408,413,402,397,411,400,401,404,401,411,1,1,1,1,1,1,1,1,1,1,
415,4058,409,414,403,398,412,401,402,405,402,412,1,1,1,1,1,1,1,1,1,1,
416,4068,410,415,404,399,413,402,403,406,403,413,1,1,1,1,1,1,1,1,1,1,
417,4078,411,416,405,400,414,403,404,407,404,414,1,1,1,1,1,1,1,1,1,1,
418,4088,412,417,406,401,415,404,405,408,405,415,1,1,1,1,1,1,1,1,1,1,
419,4098,413,418,407,402,416,405,406,409,406,416,1,1,1,1,1,1,1,1,1,1,
420,4108,414,419,408,403,417,406,407,410,407,417,1,1,1,1,1,1,1,1,1,1,
421,4118,415,420,409,404,418,407,408,411,408,418,1,1,1,1,1,1,1,1,1,1,
422,4128,416,421,410,405,419,408,409,412,409,419,1,1,1,1,1,1,1,1,1,1,
423,4138,417,422,411,406,420,409,410,413,410,420,1,1,1,1,1,1,1,1,1,1,
424,4148,418,423,412,407,421,410,411,414,411,421,1,1,1,1,1,1,1,1,1,1,
425,4158,419,424,413,408,422,411,412,415,412,422,1,1,1,1,1,1,1,1,1,1,
426,4168,420,425,414,409,423,412,413,416,413,423,1,1,1,1,1,1,1,1,1,1,
427,4178,421,426,415,410,424,413,414,417,414,424,1,1,1,1,1,1,1,1,1,1,
428,4188,422,427,416,411,425,414,415,418,415,425,1,1,1,1,1,1,1,1,1,1,
429,4198,423,428,417,412,426,415,416,419,416,426,1,1,1,1,1,1,1,1,1,1,
430,4208,424,429,418,413,427,416,417,420,417,427,1,1,1,1,1,1,1,1,1,1,
431,4217,425,430,419,414,428,417,418,420,418,428,1,1,1,1,1,1,1,0,1,1,
432,4226,426,431,420,415,429,418,419,420,419,429,1,1,1,1,1,1,1,1,1,1,
433,4236,427,432,421,416,430,419,420,421,420,430,1,1,1,1,1,1,1,1,1,1,
434,4246,428,433,422,417,431,420,421,422,421,431,1,1,1,1,1,1,1,1,1,1,
435,4256,429,434,423,418,432,421,422,423,422,432,1,1,1,1,1,1,1,1,1,1,
436,4265,430,435,424,419,433,422,423,423,423,433,1,1,1,1,1,1,1,1,1,1,
437,4275,431,436,425,420,434,423,424,424,424,434,1,1,1,1,1,1,1,1,1,1,
438,4285,432,437,426,421,435,424,425,425,425,435,1,1,1,1,1,1,1,1,1,1,
439,4295,433,438,427,422,436,425,426,426,426,436,1,1,1,1,1,1,1,1,1,1,
440,4304,434,439,428,423,437,426,427,426,427,437,1,1,1,1,1,1,1,0,1,1,
441,4313,435,440,429,424,438,427,428,426,428,438,1,1,1,1,1,1,1,0,1,1,
442,4321,436,441,430,425,439,427,429,426,429,439,1,1,1,1,1,0,1,1,1,1,
443,4330,437,442,431,426,440,427,430,427,430,440,1,1,1,1,1,0,1,1,1,1,
444,4339,438,443,432,427,441,427,431,428,431,441,1,1,1,1,1,0,1,1,1,1,
445,4348,439,444,433,428,442,427,432,429,432,442,1,1,1,1,1,1,1,1,1,1,
446,4358,440,445,434,429,443,428,433,430,433,443,1,1,1,1,1,1,1,1,1,1,
447,4368,441,446,435,430,444,429,434,431,434,444,1,1,1,1,1,1,1,1,1,1,
448,4378,442,447,436,431,445,430,435,432,435,445,1,1,1,1,1,1,1,1,1,1,
449,4387,443,448,437,432,446,430,436,433,436,446,1,1,1,1,1,0,1,1,1,1,
450,4396,444,449,438,433,447,430,437,434,437,447,1,1,1,1,1,1,1,1,1,1,
451,4406,445,450,439,434,448,431,438,435,438,448,1,1,1,1,1,1,1,1,1,1,
452,4416,446,451,440,435,449,432,439,436,439,449,1,1,1,1,1,1,1,1,1,1,
453,4425,447,452,441,436,450,432,440,437,440,450,1,1,1,1,1,1,1,1,1,1,
454,4435,448,453,442,437,451,433,441,438,441,451,1,1,1,1,1,1,1,1,1,1,
455,4445,449,454,443,438,452,434,442,439,442,452,1,1,1,1,1,1,1,1,1,1,
456,4455,450,455,444,439,453,435,443,440,443,453,1,1,1,1,1,1,1,1,1,1,
457,4465,451,456,445,440,454,436,444,441,444,454,1,1,1,1,1,1,1,1,1,1,
458,4475,452,457,446,441,455,437,445,442,445,455,1,1,1,1,1,1,1,1,1,1,
459,4485,453,458,447,442,456,438,446,443,446,456,1,1,1,1,1,1,1,1,1,1,
460,4495,454,459,448,443,457,439,447,444,447,457,1,1,1,1,1,1,1,1,1,1,
461,4505,455,460,449,444,458,440,448,445,448,458,1,1,1,1,1,1,1,1,1,1,
Completed in 461 rounds.
Completed in 68.3316 ms
