ROUND,TASKS COMPLETED,worker0 tasks,worker1 tasks,worker2 tasks,worker3 tasks,worker4 tasks,worker0 running,worker1 running,worker2 running,worker3 running,worker4 running,
1,0,0,0,0,0,0,1,1,0,0,0,
2,2,1,1,0,0,0,1,1,1,0,0,
3,5,2,2,1,0,0,1,1,1,0,0,
4,8,3,3,2,0,0,1,1,1,1,0,
5,12,4,4,3,1,0,1,1,1,1,0,
6,16,5,5,4,2,0,1,1,1,1,1,
7,21,6,6,5,3,1,1,1,1,1,1,
8,26,7,7,6,4,2,1,1,1,1,1,
9,31,8,8,7,5,3,1,1,1,1,1,
10,36,9,9,8,6,4,1,1,1,1,1,
11,41,10,10,9,7,5,1,1,1,1,1,
12,46,11,11,10,8,6,1,1,1,1,1,
13,51,12,12,11,9,7,1,1,1,1,1,
14,56,13,13,12,10,8,1,1,1,1,1,
15,61,14,14,13,11,9,1,1,1,1,1,
16,66,15,15,14,12,10,1,1,1,1,1,
17,71,16,16,15,13,11,1,1,1,1,1,
18,76,17,17,16,14,12,1,1,1,1,1,
19,81,18,18,17,15,13,1,1,1,1,1,
20,86,19,19,18,16,14,1,1,1,1,1,
21,91,20,20,19,17,15,1,1,1,1,1,
22,96,21,21,20,18,16,1,1,1,1,1,
23,101,22,22,21,19,17,1,1,1,1,1,
24,106,23,23,22,20,18,1,1,1,1,1,
25,111,24,24,23,21,19,1,1,1,1,1,
26,116,25,25,24,22,20,1,1,1,1,1,
27,121,26,26,25,23,21,1,1,1,1,1,
28,126,27,27,26,24,22,1,1,1,1,1,
29,131,28,28,27,25,23,1,1,1,1,1,
30,136,29,29,28,26,24,1,1,1,1,1,
31,141,30,30,29,27,25,1,1,1,1,1,
32,146,31,31,30,28,26,1,1,1,1,1,
33,151,32,32,31,29,27,1,1,1,1,1,
34,156,33,33,32,30,28,1,1,1,1,1,
35,161,34,34,33,31,29,1,1,1,1,1,
36,166,35,35,34,32,30,1,1,1,1,1,
37,171,36,36,35,33,31,1,1,1,1,1,
38,176,37,37,36,34,32,1,1,1,1,1,
39,181,38,38,37,35,33,1,1,1,1,1,
40,186,39,39,38,36,34,1,1,1,1,1,
41,191,40,40,39,37,35,1,1,1,1,1,
42,196,41,41,40,38,36,1,1,1,1,1,
43,201,42,42,41,39,37,1,1,1,1,1,
44,206,43,43,42,40,38,1,1,1,1,1,
45,211,44,44,43,41,39,1,1,1,1,1,
46,216,45,45,44,42,40,1,1,1,1,1,
47,221,46,46,45,43,41,1,1,1,1,1,
48,226,47,47,46,44,42,1,1,1,1,1,
49,231,48,48,47,45,43,1,1,1,1,1,
50,236,49,49,48,46,44,1,1,1,1,1,
51,241,50,50,49,47,45,1,1,1,1,1,
52,246,51,51,50,48,46,1,1,1,1,1,
53,251,52,52,51,49,47,1,1,1,1,1,
54,256,53,53,52,50,48,1,1,1,1,1,
55,261,54,54,53,51,49,1,1,1,1,1,
56,266,55,55,54,52,50,1,1,1,1,1,
57,271,56,56,55,53,51,1,1,1,1,1,
58,276,57,57,56,54,52,1,1,1,1,1,
59,280,58,58,56,55,53,1,1,0,1,1,
60,284,59,59,56,56,54,1,1,0,1,1,
61,288,60,60,56,57,55,1,1,1,1,1,
62,293,61,61,57,58,56,1,1,1,1,1,
63,298,62,62,58,59,57,1,1,1,1,1,
64,303,63,63,59,60,58,1,1,1,1,1,
65,308,64,64,60,61,59,1,1,1,1,1,
66,313,65,65,61,62,60,1,1,1,1,1,
67,318,66,66,62,63,61,1,1,1,1,1,
68,323,67,67,63,64,62,1,1,1,1,1,
69,328,68,68,64,65,63,1,1,1,1,1,
70,333,69,69,65,66,64,1,1,1,1,1,
71,337,70,70,66,66,65,1,1,1,0,1,
72,341,71,71,67,66,66,1,1,1,0,1,
73,345,72,72,68,66,67,1,1,1,0,1,
74,349,73,73,69,66,68,1,1,1,0,1,
75,353,74,74,70,66,69,1,1,1,0,1,
76,357,75,75,71,66,70,1,1,1,0,1,
77,361,76,76,72,66,71,1,1,1,0,1,
78,365,77,77,73,66,72,1,1,1,0,1,
79,369,78,78,74,66,73,1,1,1,0,1,
80,373,79,79,75,66,74,1,1,1,0,1,
81,377,80,80,76,66,75,1,1,1,0,1,
82,381,81,81,77,66,76,1,1,1,0,1,
83,385,82,82,78,66,77,1,1,1,1,1,
84,390,83,83,79,67,78,1,1,1,1,1,
85,395,84,84,80,68,79,1,1,1,1,1,
86,400,85,85,81,69,80,1,1,1,1,1,
87,405,86,86,82,70,81,1,1,1,1,1,
88,410,87,87,83,71,82,1,1,1,1,1,
89,415,88,88,84,72,83,1,1,1,1,1,
90,420,89,89,85,73,84,1,1,1,1,1,
91,425,90,90,86,74,85,1,1,1,1,1,
92,430,91,91,87,75,86,1,1,1,1,1,
93,435,92,92,88,76,87,1,1,1,1,1,
94,440,93,93,89,77,88,1,1,1,1,1,
95,445,94,94,90,78,89,1,1,1,1,1,
96,450,95,95,91,79,90,1,1,1,1,1,
97,455,96,96,92,80,91,1,1,1,1,1,
98,460,97,97,93,81,92,1,1,1,1,1,
99,465,98,98,94,82,93,1,1,1,1,1,
100,470,99,99,95,83,94,1,1,1,1,1,
101,475,100,100,96,84,95,1,1,1,1,1,
102,480,101,101,97,85,96,1,1,1,1,1,
103,485,102,102,98,86,97,1,1,1,1,1,
104,490,103,103,99,87,98,1,1,1,1,1,
105,495,104,104,100,88,99,1,1,1,1,1,
106,500,105,105,101,89,100,1,1,1,1,1,
107,505,106,106,102,90,101,1,1,1,1,1,
108,510,107,107,103,91,102,1,1,1,1,1,
109,515,108,108,104,92,103,1,1,1,1,1,
110,520,109,109,105,93,104,1,1,1,1,1,
111,525,110,110,106,94,105,1,1,1,1,1,
112,530,111,111,107,95,106,1,1,1,1,1,
113,535,112,112,108,96,107,1,1,1,1,1,
114,540,113,113,109,97,108,1,1,1,1,1,
115,545,114,114,110,98,109,1,1,1,1,1,
116,550,115,115,111,99,110,1,1,1,1,1,
117,555,116,116,112,100,111,1,1,1,1,1,
118,560,117,117,113,101,112,1,1,1,1,1,
119,565,118,118,114,102,113,1,1,1,1,1,
120,570,119,119,115,103,114,1,1,1,1,1,
121,575,120,120,116,104,115,1,1,1,1,1,
122,580,121,121,117,105,116,1,1,1,1,1,
123,585,122,122,118,106,117,1,1,1,1,1,
124,590,123,123,119,107,118,1,1,1,1,1,
125,595,124,124,120,108,119,1,1,1,1,1,
126,600,125,125,121,109,120,1,1,1,1,1,
127,605,126,126,122,110,121,1,1,1,1,1,
128,610,127,127,123,111,122,1,1,1,1,1,
129,615,128,128,124,112,123,1,1,1,1,1,
130,620,129,129,125,113,124,1,1,1,1,1,
131,625,130,130,126,114,125,1,1,1,1,1,
132,630,131,131,127,115,126,1,1,1,1,1,
133,635,132,132,128,116,127,1,1,1,1,1,
134,640,133,133,129,117,128,1,1,1,1,1,
135,645,134,134,130,118,129,1,1,1,1,1,
136,650,135,135,131,119,130,1,1,1,1,1,
137,655,136,136,132,120,131,1,1,1,1,1,
138,660,137,137,133,121,132,1,1,1,1,1,
139,665,138,138,134,122,133,1,1,1,1,1,
140,670,139,139,135,123,134,1,1,1,1,1,
141,675,140,140,136,124,135,1,1,1,1,1,
142,680,141,141,137,125,136,1,1,1,1,1,
143,685,142,142,138,126,137,1,1,1,1,1,
144,690,143,143,139,127,138,1,1,1,1,1,
145,695,144,144,140,128,139,1,1,1,1,1,
146,700,145,145,141,129,140,1,1,1,1,1,
147,705,146,146,142,130,141,1,1,1,1,1,
148,710,147,147,143,131,142,1,1,1,1,1,
149,715,148,148,144,132,143,1,1,1,1,1,
150,720,149,149,145,133,144,1,1,1,1,1,
151,725,150,150,146,134,145,1,1,1,1,1,
152,730,151,151,147,135,146,1,1,1,1,1,
153,735,152,152,148,136,147,1,1,1,1,1,
154,740,153,153,149,137,148,1,1,1,1,1,
155,745,154,154,150,138,149,1,1,1,1,1,
156,750,155,155,151,139,150,1,1,1,1,1,
157,755,156,156,152,140,151,1,1,1,1,1,
158,760,157,157,153,141,152,1,1,1,1,1,
159,765,158,158,154,142,153,1,1,1,1,1,
160,770,159,159,155,143,154,1,1,1,1,1,
161,775,160,160,156,144,155,1,1,1,1,1,
162,780,161,161,157,145,156,1,1,1,1,1,
163,785,162,162,158,146,157,1,1,1,1,1,
164,790,163,163,159,147,158,1,1,1,1,1,
165,795,164,164,160,148,159,1,1,1,1,1,
166,800,165,165,161,149,160,1,1,1,1,1,
167,805,166,166,162,150,161,1,1,1,1,1,
168,810,167,167,163,151,162,1,1,1,1,1,
169,815,168,168,164,152,163,1,1,1,1,1,
170,820,169,169,165,153,164,1,1,1,1,1,
171,825,170,170,166,154,165,1,1,1,1,1,
172,830,171,171,167,155,166,1,1,1,1,1,
173,835,172,172,168,156,167,1,1,1,1,1,
174,840,173,173,169,157,168,1,1,1,1,1,
175,845,174,174,170,158,169,1,1,1,1,1,
176,850,175,175,171,159,170,1,1,1,1,1,
177,855,176,176,172,160,171,1,1,1,1,1,
178,860,177,177,173,161,172,1,1,1,1,1,
179,865,178,178,174,162,173,1,1,1,1,1,
180,870,179,179,175,163,174,1,1,1,1,1,
181,875,180,180,176,164,175,1,1,1,1,1,
182,880,181,181,177,165,176,1,1,1,1,1,
183,885,182,182,178,166,177,1,1,1,1,1,
184,890,183,183,179,167,178,1,1,1,1,1,
185,895,184,184,180,168,179,1,1,1,1,1,
186,900,185,185,181,169,180,1,1,1,1,1,
187,905,186,186,182,170,181,1,1,1,1,1,
188,910,187,187,183,171,182,1,1,1,1,1,
189,915,188,188,184,172,183,1,1,1,1,1,
190,920,189,189,185,173,184,1,1,1,1,1,
191,925,190,190,186,174,185,1,1,1,1,1,
192,930,191,191,187,175,186,1,1,1,1,1,
193,935,192,192,188,176,187,1,1,1,1,1,
194,940,193,193,189,177,188,1,1,1,1,1,
195,945,194,194,190,178,189,1,1,1,1,1,
196,950,195,195,191,179,190,1,1,1,1,1,
197,955,196,196,192,180,191,1,1,1,1,1,
198,960,197,197,193,181,192,1,1,1,1,1,
199,965,198,198,194,182,193,1,1,1,1,1,
200,970,199,199,195,183,194,1,1,1,1,1,
201,975,200,200,196,184,195,1,1,1,1,1,
202,980,201,201,197,185,196,1,1,1,1,1,
203,985,202,202,198,186,197,1,1,1,1,1,
204,990,203,203,199,187,198,1,1,1,1,1,
205,995,204,204,200,188,199,1,1,1,1,1,
206,1000,205,205,201,189,200,1,1,1,1,1,
207,1005,206,206,202,190,201,1,1,1,1,1,
208,1010,207,207,203,191,202,1,1,1,1,1,
209,1015,208,208,204,192,203,1,1,1,1,1,
210,1020,209,209,205,193,204,1,1,1,1,1,
211,1025,210,210,206,194,205,1,1,1,1,1,
212,1030,211,211,207,195,206,1,1,1,1,1,
213,1035,212,212,208,196,207,1,1,1,1,1,
214,1040,213,213,209,197,208,1,1,1,1,1,
215,1045,214,214,210,198,209,1,1,1,1,1,
216,1050,215,215,211,199,210,1,1,1,1,1,
217,1055,216,216,212,200,211,1,1,1,1,1,
218,1060,217,217,213,201,212,1,1,1,1,1,
219,1065,218,218,214,202,213,1,1,1,1,1,
220,1070,219,219,215,203,214,1,1,1,1,1,
221,1075,220,220,216,204,215,1,1,1,1,1,
222,1080,221,221,217,205,216,1,1,1,1,1,
223,1085,222,222,218,206,217,1,1,1,1,1,
224,1090,223,223,219,207,218,1,1,1,1,1,
225,1095,224,224,220,208,219,1,1,1,1,1,
226,1100,225,225,221,209,220,1,1,1,1,1,
227,1105,226,226,222,210,221,1,1,1,1,1,
228,1110,227,227,223,211,222,1,1,1,1,1,
229,1115,228,228,224,212,223,1,1,1,1,1,
230,1120,229,229,225,213,224,1,1,1,1,1,
231,1125,230,230,226,214,225,1,1,1,1,1,
232,1130,231,231,227,215,226,1,1,1,1,1,
233,1135,232,232,228,216,227,1,1,1,1,1,
234,1140,233,233,229,217,228,1,1,1,1,1,
235,1145,234,234,230,218,229,1,1,1,1,1,
236,1150,235,235,231,219,230,1,1,1,1,1,
237,1155,236,236,232,220,231,1,1,1,1,1,
238,1160,237,237,233,221,232,1,1,1,1,1,
239,1165,238,238,234,222,233,1,1,1,1,1,
240,1170,239,239,235,223,234,1,1,1,1,1,
241,1175,240,240,236,224,235,1,1,1,1,1,
242,1180,241,241,237,225,236,1,1,1,1,1,
243,1185,242,242,238,226,237,1,1,1,1,1,
244,1190,243,243,239,227,238,1,1,1,1,1,
245,1195,244,244,240,228,239,1,1,1,1,1,
246,1200,245,245,241,229,240,1,1,1,1,1,
247,1205,246,246,242,230,241,1,1,1,1,1,
248,1210,247,247,243,231,242,1,1,1,1,1,
249,1215,248,248,244,232,243,1,1,1,1,1,
250,1220,249,249,245,233,244,1,1,1,1,1,
251,1225,250,250,246,234,245,1,1,1,1,1,
252,1230,251,251,247,235,246,1,1,1,1,1,
253,1235,252,252,248,236,247,1,1,1,1,1,
254,1240,253,253,249,237,248,1,1,1,1,1,
255,1245,254,254,250,238,249,1,1,1,1,1,
256,1250,255,255,251,239,250,1,1,1,1,1,
257,1255,256,256,252,240,251,1,1,1,1,1,
258,1260,257,257,253,241,252,1,1,1,1,1,
259,1265,258,258,254,242,253,1,1,1,1,1,
260,1270,259,259,255,243,254,1,1,1,1,1,
261,1275,260,260,256,244,255,1,1,1,1,1,
262,1280,261,261,257,245,256,1,1,1,1,1,
263,1285,262,262,258,246,257,1,1,1,1,1,
264,1290,263,263,259,247,258,1,1,1,1,1,
265,1295,264,264,260,248,259,1,1,1,1,1,
266,1300,265,265,261,249,260,1,1,1,1,1,
267,1305,266,266,262,250,261,1,1,1,1,1,
268,1310,267,267,263,251,262,1,1,1,1,1,
269,1315,268,268,264,252,263,1,1,1,1,1,
270,1320,269,269,265,253,264,1,1,1,1,1,
271,1325,270,270,266,254,265,1,1,1,1,1,
272,1330,271,271,267,255,266,1,1,1,1,1,
273,1335,272,272,268,256,267,1,1,1,1,1,
274,1340,273,273,269,257,268,1,1,1,1,1,
275,1345,274,274,270,258,269,1,1,1,1,1,
276,1350,275,275,271,259,270,1,1,1,1,1,
277,1355,276,276,272,260,271,1,1,1,1,1,
278,1360,277,277,273,261,272,1,1,1,1,1,
279,1365,278,278,274,262,273,1,1,1,1,1,
280,1370,279,279,275,263,274,1,1,1,1,1,
281,1375,280,280,276,264,275,1,1,1,1,1,
282,1380,281,281,277,265,276,1,1,1,1,1,
283,1385,282,282,278,266,277,1,1,1,1,1,
284,1390,283,283,279,267,278,1,1,1,1,1,
285,1395,284,284,280,268,279,1,1,1,1,1,
286,1400,285,285,281,269,280,1,1,1,1,1,
287,1405,286,286,282,270,281,1,1,1,1,1,
288,1410,287,287,283,271,282,1,1,1,1,1,
289,1415,288,288,284,272,283,1,1,1,1,1,
290,1420,289,289,285,273,284,1,1,1,1,1,
291,1425,290,290,286,274,285,1,1,1,1,1,
292,1430,291,291,287,275,286,1,1,1,1,1,
293,1435,292,292,288,276,287,1,1,1,1,1,
294,1440,293,293,289,277,288,1,1,1,1,1,
295,1445,294,294,290,278,289,1,1,1,1,1,
296,1450,295,295,291,279,290,1,1,1,1,1,
297,1455,296,296,292,280,291,1,1,1,1,1,
298,1460,297,297,293,281,292,1,1,1,1,1,
299,1465,298,298,294,282,293,1,1,1,1,1,
300,1470,299,299,295,283,294,1,1,1,1,1,
301,1475,300,300,296,284,295,1,1,1,1,1,
302,1480,301,301,297,285,296,1,1,1,1,1,
303,1485,302,302,298,286,297,1,1,1,1,1,
304,1490,303,303,299,287,298,1,1,1,1,1,
305,1495,304,304,300,288,299,1,1,1,1,1,
306,1500,305,305,301,289,300,1,1,1,1,1,
307,1505,306,306,302,290,301,1,1,1,1,1,
308,1510,307,307,303,291,302,1,1,1,1,1,
309,1515,308,308,304,292,303,1,1,1,1,1,
310,1520,309,309,305,293,304,1,1,1,1,1,
311,1525,310,310,306,294,305,1,1,1,1,1,
312,1530,311,311,307,295,306,1,1,1,1,1,
313,1535,312,312,308,296,307,1,1,1,1,1,
314,1540,313,313,309,297,308,1,1,1,1,1,
315,1545,314,314,310,298,309,1,1,1,1,1,
316,1550,315,315,311,299,310,1,1,1,1,1,
317,1555,316,316,312,300,311,1,1,1,1,1,
318,1560,317,317,313,301,312,1,1,1,1,1,
319,1565,318,318,314,302,313,1,1,1,1,1,
320,1570,319,319,315,303,314,1,1,1,1,1,
321,1575,320,320,316,304,315,1,1,1,1,1,
322,1580,321,321,317,305,316,1,1,1,1,1,
323,1585,322,322,318,306,317,1,1,1,1,1,
324,1590,323,323,319,307,318,1,1,1,1,1,
325,1595,324,324,320,308,319,1,1,1,1,1,
326,1600,325,325,321,309,320,1,1,1,1,1,
327,1605,326,326,322,310,321,1,1,1,1,1,
328,1610,327,327,323,311,322,1,1,1,1,1,
329,1615,328,328,324,312,323,1,1,1,1,1,
330,1620,329,329,325,313,324,1,1,1,1,1,
331,1625,330,330,326,314,325,1,1,1,1,1,
332,1630,331,331,327,315,326,1,1,1,1,1,
333,1635,332,332,328,316,327,1,1,1,1,1,
334,1640,333,333,329,317,328,1,1,1,1,1,
335,1645,334,334,330,318,329,1,1,1,1,1,
336,1650,335,335,331,319,330,1,1,1,1,1,
337,1655,336,336,332,320,331,1,1,1,1,1,
338,1660,337,337,333,321,332,1,1,1,1,1,
339,1665,338,338,334,322,333,1,1,1,1,1,
340,1670,339,339,335,323,334,1,1,1,1,1,
341,1675,340,340,336,324,335,1,1,1,1,1,
342,1680,341,341,337,325,336,1,1,1,1,1,
343,1685,342,342,338,326,337,1,1,1,1,1,
344,1690,343,343,339,327,338,1,1,1,1,1,
345,1695,344,344,340,328,339,1,1,1,1,1,
346,1700,345,345,341,329,340,1,1,1,1,1,
347,1705,346,346,342,330,341,1,1,1,1,1,
348,1710,347,347,343,331,342,1,1,1,1,1,
349,1715,348,348,344,332,343,1,1,1,1,1,
350,1720,349,349,345,333,344,1,1,1,1,1,
351,1725,350,350,346,334,345,1,1,1,1,1,
352,1730,351,351,347,335,346,1,1,1,1,1,
353,1735,352,352,348,336,347,1,1,1,1,1,
354,1740,353,353,349,337,348,1,1,1,1,1,
355,1745,354,354,350,338,349,1,1,1,1,1,
356,1750,355,355,351,339,350,1,1,1,1,1,
357,1755,356,356,352,340,351,1,1,1,1,1,
358,1760,357,357,353,341,352,1,1,1,1,1,
359,1765,358,358,354,342,353,1,1,1,1,1,
360,1770,359,359,355,343,354,1,1,1,1,1,
361,1775,360,360,356,344,355,1,1,1,1,1,
362,1780,361,361,357,345,356,1,1,1,1,1,
363,1785,362,362,358,346,357,1,1,1,1,1,
364,1790,363,363,359,347,358,1,1,1,1,1,
365,1795,364,364,360,348,359,1,1,1,1,1,
366,1800,365,365,361,349,360,1,1,1,1,1,
367,1805,366,366,362,350,361,1,1,1,1,1,
368,1810,367,367,363,351,362,1,1,1,1,1,
369,1815,368,368,364,352,363,1,1,1,1,1,
370,1820,369,369,365,353,364,1,1,1,1,1,
371,1825,370,370,366,354,365,1,1,1,1,1,
372,1830,371,371,367,355,366,1,1,1,1,1,
373,1835,372,372,368,356,367,1,1,1,1,1,
374,1840,373,373,369,357,368,1,1,1,1,1,
375,1845,374,374,370,358,369,1,1,1,1,1,
376,1850,375,375,371,359,370,1,1,1,1,1,
377,1855,376,376,372,360,371,1,1,1,1,1,
378,1860,377,377,373,361,372,1,1,1,1,1,
379,1865,378,378,374,362,373,1,1,1,1,1,
380,1870,379,379,375,363,374,1,1,1,1,1,
381,1875,380,380,376,364,375,1,1,1,1,1,
382,1880,381,381,377,365,376,1,1,1,1,1,
383,1885,382,382,378,366,377,1,1,1,1,1,
384,1890,383,383,379,367,378,1,1,1,1,1,
385,1895,384,384,380,368,379,1,1,1,1,1,
386,1900,385,385,381,369,380,1,1,1,1,1,
387,1905,386,386,382,370,381,1,1,1,1,1,
388,1910,387,387,383,371,382,1,1,1,1,1,
389,1915,388,388,384,372,383,1,1,1,1,1,
390,1920,389,389,385,373,384,1,1,1,1,1,
391,1925,390,390,386,374,385,1,1,1,1,1,
392,1930,391,391,387,375,386,1,1,1,1,1,
393,1935,392,392,388,376,387,1,1,1,1,1,
394,1940,393,393,389,377,388,1,1,1,1,1,
395,1945,394,394,390,378,389,1,1,1,1,1,
396,1950,395,395,391,379,390,1,1,1,1,1,
397,1955,396,396,392,380,391,1,1,1,1,1,
398,1960,397,397,393,381,392,1,1,1,1,1,
399,1965,398,398,394,382,393,1,1,1,1,1,
400,1970,399,399,395,383,394,1,1,1,1,1,
401,1975,400,400,396,384,395,1,1,1,1,1,
402,1980,401,401,397,385,396,1,1,1,1,1,
403,1985,402,402,398,386,397,1,1,1,1,1,
404,1990,403,403,399,387,398,1,1,1,1,1,
405,1995,404,404,400,388,399,1,1,1,1,1,
406,2000,405,405,401,389,400,1,1,1,1,1,
407,2005,406,406,402,390,401,1,1,1,1,1,
408,2010,407,407,403,391,402,1,1,1,1,1,
409,2015,408,408,404,392,403,1,1,1,1,1,
410,2020,409,409,405,393,404,1,1,1,1,1,
411,2025,410,410,406,394,405,1,1,1,1,1,
412,2030,411,411,407,395,406,1,1,1,1,1,
413,2035,412,412,408,396,407,1,1,1,1,1,
414,2040,413,413,409,397,408,1,1,1,1,1,
415,2045,414,414,410,398,409,1,1,1,1,1,
416,2050,415,415,411,399,410,1,1,1,1,1,
417,2055,416,416,412,400,411,1,1,1,1,1,
418,2060,417,417,413,401,412,1,1,1,1,1,
419,2065,418,418,414,402,413,1,1,1,1,1,
420,2070,419,419,415,403,414,1,1,1,1,1,
421,2075,420,420,416,404,415,1,1,1,1,1,
422,2080,421,421,417,405,416,1,1,1,1,1,
423,2085,422,422,418,406,417,1,1,1,1,1,
424,2090,423,423,419,407,418,1,1,1,1,1,
425,2095,424,424,420,408,419,1,1,1,1,1,
426,2100,425,425,421,409,420,1,1,1,1,1,
427,2105,426,426,422,410,421,1,1,1,1,1,
428,2110,427,427,423,411,422,1,1,1,1,1,
429,2115,428,428,424,412,423,1,1,1,1,1,
430,2120,429,429,425,413,424,1,1,1,1,1,
431,2125,430,430,426,414,425,1,1,1,1,1,
432,2130,431,431,427,415,426,1,1,1,1,1,
433,2135,432,432,428,416,427,1,1,1,1,1,
434,2140,433,433,429,417,428,1,1,1,1,1,
435,2145,434,434,430,418,429,1,1,1,1,1,
436,2149,435,434,431,419,430,1,0,1,1,1,
437,2153,436,434,432,420,431,1,1,1,1,1,
438,2158,437,435,433,421,432,1,1,1,1,1,
439,2163,438,436,434,422,433,1,1,1,1,1,
440,2167,439,436,435,423,434,1,0,1,1,1,
441,2171,440,436,436,424,435,1,1,1,1,1,
442,2176,441,437,437,425,436,1,1,1,1,1,
443,2181,442,438,438,426,437,1,1,1,1,1,
444,2185,443,438,439,427,438,1,1,1,1,1,
445,2190,444,439,440,428,439,1,1,1,1,1,
446,2195,445,440,441,429,440,1,1,1,1,1,
447,2199,446,440,442,430,441,1,1,1,1,1,
448,2204,447,441,443,431,442,1,1,1,1,1,
449,2209,448,442,444,432,443,1,1,1,1,1,
450,2214,449,443,445,433,444,1,1,1,1,1,
451,2219,450,444,446,434,445,1,1,1,1,1,
452,2224,451,445,447,435,446,1,1,1,1,1,
453,2229,452,446,448,436,447,1,1,1,1,1,
454,2234,453,447,449,437,448,1,1,1,1,1,
455,2239,454,448,450,438,449,1,1,1,1,1,
456,2243,455,449,450,439,450,1,1,1,1,1,
457,2248,456,450,451,440,451,1,1,1,1,1,
458,2253,457,451,452,441,452,1,1,1,1,1,
459,2258,458,452,453,442,453,1,1,1,1,1,
460,2263,459,453,454,443,454,1,1,1,1,1,
461,2268,460,454,455,444,455,1,1,1,1,1,
462,2273,461,455,456,445,456,1,1,1,1,1,
463,2278,462,456,457,446,457,1,1,1,1,1,
464,2283,463,457,458,447,458,1,1,1,1,1,
465,2288,464,458,459,448,459,1,1,1,1,1,
466,2293,465,459,460,449,460,1,1,1,1,1,
467,2298,466,460,461,450,461,1,1,1,1,1,
468,2303,467,461,462,451,462,1,1,1,1,1,
469,2308,468,462,463,452,463,1,1,1,1,1,
470,2313,469,463,464,453,464,1,1,1,1,1,
471,2318,470,464,465,454,465,1,1,1,1,1,
472,2323,471,465,466,455,466,1,1,1,1,1,
473,2328,472,466,467,456,467,1,1,1,1,1,
474,2333,473,467,468,457,468,1,1,1,1,1,
475,2338,474,468,469,458,469,1,1,1,1,1,
476,2343,475,469,470,459,470,1,1,1,1,1,
477,2348,476,470,471,460,471,1,1,1,1,1,
478,2353,477,471,472,461,472,1,1,1,1,1,
479,2358,478,472,473,462,473,1,1,1,1,1,
480,2363,479,473,474,463,474,1,1,1,1,1,
481,2368,480,474,475,464,475,1,1,1,1,1,
482,2373,481,475,476,465,476,1,1,1,1,1,
483,2378,482,476,477,466,477,1,1,1,1,1,
484,2383,483,477,478,467,478,1,1,1,1,1,
485,2388,484,478,479,468,479,1,1,1,1,1,
486,2393,485,479,480,469,480,1,1,1,1,1,
487,2398,486,480,481,470,481,1,1,1,1,1,
488,2403,487,481,482,471,482,1,1,1,1,1,
489,2408,488,482,483,472,483,1,1,1,1,1,
490,2413,489,483,484,473,484,1,1,1,1,1,
491,2418,490,484,485,474,485,1,1,1,1,1,
492,2423,491,485,486,475,486,1,1,1,1,1,
493,2428,492,486,487,476,487,1,1,1,1,1,
494,2433,493,487,488,477,488,1,1,1,1,1,
495,2438,494,488,489,478,489,1,1,1,1,1,
496,2443,495,489,490,479,490,1,1,1,1,1,
497,2448,496,490,491,480,491,1,1,1,1,1,
498,2453,497,491,492,481,492,1,1,1,1,1,
499,2458,498,492,493,482,493,1,1,1,1,1,
500,2463,499,493,494,483,494,1,1,1,1,1,
501,2468,500,494,495,484,495,1,1,1,1,1,
502,2473,501,495,496,485,496,1,1,1,1,1,
503,2478,502,496,497,486,497,1,1,1,1,1,
504,2483,503,497,498,487,498,1,1,1,1,1,
505,2488,504,498,499,488,499,1,1,1,1,1,
506,2493,505,499,500,489,500,1,1,1,1,1,
507,2498,506,500,501,490,501,1,1,1,1,1,
508,2503,507,501,502,491,502,1,1,1,1,1,
509,2508,508,502,503,492,503,1,1,1,1,1,
510,2513,509,503,504,493,504,1,1,1,1,1,
511,2518,510,504,505,494,505,1,1,1,1,1,
512,2523,511,505,506,495,506,1,1,1,1,1,
513,2528,512,506,507,496,507,1,1,1,1,1,
514,2533,513,507,508,497,508,1,1,1,1,1,
515,2538,514,508,509,498,509,1,1,1,1,1,
516,2543,515,509,510,499,510,1,1,1,1,1,
517,2548,516,510,511,500,511,1,1,1,1,1,
518,2553,517,511,512,501,512,1,1,1,1,1,
519,2558,518,512,513,502,513,1,1,1,1,1,
520,2563,519,513,514,503,514,1,1,1,1,1,
521,2568,520,514,515,504,515,1,1,1,1,1,
522,2572,521,514,516,505,516,1,0,1,1,1,
523,2576,522,514,517,506,517,1,0,1,1,1,
524,2580,523,514,518,507,518,1,0,1,1,1,
525,2584,524,514,519,508,519,1,1,1,1,1,
526,2589,525,515,520,509,520,1,1,1,1,1,
527,2594,526,516,521,510,521,1,1,1,1,1,
528,2599,527,517,522,511,522,1,1,1,1,1,
529,2604,528,518,523,512,523,1,1,1,1,1,
530,2609,529,519,524,513,524,1,1,1,1,1,
531,2614,530,520,525,514,525,1,1,1,1,1,
532,2619,531,521,526,515,526,1,1,1,1,1,
533,2624,532,522,527,516,527,1,1,1,1,1,
534,2629,533,523,528,517,528,1,1,1,1,1,
535,2634,534,524,529,518,529,1,1,1,1,1,
536,2639,535,525,530,519,530,1,1,1,1,1,
537,2644,536,526,531,520,531,1,1,1,1,1,
538,2649,537,527,532,521,532,1,1,1,1,1,
539,2654,538,528,533,522,533,1,1,1,1,1,
540,2659,539,529,534,523,534,1,1,1,1,1,
541,2664,540,530,535,524,535,1,1,1,1,1,
542,2669,541,531,536,525,536,1,1,1,1,1,
543,2674,542,532,537,526,537,1,1,1,1,1,
544,2679,543,533,538,527,538,1,1,1,1,1,
545,2684,544,534,539,528,539,1,1,1,1,1,
546,2689,545,535,540,529,540,1,1,1,1,1,
547,2694,546,536,541,530,541,1,1,1,1,1,
548,2699,547,537,542,531,542,1,1,1,1,1,
549,2704,548,538,543,532,543,1,1,1,1,1,
550,2709,549,539,544,533,544,1,1,1,1,1,
551,2714,550,540,545,534,545,1,1,1,1,1,
552,2719,551,541,546,535,546,1,1,1,1,1,
553,2724,552,542,547,536,547,1,1,1,1,1,
554,2729,553,543,548,537,548,1,1,1,1,1,
555,2734,554,544,549,538,549,1,1,1,1,1,
556,2738,555,545,549,539,550,1,1,0,1,1,
557,2742,556,546,549,540,551,1,1,0,1,1,
558,2746,557,547,549,541,552,1,1,0,1,1,
559,2750,558,548,549,542,553,1,1,0,1,1,
560,2754,559,549,549,543,554,1,1,0,1,1,
561,2758,560,550,549,544,555,1,1,1,1,1,
562,2763,561,551,550,545,556,1,1,1,1,1,
563,2768,562,552,551,546,557,1,1,1,1,1,
564,2773,563,553,552,547,558,1,1,1,1,1,
565,2777,564,554,552,548,559,1,1,0,1,1,
566,2781,565,555,552,549,560,1,1,0,1,1,
567,2785,566,556,552,550,561,1,1,1,1,1,
568,2790,567,557,553,551,562,1,1,1,1,1,
569,2795,568,558,554,552,563,1,1,1,1,1,
570,2800,569,559,555,553,564,1,1,1,1,1,
571,2804,570,559,556,554,565,1,0,1,1,1,
572,2808,571,559,557,555,566,1,1,1,1,1,
573,2813,572,560,558,556,567,1,1,1,1,1,
574,2817,573,561,558,557,568,1,1,0,1,1,
575,2821,574,562,558,558,569,1,1,0,1,1,
576,2825,575,563,558,559,570,1,1,1,1,1,
577,2830,576,564,559,560,571,1,1,1,1,1,
578,2835,577,565,560,561,572,1,1,1,1,1,
579,2840,578,566,561,562,573,1,1,1,1,1,
580,2845,579,567,562,563,574,1,1,1,1,1,
581,2850,580,568,563,564,575,1,1,1,1,1,
582,2855,581,569,564,565,576,1,1,1,1,1,
583,2860,582,570,565,566,577,1,1,1,1,1,
584,2865,583,571,566,567,578,1,1,1,1,1,
585,2870,584,572,567,568,579,1,1,1,1,1,
586,2875,585,573,568,569,580,1,1,1,1,1,
587,2880,586,574,569,570,581,1,1,1,1,1,
588,2885,587,575,570,571,582,1,1,1,1,1,
589,2890,588,576,571,572,583,1,1,1,1,1,
590,2895,589,577,572,573,584,1,1,1,1,1,
591,2900,590,578,573,574,585,1,1,1,1,1,
592,2905,591,579,574,575,586,1,1,1,1,1,
593,2910,592,580,575,576,587,1,1,1,1,1,
594,2915,593,581,576,577,588,1,1,1,1,1,
595,2920,594,582,577,578,589,1,1,1,1,1,
596,2925,595,583,578,579,590,1,1,1,1,1,
597,2930,596,584,579,580,591,1,1,1,1,1,
598,2935,597,585,580,581,592,1,1,1,1,1,
599,2940,598,586,581,582,593,1,1,1,1,1,
600,2945,599,587,582,583,594,1,1,1,1,1,
601,2950,600,588,583,584,595,1,1,1,1,1,
602,2955,601,589,584,585,596,1,1,1,1,1,
603,2960,602,590,585,586,597,1,1,1,1,1,
604,2965,603,591,586,587,598,1,1,1,1,1,
605,2970,604,592,587,588,599,1,1,1,1,1,
606,2975,605,593,588,589,600,1,1,1,1,1,
607,2980,606,594,589,590,601,1,1,1,1,1,
608,2985,607,595,590,591,602,1,1,1,1,1,
609,2990,608,596,591,592,603,1,1,1,1,1,
610,2995,609,597,592,593,604,1,1,1,1,1,
611,3000,610,598,593,594,605,1,1,1,1,1,
612,3004,611,598,594,595,606,1,0,1,1,1,
613,3008,612,598,595,596,607,1,0,1,1,1,
614,3012,613,598,596,597,608,1,0,1,1,1,
615,3016,614,598,597,598,609,1,0,1,1,1,
616,3020,615,598,598,599,610,1,0,1,1,1,
617,3024,616,598,599,600,611,1,1,1,1,1,
618,3029,617,599,600,601,612,1,1,1,1,1,
619,3034,618,600,601,602,613,1,1,1,1,1,
620,3039,619,601,602,603,614,1,1,1,1,1,
621,3043,620,602,602,604,615,1,1,1,1,1,
622,3048,621,603,603,605,616,1,1,1,1,1,
623,3053,622,604,604,606,617,1,1,1,1,1,
624,3058,623,605,605,607,618,1,1,1,1,1,
625,3063,624,606,606,608,619,1,1,1,1,1,
626,3068,625,607,607,609,620,1,1,1,1,1,
627,3073,626,608,608,610,621,1,1,1,1,1,
628,3078,627,609,609,611,622,1,1,1,1,1,
629,3083,628,610,610,612,623,1,1,1,1,1,
630,3088,629,611,611,613,624,1,1,1,1,1,
631,3093,630,612,612,614,625,1,1,1,1,1,
632,3098,631,613,613,615,626,1,1,1,1,1,
633,3103,632,614,614,616,627,1,1,1,1,1,
634,3108,633,615,615,617,628,1,1,1,1,1,
635,3113,634,616,616,618,629,1,1,1,1,1,
636,3118,635,617,617,619,630,1,1,1,1,1,
637,3123,636,618,618,620,631,1,1,1,1,1,
638,3128,637,619,619,621,632,1,1,1,1,1,
639,3133,638,620,620,622,633,1,1,1,1,1,
640,3138,639,621,621,623,634,1,1,1,1,1,
641,3143,640,622,622,624,635,1,1,1,1,1,
642,3147,641,622,623,625,636,1,0,1,1,1,
643,3151,642,622,624,626,637,1,0,1,1,1,
644,3155,643,622,625,627,638,1,1,1,1,1,
645,3160,644,623,626,628,639,1,1,1,1,1,
646,3165,645,624,627,629,640,1,1,1,1,1,
647,3170,646,625,628,630,641,1,1,1,1,1,
648,3175,647,626,629,631,642,1,1,1,1,1,
649,3180,648,627,630,632,643,1,1,1,1,1,
650,3185,649,628,631,633,644,1,1,1,1,1,
651,3190,650,629,632,634,645,1,1,1,1,1,
652,3195,651,630,633,635,646,1,1,1,1,1,
653,3200,652,631,634,636,647,1,1,1,1,1,
654,3205,653,632,635,637,648,1,1,1,1,1,
655,3210,654,633,636,638,649,1,1,1,1,1,
656,3215,655,634,637,639,650,1,1,1,1,1,
657,3219,656,634,638,640,651,1,1,1,1,1,
658,3223,657,635,639,641,651,1,1,1,1,1,
659,3228,658,636,640,642,652,1,1,1,1,1,
660,3233,659,637,641,643,653,1,1,1,1,1,
661,3237,660,638,642,644,653,1,1,1,1,1,
662,3242,661,639,643,645,654,1,1,1,1,1,
663,3247,662,640,644,646,655,1,1,1,1,1,
664,3251,663,641,645,647,655,1,1,1,1,0,
665,3255,664,642,646,648,655,1,1,1,1,0,
666,3259,665,643,647,649,655,1,1,1,1,1,
667,3264,666,644,648,650,656,1,1,1,1,1,
668,3268,667,644,649,651,657,1,0,1,1,1,
669,3271,668,644,650,652,657,1,0,1,1,1,
670,3275,669,644,651,653,658,1,0,1,1,1,
671,3279,670,644,652,654,659,1,0,1,1,1,
672,3283,671,644,653,655,660,1,1,1,1,1,
673,3287,672,645,654,656,660,1,1,1,1,0,
674,3291,673,646,655,657,660,1,1,1,1,0,
675,3295,674,647,656,658,660,1,1,1,1,1,
676,3300,675,648,657,659,661,1,1,1,1,1,
677,3305,676,649,658,660,662,1,1,1,1,1,
678,3309,677,650,659,661,662,1,1,1,1,0,
679,3312,678,650,660,662,662,1,0,1,1,0,
680,3315,679,650,661,663,662,1,0,1,1,0,
681,3317,680,650,661,664,662,1,0,0,1,1,
682,3320,681,650,661,665,663,1,0,0,1,1,
683,3323,682,650,661,666,664,1,0,0,1,1,
684,3325,683,650,661,667,664,1,0,0,1,1,
685,3328,684,650,661,668,665,1,0,0,1,1,
686,3331,685,650,661,669,666,1,0,0,1,1,
687,3333,686,650,661,670,666,1,0,0,1,0,
688,3335,687,650,661,671,666,1,0,0,1,0,
689,3337,688,650,661,672,666,1,0,0,1,0,
690,3339,689,650,661,673,666,1,1,0,1,0,
691,3342,690,651,661,674,666,1,1,0,1,1,
692,3346,691,652,661,675,667,1,1,0,1,1,
693,3349,692,652,661,676,668,1,0,0,1,1,
694,3352,693,652,661,677,669,1,1,0,1,1,
695,3356,694,653,661,678,670,1,1,0,1,1,
696,3360,695,654,661,679,671,1,1,0,1,1,
697,3364,696,655,661,680,672,1,1,0,1,1,
698,3367,697,655,661,681,673,1,1,1,1,1,
699,3372,698,656,662,682,674,1,1,1,1,1,
700,3376,699,657,662,683,675,1,1,0,1,1,
701,3380,700,658,662,684,676,1,1,0,1,1,
702,3384,701,659,662,685,677,1,1,1,1,1,
703,3389,702,660,663,686,678,1,1,1,1,1,
704,3394,703,661,664,687,679,1,1,1,1,1,
705,3399,704,662,665,688,680,1,1,1,1,1,
706,3404,705,663,666,689,681,1,1,1,1,1,
707,3409,706,664,667,690,682,1,1,1,1,1,
708,3414,707,665,668,691,683,1,1,1,1,1,
709,3419,708,666,669,692,684,1,1,1,1,1,
710,3424,709,667,670,693,685,1,1,1,1,1,
711,3429,710,668,671,694,686,1,1,1,1,1,
712,3434,711,669,672,695,687,1,1,1,1,1,
713,3439,712,670,673,696,688,1,1,1,1,1,
714,3444,713,671,674,697,689,1,1,1,1,1,
715,3449,714,672,675,698,690,1,1,1,1,1,
716,3454,715,673,676,699,691,1,1,1,1,1,
717,3459,716,674,677,700,692,1,1,1,1,1,
718,3464,717,675,678,701,693,1,1,1,1,1,
719,3469,718,676,679,702,694,1,1,1,1,1,
720,3473,719,677,679,703,695,1,1,0,1,1,
721,3477,720,678,679,704,696,1,1,1,1,1,
722,3482,721,679,680,705,697,1,1,1,1,1,
723,3487,722,680,681,706,698,1,1,1,1,1,
724,3492,723,681,682,707,699,1,1,1,1,1,
725,3497,724,682,683,708,700,1,1,1,1,1,
726,3502,725,683,684,709,701,1,1,1,1,1,
727,3507,726,684,685,710,702,1,1,1,1,1,
728,3512,727,685,686,711,703,1,1,1,1,1,
729,3517,728,686,687,712,704,1,1,1,1,1,
730,3522,729,687,688,713,705,1,1,1,1,1,
731,3527,730,688,689,714,706,1,1,1,1,1,
732,3532,731,689,690,715,707,1,1,1,1,1,
733,3537,732,690,691,716,708,1,1,1,1,1,
734,3542,733,691,692,717,709,1,1,1,1,1,
735,3547,734,692,693,718,710,1,1,1,1,1,
736,3552,735,693,694,719,711,1,1,1,1,1,
737,3557,736,694,695,720,712,1,1,1,1,1,
738,3562,737,695,696,721,713,1,1,1,1,1,
739,3567,738,696,697,722,714,1,1,1,1,1,
740,3572,739,697,698,723,715,1,1,1,1,1,
741,3577,740,698,699,724,716,1,1,1,1,1,
742,3581,741,699,700,725,716,1,1,1,1,0,
743,3585,742,700,701,726,716,1,1,1,1,0,
744,3589,743,701,702,727,716,1,1,1,1,1,
745,3594,744,702,703,728,717,1,1,1,1,1,
746,3599,745,703,704,729,718,1,1,1,1,1,
747,3604,746,704,705,730,719,1,1,1,1,1,
748,3608,747,705,706,731,719,1,1,1,1,0,
749,3612,748,706,707,732,719,1,1,1,1,0,
750,3616,749,707,708,733,719,1,1,1,1,0,
751,3620,750,708,709,734,719,1,1,1,1,1,
752,3625,751,709,710,735,720,1,1,1,1,1,
753,3630,752,710,711,736,721,1,1,1,1,1,
754,3635,753,711,712,737,722,1,1,1,1,1,
755,3640,754,712,713,738,723,1,1,1,1,1,
756,3645,755,713,714,739,724,1,1,1,1,1,
757,3650,756,714,715,740,725,1,1,1,1,1,
758,3655,757,715,716,741,726,1,1,1,1,1,
759,3660,758,716,717,742,727,1,1,1,1,1,
760,3665,759,717,718,743,728,1,1,1,1,1,
761,3670,760,718,719,744,729,1,1,1,1,1,
762,3674,761,719,720,745,729,1,1,1,1,0,
763,3678,762,720,721,746,729,1,1,1,1,1,
764,3682,763,721,721,747,730,1,1,0,1,1,
765,3686,764,722,721,748,731,1,1,0,1,1,
766,3690,765,723,721,749,732,1,1,0,1,1,
767,3694,766,724,721,750,733,1,1,0,1,1,
768,3698,767,725,721,751,734,1,1,0,1,1,
769,3702,768,726,721,752,735,1,1,1,1,1,
770,3707,769,727,722,753,736,1,1,1,1,1,
771,3712,770,728,723,754,737,1,1,1,1,1,
772,3716,771,729,723,755,738,1,1,1,1,1,
773,3721,772,730,724,756,739,1,1,1,1,1,
774,3726,773,731,725,757,740,1,1,1,1,1,
775,3731,774,732,726,758,741,1,1,1,1,1,
776,3736,775,733,727,759,742,1,1,1,1,1,
777,3740,776,733,728,760,743,1,0,1,1,1,
778,3744,777,733,729,761,744,1,1,1,1,1,
779,3749,778,734,730,762,745,1,1,1,1,1,
780,3754,779,735,731,763,746,1,1,1,1,1,
781,3757,780,735,731,764,747,1,1,0,1,1,
782,3761,781,736,731,765,748,1,1,0,1,1,
783,3765,782,737,731,766,749,1,1,0,1,1,
784,3769,783,738,731,767,750,1,1,1,1,1,
785,3774,784,739,732,768,751,1,1,1,1,1,
786,3779,785,740,733,769,752,1,1,1,1,1,
787,3784,786,741,734,770,753,1,1,1,1,1,
788,3789,787,742,735,771,754,1,1,1,1,1,
789,3794,788,743,736,772,755,1,1,1,1,1,
790,3799,789,744,737,773,756,1,1,1,1,1,
791,3803,790,744,738,774,757,1,0,1,1,1,
792,3807,791,744,739,775,758,1,0,1,1,1,
793,3811,792,744,740,776,759,1,0,1,1,1,
794,3815,793,744,741,777,760,1,1,1,1,1,
795,3820,794,745,742,778,761,1,1,1,1,1,
796,3825,795,746,743,779,762,1,1,1,1,1,
797,3830,796,747,744,780,763,1,1,1,1,1,
798,3834,797,747,745,781,764,1,1,1,1,1,
799,3839,798,748,746,782,765,1,1,1,1,1,
800,3844,799,749,747,783,766,1,1,1,1,1,
801,3848,800,749,748,784,767,1,1,1,1,1,
802,3853,801,750,749,785,768,1,1,1,1,1,
803,3858,802,751,750,786,769,1,1,1,1,1,
804,3862,803,751,751,787,770,1,1,1,1,1,
805,3867,804,752,752,788,771,1,1,1,1,1,
806,3872,805,753,753,789,772,1,1,1,1,1,
807,3876,806,753,754,790,773,1,0,1,1,1,
808,3880,807,753,755,791,774,1,1,1,1,1,
809,3885,808,754,756,792,775,1,1,1,1,1,
810,3890,809,755,757,793,776,1,1,1,1,1,
811,3894,810,756,758,794,776,1,1,1,1,0,
812,3898,811,757,759,795,776,1,1,1,1,0,
813,3902,812,758,760,796,776,1,1,1,1,0,
814,3905,813,759,760,797,776,1,1,0,1,0,
815,3908,814,760,760,798,776,1,1,1,1,0,
816,3912,815,761,761,799,776,1,1,1,1,0,
817,3916,816,762,762,800,776,1,1,1,1,1,
818,3921,817,763,763,801,777,1,1,1,1,1,
819,3926,818,764,764,802,778,1,1,1,1,1,
820,3929,819,764,765,803,778,1,0,1,1,1,
821,3932,820,764,765,804,779,1,0,0,1,1,
822,3935,821,764,765,805,780,1,0,0,1,1,
823,3937,822,764,765,806,780,1,1,1,1,1,
824,3942,823,765,766,807,781,1,1,1,1,1,
825,3947,824,766,767,808,782,1,1,1,1,1,
826,3951,825,766,768,809,783,1,0,1,1,1,
827,3955,826,766,769,810,784,1,0,1,1,1,
828,3959,827,766,770,811,785,1,0,1,1,1,
829,3963,828,766,771,812,786,1,1,1,1,1,
830,3967,829,767,772,813,786,1,1,1,1,0,
831,3971,830,768,773,814,786,1,1,1,1,0,
832,3974,831,768,774,815,786,1,0,1,1,0,
833,3977,832,768,775,816,786,1,0,1,1,0,
834,3980,833,768,776,817,786,1,0,1,1,0,
835,3983,834,768,777,818,786,1,1,1,1,0,
836,3987,835,769,778,819,786,1,1,1,1,0,
837,3991,836,770,779,820,786,1,1,1,1,0,
838,3994,837,770,780,821,786,1,1,1,1,0,
839,3998,838,771,781,822,786,1,1,1,1,0,
840,4002,839,772,782,823,786,1,1,1,1,1,
841,4006,840,772,783,824,787,1,0,1,1,1,
842,4010,841,772,784,825,788,1,0,1,1,1,
843,4013,842,772,785,826,788,1,0,1,1,1,
844,4017,843,772,786,827,789,1,0,1,1,1,
845,4021,844,772,787,828,790,1,0,1,1,1,
846,4024,845,772,788,829,790,1,0,1,1,0,
847,4027,846,772,789,830,790,1,0,1,1,0,
848,4030,847,772,790,831,790,1,0,1,1,0,
849,4033,848,772,791,832,790,1,0,1,1,0,
850,4035,849,772,791,833,790,1,1,0,1,1,
851,4039,850,773,791,834,791,1,1,0,1,1,
852,4043,851,774,791,835,792,1,1,0,1,1,
853,4046,852,775,791,836,792,1,1,0,1,0,
854,4049,853,776,791,837,792,1,1,0,1,1,
855,4053,854,777,791,838,793,1,1,0,1,1,
856,4057,855,778,791,839,794,1,1,1,1,1,
857,4061,856,779,792,840,794,1,1,1,1,0,
858,4065,857,780,793,841,794,1,1,1,1,1,
859,4069,858,781,793,842,795,1,1,0,1,1,
860,4073,859,782,793,843,796,1,1,0,1,1,
861,4076,860,783,793,844,796,1,1,0,1,1,
862,4080,861,784,793,845,797,1,1,0,1,1,
863,4083,862,784,793,846,798,1,0,0,1,1,
864,4086,863,784,793,847,799,1,0,0,1,1,
865,4088,864,784,793,848,799,1,1,0,1,0,
866,4091,865,785,793,849,799,1,1,0,1,1,
867,4095,866,786,793,850,800,1,1,1,1,1,
868,4100,867,787,794,851,801,1,1,1,1,1,
869,4104,868,787,795,852,802,1,0,1,1,1,
870,4107,869,787,795,853,803,1,0,0,1,1,
871,4110,870,787,795,854,804,1,0,0,1,1,
872,4113,871,787,795,855,805,1,1,0,1,1,
873,4116,872,788,795,856,805,1,1,0,1,0,
874,4119,873,789,795,857,805,1,1,1,1,1,
875,4123,874,789,796,858,806,1,0,1,1,1,
876,4127,875,789,797,859,807,1,1,1,1,1,
877,4130,876,790,797,860,807,1,1,0,1,0,
878,4133,877,791,797,861,807,1,1,1,1,1,
879,4138,878,792,798,862,808,1,1,1,1,1,
880,4143,879,793,799,863,809,1,1,1,1,1,
881,4146,880,794,799,864,809,1,1,0,1,0,
882,4149,881,795,799,865,809,1,1,0,1,1,
883,4152,882,795,799,866,810,1,0,0,1,1,
884,4155,883,795,799,867,811,1,0,1,1,1,
885,4158,884,795,800,868,811,1,0,1,1,1,
886,4162,885,795,801,869,812,1,0,1,1,1,
887,4165,886,795,801,870,813,1,0,1,1,1,
888,4168,887,795,802,871,813,1,1,1,1,0,
889,4172,888,796,803,872,813,1,1,1,1,0,
890,4175,889,797,803,873,813,1,1,1,1,0,
891,4178,890,797,804,874,813,1,0,1,1,0,
892,4181,891,797,805,875,813,1,1,1,1,0,
893,4184,892,798,805,876,813,1,1,0,1,0,
894,4187,893,799,805,877,813,1,1,0,1,1,
895,4190,894,799,805,878,814,1,0,0,1,1,
896,4193,895,799,805,879,815,1,1,0,1,1,
897,4196,896,800,805,880,815,1,1,0,1,0,
898,4199,897,801,805,881,815,1,1,0,1,1,
899,4202,898,801,805,882,816,1,0,1,1,1,
900,4206,899,801,806,883,817,1,0,1,1,1,
901,4209,900,801,807,884,817,1,0,1,1,0,
902,4211,901,801,807,885,817,1,0,0,1,0,
903,4213,902,801,807,886,817,1,0,0,1,1,
904,4216,903,801,807,887,818,1,0,0,1,1,
905,4219,904,801,807,888,819,1,0,1,1,1,
906,4223,905,801,808,889,820,1,0,1,1,1,
907,4227,906,801,809,890,821,1,0,1,1,1,
908,4231,907,801,810,891,822,1,0,1,1,1,
909,4235,908,801,811,892,823,1,0,1,1,1,
910,4239,909,801,812,893,824,1,0,1,1,1,
911,4243,910,801,813,894,825,1,1,1,1,1,
912,4248,911,802,814,895,826,1,1,1,1,1,
913,4253,912,803,815,896,827,1,1,1,1,1,
914,4257,913,803,816,897,828,1,1,1,1,1,
915,4262,914,804,817,898,829,1,1,1,1,1,
916,4267,915,805,818,899,830,1,1,1,1,1,
917,4271,916,805,819,900,831,1,1,1,1,1,
918,4276,917,806,820,901,832,1,1,1,1,1,
919,4281,918,807,821,902,833,1,1,1,1,1,
920,4286,919,808,822,903,834,1,1,1,1,1,
921,4290,920,808,823,904,835,1,0,1,1,1,
922,4294,921,808,824,905,836,1,0,1,1,1,
923,4298,922,808,825,906,837,1,0,1,1,1,
924,4302,923,808,826,907,838,1,0,1,1,1,
925,4306,924,808,827,908,839,1,0,1,1,1,
926,4310,925,808,828,909,840,1,0,1,1,1,
927,4314,926,808,829,910,841,1,0,1,1,1,
928,4317,927,808,830,911,841,1,0,1,1,0,
929,4320,928,808,831,912,841,1,0,1,1,1,
930,4324,929,808,832,913,842,1,0,1,1,1,
931,4328,930,808,833,914,843,1,0,1,1,1,
932,4331,931,808,834,915,843,1,1,1,1,0,
933,4335,932,809,835,916,843,1,1,1,1,1,
934,4340,933,810,836,917,844,1,1,1,1,1,
935,4345,934,811,837,918,845,1,1,1,1,1,
936,4349,935,812,838,919,845,1,1,1,1,1,
937,4354,936,813,839,920,846,1,1,1,1,1,
938,4359,937,814,840,921,847,1,1,1,1,1,
939,4362,938,814,841,922,847,1,0,1,1,0,
940,4365,939,814,842,923,847,1,0,1,1,0,
941,4367,940,814,842,924,847,1,0,0,1,1,
942,4370,941,814,842,925,848,1,0,1,1,1,
943,4374,942,814,843,926,849,1,0,1,1,1,
944,4378,943,814,844,927,850,1,0,1,1,1,
945,4381,944,814,844,928,851,1,0,0,1,1,
946,4384,945,814,844,929,852,1,0,0,1,1,
947,4387,946,814,844,930,853,1,0,0,1,1,
948,4390,947,814,844,931,854,1,0,0,1,1,
949,4393,948,814,844,932,855,1,0,0,1,1,
950,4396,949,814,844,933,856,1,1,0,1,1,
951,4400,950,815,844,934,857,1,1,1,1,1,
952,4405,951,816,845,935,858,1,1,1,1,1,
953,4409,952,816,846,936,859,1,1,1,1,1,
954,4414,953,817,847,937,860,1,1,1,1,1,
955,4419,954,818,848,938,861,1,1,1,1,1,
956,4423,955,818,849,939,862,1,0,1,1,1,
957,4427,956,818,850,940,863,1,0,1,1,1,
958,4431,957,818,851,941,864,1,0,1,1,1,
959,4435,958,818,852,942,865,1,0,1,1,1,
960,4439,959,818,853,943,866,1,0,1,1,1,
961,4443,960,818,854,944,867,1,1,1,1,1,
962,4447,961,819,854,945,868,1,1,0,1,1,
963,4451,962,820,854,946,869,1,1,0,1,1,
964,4455,963,821,854,947,870,1,1,0,1,1,
965,4459,964,822,854,948,871,1,1,0,1,1,
966,4463,965,823,854,949,872,1,1,1,1,1,
967,4468,966,824,855,950,873,1,1,1,1,1,
968,4473,967,825,856,951,874,1,1,1,1,1,
969,4477,968,826,856,952,875,1,1,1,1,1,
970,4482,969,827,857,953,876,1,1,1,1,1,
971,4487,970,828,858,954,877,1,1,1,1,1,
972,4492,971,829,859,955,878,1,1,1,1,1,
973,4497,972,830,860,956,879,1,1,1,1,1,
974,4502,973,831,861,957,880,1,1,1,1,1,
Completed in 974 rounds.
Completed in 69.3604 ms
