ROUND,TASKS COMPLETED,worker0 tasks,worker0 running,
1,0,0,1,
2,1,1,1,
3,2,2,1,
4,3,3,1,
5,4,4,1,
6,5,5,1,
7,6,6,1,
8,7,7,1,
9,8,8,1,
10,9,9,1,
11,10,10,1,
12,11,11,1,
13,12,12,1,
14,13,13,1,
15,14,14,1,
16,15,15,1,
17,16,16,1,
18,17,17,1,
19,18,18,1,
20,19,19,1,
21,20,20,1,
22,21,21,1,
23,22,22,1,
24,23,23,1,
25,24,24,1,
26,25,25,1,
27,26,26,1,
28,27,27,1,
29,28,28,1,
30,29,29,1,
31,30,30,1,
32,31,31,1,
33,32,32,1,
34,33,33,1,
35,34,34,1,
36,35,35,1,
37,36,36,1,
38,37,37,1,
39,38,38,1,
40,39,39,1,
41,40,40,1,
42,41,41,1,
43,42,42,1,
44,43,43,1,
45,44,44,1,
46,45,45,1,
47,46,46,1,
48,47,47,1,
49,48,48,1,
50,49,49,1,
51,50,50,1,
52,51,51,1,
53,52,52,1,
54,53,53,1,
55,54,54,1,
56,55,55,1,
57,56,56,1,
58,57,57,1,
59,58,58,1,
60,59,59,1,
61,60,60,1,
62,61,61,1,
63,62,62,1,
64,63,63,1,
65,64,64,1,
66,65,65,1,
67,66,66,1,
68,67,67,1,
69,68,68,1,
70,69,69,1,
71,70,70,1,
72,71,71,1,
73,72,72,1,
74,73,73,1,
75,74,74,1,
76,75,75,1,
77,76,76,1,
78,77,77,1,
79,78,78,1,
80,79,79,1,
81,80,80,1,
82,81,81,1,
83,82,82,1,
84,83,83,1,
85,84,84,1,
86,85,85,1,
87,86,86,1,
88,87,87,1,
89,88,88,1,
90,89,89,1,
91,90,90,1,
92,91,91,1,
93,92,92,1,
94,92,92,1,
95,93,93,1,
96,94,94,1,
97,95,95,1,
98,96,96,1,
99,97,97,1,
100,98,98,1,
101,99,99,1,
102,100,100,1,
103,101,101,1,
104,102,102,1,
105,103,103,1,
106,104,104,1,
107,105,105,1,
108,106,106,1,
109,107,107,1,
110,108,108,1,
111,109,109,1,
112,110,110,1,
113,111,111,1,
114,112,112,1,
115,113,113,1,
116,114,114,1,
117,115,115,1,
118,116,116,1,
119,117,117,1,
120,118,118,1,
121,119,119,1,
122,120,120,1,
123,121,121,1,
124,122,122,1,
125,123,123,1,
126,124,124,1,
127,125,125,1,
128,126,126,1,
129,127,127,1,
130,128,128,1,
131,129,129,1,
132,130,130,1,
133,131,131,1,
134,132,132,1,
135,133,133,1,
136,134,134,1,
137,135,135,1,
138,136,136,1,
139,137,137,1,
140,138,138,1,
141,139,139,1,
142,140,140,1,
143,141,141,1,
144,142,142,1,
145,143,143,1,
146,144,144,1,
147,145,145,1,
148,146,146,1,
149,147,147,1,
150,148,148,1,
151,149,149,1,
152,150,150,1,
153,151,151,1,
154,152,152,1,
155,153,153,1,
156,154,154,1,
157,155,155,1,
158,156,156,1,
159,157,157,1,
160,158,158,1,
161,159,159,1,
162,160,160,1,
163,161,161,1,
164,162,162,1,
165,163,163,1,
166,164,164,1,
167,165,165,1,
168,166,166,1,
169,167,167,1,
170,168,168,1,
171,169,169,1,
172,170,170,1,
173,171,171,1,
174,172,172,1,
175,173,173,1,
176,174,174,1,
177,175,175,1,
178,176,176,1,
179,177,177,1,
180,178,178,1,
181,179,179,1,
182,180,180,1,
183,181,181,1,
184,182,182,1,
185,183,183,1,
186,184,184,1,
187,185,185,1,
188,186,186,1,
189,187,187,1,
190,188,188,1,
191,189,189,1,
192,190,190,1,
193,191,191,1,
194,192,192,1,
195,193,193,1,
196,194,194,1,
197,195,195,1,
198,196,196,1,
199,197,197,1,
200,198,198,1,
201,199,199,1,
202,200,200,1,
203,201,201,1,
204,202,202,1,
205,203,203,1,
206,204,204,1,
207,205,205,1,
208,206,206,1,
209,207,207,1,
210,208,208,1,
211,209,209,1,
212,210,210,1,
213,211,211,1,
214,212,212,1,
215,213,213,1,
216,214,214,1,
217,215,215,1,
218,216,216,1,
219,217,217,1,
220,218,218,1,
221,219,219,1,
222,220,220,1,
223,221,221,1,
224,222,222,1,
225,223,223,1,
226,224,224,1,
227,225,225,1,
228,226,226,1,
229,227,227,1,
230,228,228,1,
231,229,229,1,
232,230,230,1,
233,231,231,1,
234,232,232,1,
235,233,233,1,
236,234,234,1,
237,235,235,1,
238,236,236,1,
239,237,237,1,
240,238,238,1,
241,239,239,1,
242,240,240,1,
243,241,241,1,
244,242,242,1,
245,243,243,1,
246,244,244,1,
247,245,245,1,
248,246,246,1,
249,247,247,1,
250,248,248,1,
251,249,249,1,
252,250,250,1,
253,251,251,1,
254,252,252,1,
255,253,253,1,
256,254,254,1,
257,255,255,1,
258,256,256,1,
259,257,257,1,
260,258,258,1,
261,259,259,1,
262,260,260,1,
263,261,261,1,
264,262,262,1,
265,263,263,1,
266,264,264,1,
267,265,265,1,
268,266,266,1,
269,267,267,1,
270,268,268,1,
271,269,269,1,
272,270,270,1,
273,271,271,1,
274,272,272,1,
275,273,273,1,
276,274,274,1,
277,275,275,1,
278,276,276,1,
279,277,277,1,
280,278,278,1,
281,279,279,1,
282,280,280,1,
283,281,281,1,
284,282,282,1,
285,283,283,1,
286,284,284,1,
287,285,285,1,
288,286,286,1,
289,287,287,1,
290,288,288,1,
291,289,289,1,
292,290,290,1,
293,291,291,1,
294,292,292,1,
295,293,293,1,
296,294,294,1,
297,295,295,1,
298,296,296,1,
299,297,297,1,
300,298,298,1,
301,299,299,1,
302,300,300,1,
303,301,301,1,
304,302,302,1,
305,303,303,1,
306,304,304,1,
307,305,305,1,
308,306,306,1,
309,307,307,1,
310,308,308,1,
311,309,309,1,
312,310,310,1,
313,311,311,1,
314,312,312,1,
315,313,313,1,
316,314,314,1,
317,315,315,1,
318,316,316,1,
319,317,317,1,
320,318,318,1,
321,319,319,1,
322,320,320,1,
323,321,321,1,
324,322,322,1,
325,323,323,1,
326,324,324,1,
327,325,325,1,
328,326,326,1,
329,327,327,1,
330,328,328,1,
331,329,329,1,
332,330,330,1,
333,331,331,1,
334,332,332,1,
335,333,333,1,
336,334,334,1,
337,335,335,1,
338,336,336,1,
339,337,337,1,
340,338,338,1,
341,339,339,1,
342,340,340,1,
343,341,341,1,
344,342,342,1,
345,343,343,1,
346,344,344,1,
347,345,345,1,
348,346,346,1,
349,347,347,1,
350,348,348,1,
351,349,349,1,
352,350,350,1,
353,351,351,1,
354,352,352,1,
355,353,353,1,
356,354,354,1,
357,355,355,1,
358,356,356,1,
359,357,357,1,
360,358,358,1,
361,359,359,1,
362,360,360,1,
363,361,361,1,
364,362,362,1,
365,363,363,1,
366,364,364,1,
367,365,365,1,
368,366,366,1,
369,367,367,1,
370,368,368,1,
371,369,369,1,
372,370,370,1,
373,371,371,1,
374,372,372,1,
375,373,373,1,
376,374,374,1,
377,375,375,1,
378,376,376,1,
379,377,377,1,
380,378,378,1,
381,379,379,1,
382,380,380,1,
383,381,381,1,
384,382,382,1,
385,383,383,1,
386,384,384,1,
387,385,385,1,
388,386,386,1,
389,387,387,1,
390,388,388,1,
391,389,389,1,
392,390,390,1,
393,391,391,1,
394,392,392,1,
395,393,393,1,
396,394,394,1,
397,395,395,1,
398,396,396,1,
399,397,397,1,
400,398,398,1,
401,399,399,1,
402,400,400,1,
403,401,401,1,
404,402,402,1,
405,403,403,1,
406,404,404,1,
407,405,405,1,
408,406,406,1,
409,407,407,1,
410,408,408,1,
411,409,409,1,
412,410,410,1,
413,411,411,1,
414,412,412,1,
415,413,413,1,
416,414,414,1,
417,415,415,1,
418,416,416,1,
419,417,417,1,
420,418,418,1,
421,419,419,1,
422,420,420,1,
423,421,421,1,
424,422,422,1,
425,423,423,1,
426,424,424,1,
427,425,425,1,
428,426,426,1,
429,427,427,1,
430,428,428,1,
431,429,429,1,
432,430,430,1,
433,431,431,1,
434,432,432,1,
435,433,433,1,
436,434,434,1,
437,435,435,1,
438,436,436,1,
439,437,437,1,
440,438,438,1,
441,439,439,1,
442,440,440,1,
443,441,441,1,
444,442,442,1,
445,443,443,1,
446,444,444,1,
447,445,445,1,
448,446,446,1,
449,447,447,1,
450,448,448,1,
451,449,449,1,
452,450,450,1,
453,451,451,1,
454,452,452,1,
455,453,453,1,
456,454,454,1,
457,455,455,1,
458,456,456,1,
459,457,457,1,
460,458,458,1,
461,459,459,1,
462,460,460,1,
463,461,461,1,
464,462,462,1,
465,463,463,1,
466,464,464,1,
467,465,465,1,
468,466,466,1,
469,467,467,1,
470,468,468,1,
471,469,469,1,
472,470,470,1,
473,471,471,1,
474,472,472,1,
475,473,473,1,
476,474,474,1,
477,475,475,1,
478,476,476,1,
479,477,477,1,
480,478,478,1,
481,479,479,1,
482,480,480,1,
483,481,481,1,
484,482,482,1,
485,483,483,1,
486,484,484,1,
487,485,485,1,
488,486,486,1,
489,487,487,1,
490,488,488,1,
491,489,489,1,
492,490,490,1,
493,491,491,1,
494,492,492,1,
495,493,493,1,
496,494,494,1,
497,495,495,1,
498,496,496,1,
499,497,497,1,
500,498,498,1,
501,499,499,1,
502,500,500,1,
503,501,501,1,
504,502,502,1,
505,503,503,1,
506,504,504,1,
507,505,505,1,
508,506,506,1,
509,507,507,1,
510,508,508,1,
511,509,509,1,
512,510,510,1,
513,511,511,1,
514,512,512,1,
515,513,513,1,
516,514,514,1,
517,515,515,1,
518,516,516,1,
519,517,517,1,
520,518,518,1,
521,519,519,1,
522,520,520,1,
523,521,521,1,
524,522,522,1,
525,523,523,1,
526,524,524,1,
527,525,525,1,
528,526,526,1,
529,527,527,1,
530,528,528,1,
531,529,529,1,
532,530,530,1,
533,531,531,1,
534,532,532,1,
535,533,533,1,
536,534,534,1,
537,535,535,1,
538,536,536,1,
539,537,537,1,
540,538,538,1,
541,539,539,1,
542,540,540,1,
543,541,541,1,
544,542,542,1,
545,543,543,1,
546,544,544,1,
547,545,545,1,
548,546,546,1,
549,547,547,1,
550,548,548,1,
551,549,549,1,
552,550,550,1,
553,551,551,1,
554,552,552,1,
555,553,553,1,
556,554,554,1,
557,555,555,1,
558,556,556,1,
559,557,557,1,
560,558,558,1,
561,559,559,1,
562,560,560,1,
563,561,561,1,
564,562,562,1,
565,563,563,1,
566,564,564,1,
567,565,565,1,
568,566,566,1,
569,567,567,1,
570,568,568,1,
571,569,569,1,
572,570,570,1,
573,571,571,1,
574,572,572,1,
575,573,573,1,
576,574,574,1,
577,575,575,1,
578,576,576,1,
579,577,577,1,
580,578,578,1,
581,579,579,1,
582,580,580,1,
583,581,581,1,
584,582,582,1,
585,583,583,1,
586,584,584,1,
587,585,585,1,
588,586,586,1,
589,587,587,1,
590,588,588,1,
591,589,589,1,
592,590,590,1,
593,591,591,1,
594,592,592,1,
595,593,593,1,
596,594,594,1,
597,595,595,1,
598,595,595,1,
599,596,596,1,
600,597,597,1,
601,598,598,1,
602,599,599,1,
603,600,600,1,
604,601,601,1,
605,602,602,1,
606,603,603,1,
607,604,604,1,
608,605,605,1,
609,606,606,1,
610,607,607,1,
611,608,608,1,
612,609,609,1,
613,610,610,1,
614,611,611,1,
615,612,612,1,
616,613,613,1,
617,614,614,1,
618,615,615,1,
619,616,616,1,
620,617,617,1,
621,618,618,1,
622,619,619,1,
623,620,620,1,
624,621,621,1,
625,622,622,1,
626,623,623,1,
627,624,624,1,
628,625,625,1,
629,626,626,1,
630,627,627,1,
631,628,628,1,
632,629,629,1,
633,630,630,1,
634,631,631,1,
635,632,632,1,
636,633,633,1,
637,634,634,1,
638,635,635,1,
639,636,636,1,
640,637,637,1,
641,638,638,1,
642,639,639,1,
643,640,640,1,
644,641,641,1,
645,642,642,1,
646,643,643,1,
647,644,644,1,
648,645,645,1,
649,646,646,1,
650,647,647,1,
651,648,648,1,
652,649,649,1,
653,650,650,1,
654,651,651,1,
655,652,652,1,
656,653,653,1,
657,654,654,1,
658,655,655,1,
659,656,656,1,
660,657,657,1,
661,658,658,1,
662,659,659,1,
663,660,660,1,
664,661,661,1,
665,662,662,1,
666,663,663,1,
667,664,664,1,
668,665,665,1,
669,666,666,1,
670,667,667,1,
671,668,668,1,
672,669,669,1,
673,670,670,1,
674,671,671,1,
675,672,672,1,
676,673,673,1,
677,674,674,1,
678,675,675,1,
679,676,676,1,
680,677,677,1,
681,678,678,1,
682,679,679,1,
683,680,680,1,
684,681,681,1,
685,682,682,1,
686,683,683,1,
687,684,684,1,
688,685,685,1,
689,686,686,1,
690,687,687,1,
691,688,688,1,
692,689,689,1,
693,690,690,1,
694,691,691,1,
695,692,692,1,
696,693,693,1,
697,694,694,1,
698,695,695,1,
699,696,696,1,
700,697,697,1,
701,698,698,1,
702,699,699,1,
703,700,700,1,
704,701,701,1,
705,702,702,1,
706,703,703,1,
707,704,704,1,
708,705,705,1,
709,706,706,1,
710,707,707,1,
711,708,708,1,
712,709,709,1,
713,710,710,1,
714,711,711,1,
715,712,712,1,
716,713,713,1,
717,714,714,1,
718,715,715,1,
719,716,716,1,
720,717,717,1,
721,718,718,1,
722,719,719,1,
723,720,720,1,
724,721,721,1,
725,722,722,1,
726,723,723,1,
727,724,724,1,
728,725,725,1,
729,726,726,1,
730,727,727,1,
731,728,728,1,
732,729,729,1,
733,730,730,1,
734,731,731,1,
735,732,732,1,
736,733,733,1,
737,734,734,1,
738,735,735,1,
739,736,736,1,
740,737,737,1,
741,738,738,1,
742,739,739,1,
743,740,740,1,
744,741,741,1,
745,742,742,1,
746,743,743,1,
747,744,744,1,
748,745,745,1,
749,746,746,1,
750,747,747,1,
751,748,748,1,
752,749,749,1,
753,750,750,1,
754,751,751,1,
755,752,752,1,
756,753,753,1,
757,754,754,1,
758,755,755,1,
759,756,756,1,
760,757,757,1,
761,758,758,1,
762,759,759,1,
763,760,760,1,
764,761,761,1,
765,762,762,1,
766,763,763,1,
767,764,764,1,
768,765,765,1,
769,766,766,1,
770,767,767,1,
771,768,768,1,
772,769,769,1,
773,770,770,1,
774,771,771,1,
775,772,772,1,
776,773,773,1,
777,774,774,1,
778,775,775,1,
779,776,776,1,
780,777,777,1,
781,778,778,1,
782,779,779,1,
783,780,780,1,
784,781,781,1,
785,782,782,1,
786,783,783,1,
787,784,784,1,
788,785,785,1,
789,786,786,1,
790,787,787,1,
791,788,788,1,
792,789,789,1,
793,790,790,1,
794,791,791,1,
795,792,792,1,
796,793,793,1,
797,794,794,1,
798,795,795,1,
799,796,796,1,
800,797,797,1,
801,798,798,1,
802,799,799,1,
803,800,800,1,
804,801,801,1,
805,802,802,1,
806,803,803,1,
807,804,804,1,
808,805,805,1,
809,806,806,1,
810,807,807,1,
811,808,808,1,
812,809,809,1,
813,810,810,1,
814,811,811,1,
815,812,812,1,
816,813,813,1,
817,814,814,1,
818,815,815,1,
819,816,816,1,
820,817,817,1,
821,818,818,1,
822,819,819,1,
823,820,820,1,
824,821,821,1,
825,822,822,1,
826,823,823,1,
827,824,824,1,
828,825,825,1,
829,826,826,1,
830,827,827,1,
831,828,828,1,
832,829,829,1,
833,830,830,1,
834,831,831,1,
835,832,832,1,
836,833,833,1,
837,834,834,1,
838,835,835,1,
839,836,836,1,
840,837,837,1,
841,838,838,1,
842,839,839,1,
843,840,840,1,
844,841,841,1,
845,842,842,1,
846,843,843,1,
847,844,844,1,
848,845,845,1,
849,846,846,1,
850,847,847,1,
851,848,848,1,
852,849,849,1,
853,850,850,1,
854,851,851,1,
855,852,852,1,
856,853,853,1,
857,854,854,1,
858,855,855,1,
859,856,856,1,
860,857,857,1,
861,858,858,1,
862,859,859,1,
863,860,860,1,
864,861,861,1,
865,862,862,1,
866,863,863,1,
867,864,864,1,
868,865,865,1,
869,866,866,1,
870,867,867,1,
871,868,868,1,
872,869,869,1,
873,870,870,1,
874,871,871,1,
875,872,872,1,
876,873,873,1,
877,874,874,1,
878,875,875,1,
879,876,876,1,
880,877,877,1,
881,878,878,1,
882,879,879,1,
883,880,880,1,
884,881,881,1,
885,882,882,1,
886,883,883,1,
887,884,884,1,
888,885,885,1,
889,886,886,1,
890,887,887,1,
891,888,888,1,
892,889,889,1,
893,890,890,1,
894,891,891,1,
895,892,892,1,
896,893,893,1,
897,894,894,1,
898,895,895,1,
899,896,896,1,
900,897,897,1,
901,898,898,1,
902,899,899,1,
903,900,900,1,
904,901,901,1,
905,902,902,1,
906,903,903,1,
907,904,904,1,
908,905,905,1,
909,906,906,1,
910,907,907,1,
911,908,908,1,
912,909,909,1,
913,910,910,1,
914,911,911,1,
915,912,912,1,
916,913,913,1,
917,914,914,1,
918,915,915,1,
919,916,916,1,
920,917,917,1,
921,918,918,1,
922,918,918,1,
923,919,919,1,
924,920,920,1,
925,921,921,1,
926,922,922,1,
927,923,923,1,
928,924,924,1,
929,925,925,1,
930,926,926,1,
931,927,927,1,
932,928,928,1,
933,929,929,1,
934,930,930,1,
935,931,931,1,
936,932,932,1,
937,933,933,1,
938,934,934,1,
939,935,935,1,
940,936,936,1,
941,937,937,1,
942,938,938,1,
943,939,939,1,
944,940,940,1,
945,941,941,1,
946,942,942,1,
947,943,943,1,
948,944,944,1,
949,945,945,1,
950,946,946,1,
951,947,947,1,
952,948,948,1,
953,949,949,1,
954,950,950,1,
955,951,951,1,
956,952,952,1,
957,953,953,1,
958,954,954,1,
959,955,955,1,
960,956,956,1,
961,957,957,1,
962,958,958,1,
963,959,959,1,
964,960,960,1,
965,961,961,1,
966,962,962,1,
967,963,963,1,
968,964,964,1,
969,965,965,1,
970,966,966,1,
971,967,967,1,
972,968,968,1,
973,969,969,1,
974,970,970,1,
975,971,971,1,
976,972,972,1,
977,973,973,1,
978,974,974,1,
979,975,975,1,
980,976,976,1,
981,977,977,1,
982,978,978,1,
983,979,979,1,
984,980,980,1,
985,981,981,1,
986,982,982,1,
987,983,983,1,
988,984,984,1,
989,985,985,1,
990,986,986,1,
991,987,987,1,
992,988,988,1,
993,989,989,1,
994,990,990,1,
995,991,991,1,
996,992,992,1,
997,993,993,1,
998,994,994,1,
999,995,995,1,
1000,996,996,1,
1001,997,997,1,
1002,998,998,1,
1003,999,999,1,
1004,1000,1000,1,
1005,1001,1001,1,
1006,1002,1002,1,
1007,1003,1003,1,
1008,1004,1004,1,
1009,1005,1005,1,
1010,1006,1006,1,
1011,1007,1007,1,
1012,1008,1008,1,
1013,1009,1009,1,
1014,1010,1010,1,
1015,1011,1011,1,
1016,1012,1012,1,
1017,1013,1013,1,
1018,1014,1014,1,
1019,1015,1015,1,
1020,1016,1016,1,
1021,1017,1017,1,
1022,1018,1018,1,
1023,1019,1019,1,
1024,1020,1020,1,
1025,1021,1021,1,
1026,1022,1022,1,
1027,1023,1023,1,
1028,1024,1024,1,
1029,1025,1025,1,
1030,1026,1026,1,
1031,1027,1027,1,
1032,1028,1028,1,
1033,1029,1029,1,
1034,1030,1030,1,
1035,1031,1031,1,
1036,1032,1032,1,
1037,1033,1033,1,
1038,1034,1034,1,
1039,1035,1035,1,
1040,1036,1036,1,
1041,1037,1037,1,
1042,1038,1038,1,
1043,1039,1039,1,
1044,1040,1040,1,
1045,1041,1041,1,
1046,1042,1042,1,
1047,1043,1043,1,
1048,1044,1044,1,
1049,1045,1045,1,
1050,1046,1046,1,
1051,1047,1047,1,
1052,1048,1048,1,
1053,1049,1049,1,
1054,1050,1050,1,
1055,1051,1051,1,
1056,1052,1052,1,
1057,1053,1053,1,
1058,1054,1054,1,
1059,1055,1055,1,
1060,1056,1056,1,
1061,1057,1057,1,
1062,1058,1058,1,
1063,1059,1059,1,
1064,1060,1060,1,
1065,1061,1061,1,
1066,1062,1062,1,
1067,1063,1063,1,
1068,1064,1064,1,
1069,1065,1065,1,
1070,1066,1066,1,
1071,1067,1067,1,
1072,1068,1068,1,
1073,1069,1069,1,
1074,1070,1070,1,
1075,1071,1071,1,
1076,1072,1072,1,
1077,1073,1073,1,
1078,1074,1074,1,
1079,1075,1075,1,
1080,1076,1076,1,
1081,1077,1077,1,
1082,1078,1078,1,
1083,1079,1079,1,
1084,1080,1080,1,
1085,1081,1081,1,
1086,1082,1082,1,
1087,1083,1083,1,
1088,1084,1084,1,
1089,1085,1085,1,
1090,1086,1086,1,
1091,1087,1087,1,
1092,1088,1088,1,
1093,1089,1089,1,
1094,1090,1090,1,
1095,1091,1091,1,
1096,1092,1092,1,
1097,1093,1093,1,
1098,1094,1094,1,
1099,1095,1095,1,
1100,1096,1096,1,
1101,1097,1097,1,
1102,1098,1098,1,
1103,1099,1099,1,
1104,1100,1100,1,
1105,1101,1101,1,
1106,1102,1102,1,
1107,1103,1103,1,
1108,1104,1104,1,
1109,1105,1105,1,
1110,1106,1106,1,
1111,1107,1107,1,
1112,1108,1108,1,
1113,1109,1109,1,
1114,1110,1110,1,
1115,1111,1111,1,
1116,1112,1112,1,
1117,1113,1113,1,
1118,1114,1114,1,
1119,1115,1115,1,
1120,1116,1116,1,
1121,1117,1117,1,
1122,1118,1118,1,
1123,1119,1119,1,
1124,1120,1120,1,
1125,1121,1121,1,
1126,1122,1122,1,
1127,1123,1123,1,
1128,1124,1124,1,
1129,1125,1125,1,
1130,1126,1126,1,
1131,1127,1127,1,
1132,1128,1128,1,
1133,1129,1129,1,
1134,1130,1130,1,
1135,1131,1131,1,
1136,1132,1132,1,
1137,1133,1133,1,
1138,1134,1134,1,
1139,1135,1135,1,
1140,1136,1136,1,
1141,1137,1137,1,
1142,1138,1138,1,
1143,1139,1139,1,
1144,1140,1140,1,
1145,1141,1141,1,
1146,1142,1142,1,
1147,1143,1143,1,
1148,1144,1144,1,
1149,1145,1145,1,
1150,1146,1146,1,
1151,1147,1147,1,
1152,1148,1148,1,
1153,1149,1149,1,
1154,1150,1150,1,
1155,1151,1151,1,
1156,1152,1152,1,
1157,1153,1153,1,
1158,1154,1154,1,
1159,1155,1155,1,
1160,1156,1156,1,
1161,1157,1157,1,
1162,1158,1158,1,
1163,1159,1159,1,
1164,1160,1160,1,
1165,1161,1161,1,
1166,1162,1162,1,
1167,1163,1163,1,
1168,1164,1164,1,
1169,1165,1165,1,
1170,1166,1166,1,
1171,1167,1167,1,
1172,1168,1168,1,
1173,1169,1169,1,
1174,1170,1170,1,
1175,1171,1171,1,
1176,1172,1172,1,
1177,1173,1173,1,
1178,1174,1174,1,
1179,1175,1175,1,
1180,1176,1176,1,
1181,1177,1177,1,
1182,1178,1178,1,
1183,1179,1179,1,
1184,1180,1180,1,
1185,1181,1181,1,
1186,1182,1182,1,
1187,1183,1183,1,
1188,1184,1184,1,
1189,1185,1185,1,
1190,1186,1186,1,
1191,1187,1187,1,
1192,1188,1188,1,
1193,1189,1189,1,
1194,1190,1190,1,
1195,1191,1191,1,
1196,1192,1192,1,
1197,1192,1192,1,
1198,1193,1193,1,
1199,1194,1194,1,
1200,1195,1195,1,
1201,1196,1196,1,
1202,1197,1197,1,
1203,1198,1198,1,
1204,1199,1199,1,
1205,1200,1200,1,
1206,1201,1201,1,
1207,1202,1202,1,
1208,1203,1203,1,
1209,1204,1204,1,
1210,1204,1204,1,
1211,1205,1205,1,
1212,1205,1205,1,
1213,1205,1205,1,
1214,1206,1206,1,
1215,1207,1207,1,
1216,1208,1208,1,
1217,1209,1209,1,
1218,1210,1210,1,
1219,1211,1211,1,
1220,1212,1212,1,
1221,1213,1213,1,
1222,1214,1214,1,
1223,1215,1215,1,
1224,1216,1216,1,
1225,1217,1217,1,
1226,1218,1218,1,
1227,1219,1219,1,
1228,1220,1220,1,
1229,1221,1221,1,
1230,1222,1222,1,
1231,1223,1223,1,
1232,1224,1224,1,
1233,1225,1225,1,
1234,1226,1226,1,
1235,1227,1227,1,
1236,1228,1228,1,
1237,1229,1229,1,
1238,1230,1230,1,
1239,1231,1231,1,
1240,1232,1232,1,
1241,1233,1233,1,
1242,1234,1234,1,
1243,1235,1235,1,
1244,1236,1236,1,
1245,1237,1237,1,
1246,1238,1238,1,
1247,1239,1239,1,
1248,1240,1240,1,
1249,1241,1241,1,
1250,1242,1242,1,
1251,1243,1243,1,
1252,1244,1244,1,
1253,1245,1245,1,
1254,1246,1246,1,
1255,1247,1247,1,
1256,1248,1248,1,
1257,1249,1249,1,
1258,1250,1250,1,
1259,1251,1251,1,
1260,1252,1252,1,
1261,1253,1253,1,
1262,1254,1254,1,
1263,1255,1255,1,
1264,1256,1256,1,
1265,1257,1257,1,
1266,1258,1258,1,
1267,1259,1259,1,
1268,1260,1260,1,
1269,1261,1261,1,
1270,1262,1262,1,
1271,1263,1263,1,
1272,1264,1264,1,
1273,1265,1265,1,
1274,1266,1266,1,
1275,1267,1267,1,
1276,1268,1268,1,
1277,1269,1269,1,
1278,1270,1270,1,
1279,1271,1271,1,
1280,1272,1272,1,
1281,1273,1273,1,
1282,1274,1274,1,
1283,1275,1275,1,
1284,1276,1276,1,
1285,1277,1277,1,
1286,1278,1278,1,
1287,1279,1279,1,
1288,1280,1280,1,
1289,1281,1281,1,
1290,1282,1282,1,
1291,1283,1283,1,
1292,1284,1284,1,
1293,1285,1285,1,
1294,1286,1286,1,
1295,1287,1287,1,
1296,1288,1288,1,
1297,1289,1289,1,
1298,1290,1290,1,
1299,1291,1291,1,
1300,1292,1292,1,
1301,1293,1293,1,
1302,1294,1294,1,
1303,1295,1295,1,
1304,1296,1296,1,
1305,1297,1297,1,
1306,1298,1298,1,
1307,1299,1299,1,
1308,1300,1300,1,
1309,1301,1301,1,
1310,1302,1302,1,
1311,1303,1303,1,
1312,1304,1304,1,
1313,1305,1305,1,
1314,1306,1306,1,
1315,1307,1307,1,
1316,1308,1308,1,
1317,1309,1309,1,
1318,1310,1310,1,
1319,1311,1311,1,
1320,1312,1312,1,
1321,1313,1313,1,
1322,1314,1314,1,
1323,1315,1315,1,
1324,1316,1316,1,
1325,1317,1317,1,
1326,1318,1318,1,
1327,1319,1319,1,
1328,1320,1320,1,
1329,1321,1321,1,
1330,1322,1322,1,
1331,1323,1323,1,
1332,1324,1324,1,
1333,1325,1325,1,
1334,1326,1326,1,
1335,1327,1327,1,
1336,1328,1328,1,
1337,1329,1329,1,
1338,1330,1330,1,
1339,1331,1331,1,
1340,1332,1332,1,
1341,1333,1333,1,
1342,1334,1334,1,
1343,1335,1335,1,
1344,1336,1336,1,
1345,1337,1337,1,
1346,1338,1338,1,
1347,1339,1339,1,
1348,1340,1340,1,
1349,1341,1341,1,
1350,1342,1342,1,
1351,1343,1343,1,
1352,1344,1344,1,
1353,1345,1345,1,
1354,1346,1346,1,
1355,1347,1347,1,
1356,1348,1348,1,
1357,1349,1349,1,
1358,1350,1350,1,
1359,1351,1351,1,
1360,1352,1352,1,
1361,1353,1353,1,
1362,1354,1354,1,
1363,1355,1355,1,
1364,1356,1356,1,
1365,1357,1357,1,
1366,1358,1358,1,
1367,1359,1359,1,
1368,1360,1360,1,
1369,1361,1361,1,
1370,1362,1362,1,
1371,1363,1363,1,
1372,1364,1364,1,
1373,1365,1365,1,
1374,1366,1366,1,
1375,1367,1367,1,
1376,1368,1368,1,
1377,1369,1369,1,
1378,1370,1370,1,
1379,1371,1371,1,
1380,1372,1372,1,
1381,1373,1373,1,
1382,1374,1374,1,
1383,1375,1375,1,
1384,1376,1376,1,
1385,1377,1377,1,
1386,1378,1378,1,
1387,1379,1379,1,
1388,1380,1380,1,
1389,1381,1381,1,
1390,1382,1382,1,
1391,1383,1383,1,
1392,1384,1384,1,
1393,1385,1385,1,
1394,1386,1386,1,
1395,1387,1387,1,
1396,1388,1388,1,
1397,1389,1389,1,
1398,1390,1390,1,
1399,1391,1391,1,
1400,1392,1392,1,
1401,1393,1393,1,
1402,1394,1394,1,
1403,1395,1395,1,
1404,1396,1396,1,
1405,1397,1397,1,
1406,1398,1398,1,
1407,1399,1399,1,
1408,1400,1400,1,
1409,1401,1401,1,
1410,1402,1402,1,
1411,1403,1403,1,
1412,1404,1404,1,
1413,1405,1405,1,
1414,1406,1406,1,
1415,1407,1407,1,
1416,1408,1408,1,
1417,1409,1409,1,
1418,1410,1410,1,
1419,1411,1411,1,
1420,1412,1412,1,
1421,1413,1413,1,
1422,1414,1414,1,
1423,1415,1415,1,
1424,1416,1416,1,
1425,1417,1417,1,
1426,1418,1418,1,
1427,1419,1419,1,
1428,1420,1420,1,
1429,1421,1421,1,
1430,1422,1422,1,
1431,1423,1423,1,
1432,1424,1424,1,
1433,1425,1425,1,
1434,1426,1426,1,
1435,1427,1427,1,
1436,1428,1428,1,
1437,1429,1429,1,
1438,1430,1430,1,
1439,1431,1431,1,
1440,1432,1432,1,
1441,1433,1433,1,
1442,1434,1434,1,
1443,1435,1435,1,
1444,1436,1436,1,
1445,1437,1437,1,
1446,1438,1438,1,
1447,1439,1439,1,
1448,1440,1440,1,
1449,1441,1441,1,
1450,1442,1442,1,
1451,1443,1443,1,
1452,1444,1444,1,
1453,1445,1445,1,
1454,1446,1446,1,
1455,1447,1447,1,
1456,1448,1448,1,
1457,1449,1449,1,
1458,1450,1450,1,
1459,1451,1451,1,
1460,1452,1452,1,
1461,1453,1453,1,
1462,1454,1454,1,
1463,1455,1455,1,
1464,1456,1456,1,
1465,1457,1457,1,
1466,1458,1458,1,
1467,1459,1459,1,
1468,1460,1460,1,
1469,1461,1461,1,
1470,1462,1462,1,
1471,1463,1463,1,
1472,1464,1464,1,
1473,1465,1465,1,
1474,1466,1466,1,
1475,1467,1467,1,
1476,1468,1468,1,
1477,1469,1469,1,
1478,1470,1470,1,
1479,1471,1471,1,
1480,1472,1472,1,
1481,1473,1473,1,
1482,1474,1474,1,
1483,1475,1475,1,
1484,1476,1476,1,
1485,1477,1477,1,
1486,1478,1478,1,
1487,1479,1479,1,
1488,1480,1480,1,
1489,1481,1481,1,
1490,1482,1482,1,
1491,1483,1483,1,
1492,1484,1484,1,
1493,1485,1485,1,
1494,1486,1486,1,
1495,1487,1487,1,
1496,1488,1488,1,
1497,1489,1489,1,
1498,1490,1490,1,
1499,1491,1491,1,
1500,1492,1492,1,
1501,1493,1493,1,
1502,1494,1494,1,
1503,1495,1495,1,
1504,1496,1496,1,
1505,1497,1497,1,
1506,1498,1498,1,
1507,1499,1499,1,
1508,1500,1500,1,
1509,1501,1501,1,
1510,1502,1502,1,
1511,1503,1503,1,
1512,1504,1504,1,
1513,1505,1505,1,
1514,1506,1506,1,
1515,1507,1507,1,
1516,1508,1508,1,
1517,1509,1509,1,
1518,1510,1510,1,
1519,1511,1511,1,
1520,1512,1512,1,
1521,1513,1513,1,
1522,1514,1514,1,
1523,1515,1515,1,
1524,1516,1516,1,
1525,1517,1517,1,
1526,1518,1518,1,
1527,1519,1519,1,
1528,1520,1520,1,
1529,1521,1521,1,
1530,1522,1522,1,
1531,1523,1523,1,
1532,1524,1524,1,
1533,1525,1525,1,
1534,1526,1526,1,
1535,1527,1527,1,
1536,1528,1528,1,
1537,1529,1529,1,
1538,1530,1530,1,
1539,1531,1531,1,
1540,1532,1532,1,
1541,1533,1533,1,
1542,1534,1534,1,
1543,1535,1535,1,
1544,1536,1536,1,
1545,1537,1537,1,
1546,1538,1538,1,
1547,1539,1539,1,
1548,1540,1540,1,
1549,1541,1541,1,
1550,1542,1542,1,
1551,1543,1543,1,
1552,1544,1544,1,
1553,1545,1545,1,
1554,1546,1546,1,
1555,1547,1547,1,
1556,1548,1548,1,
1557,1549,1549,1,
1558,1550,1550,1,
1559,1551,1551,1,
1560,1552,1552,1,
1561,1553,1553,1,
1562,1554,1554,1,
1563,1555,1555,1,
1564,1556,1556,1,
1565,1557,1557,1,
1566,1558,1558,1,
1567,1559,1559,1,
1568,1560,1560,1,
1569,1561,1561,1,
1570,1562,1562,1,
1571,1563,1563,1,
1572,1564,1564,1,
1573,1565,1565,1,
1574,1566,1566,1,
1575,1567,1567,1,
1576,1568,1568,1,
1577,1569,1569,1,
1578,1570,1570,1,
1579,1571,1571,1,
1580,1572,1572,1,
1581,1573,1573,1,
1582,1574,1574,1,
1583,1575,1575,1,
1584,1576,1576,1,
1585,1577,1577,1,
1586,1578,1578,1,
1587,1579,1579,1,
1588,1580,1580,1,
1589,1581,1581,1,
1590,1582,1582,1,
1591,1583,1583,1,
1592,1584,1584,1,
1593,1585,1585,1,
1594,1586,1586,1,
1595,1587,1587,1,
1596,1588,1588,1,
1597,1589,1589,1,
1598,1590,1590,1,
1599,1591,1591,1,
1600,1592,1592,1,
1601,1593,1593,1,
1602,1594,1594,1,
1603,1595,1595,1,
1604,1596,1596,1,
1605,1597,1597,1,
1606,1598,1598,1,
1607,1599,1599,1,
1608,1600,1600,1,
1609,1601,1601,1,
1610,1602,1602,1,
1611,1603,1603,1,
1612,1604,1604,1,
1613,1605,1605,1,
1614,1606,1606,1,
1615,1607,1607,1,
1616,1608,1608,1,
1617,1609,1609,1,
1618,1610,1610,1,
1619,1611,1611,1,
1620,1612,1612,1,
1621,1613,1613,1,
1622,1614,1614,1,
1623,1615,1615,1,
1624,1616,1616,1,
1625,1617,1617,1,
1626,1618,1618,1,
1627,1619,1619,1,
1628,1620,1620,1,
1629,1621,1621,1,
1630,1622,1622,1,
1631,1623,1623,1,
1632,1624,1624,1,
1633,1625,1625,1,
1634,1626,1626,1,
1635,1627,1627,1,
1636,1628,1628,1,
1637,1629,1629,1,
1638,1630,1630,1,
1639,1631,1631,1,
1640,1632,1632,1,
1641,1633,1633,1,
1642,1634,1634,1,
1643,1635,1635,1,
1644,1636,1636,1,
1645,1637,1637,1,
1646,1638,1638,1,
1647,1639,1639,1,
1648,1640,1640,1,
1649,1641,1641,1,
1650,1642,1642,1,
1651,1643,1643,1,
1652,1644,1644,1,
1653,1645,1645,1,
1654,1646,1646,1,
1655,1647,1647,1,
1656,1648,1648,1,
1657,1649,1649,1,
1658,1650,1650,1,
1659,1651,1651,1,
1660,1652,1652,1,
1661,1653,1653,1,
1662,1654,1654,1,
1663,1655,1655,1,
1664,1656,1656,1,
1665,1657,1657,1,
1666,1658,1658,1,
1667,1659,1659,1,
1668,1660,1660,1,
1669,1661,1661,1,
1670,1662,1662,1,
1671,1663,1663,1,
1672,1664,1664,1,
1673,1665,1665,1,
1674,1666,1666,1,
1675,1667,1667,1,
1676,1668,1668,1,
1677,1669,1669,1,
1678,1670,1670,1,
1679,1671,1671,1,
1680,1672,1672,1,
1681,1673,1673,1,
1682,1674,1674,1,
1683,1675,1675,1,
1684,1676,1676,1,
1685,1677,1677,1,
1686,1678,1678,1,
1687,1679,1679,1,
1688,1680,1680,1,
1689,1681,1681,1,
1690,1682,1682,1,
1691,1683,1683,1,
1692,1684,1684,1,
1693,1685,1685,1,
1694,1686,1686,1,
1695,1687,1687,1,
1696,1688,1688,1,
1697,1689,1689,1,
1698,1690,1690,1,
1699,1691,1691,1,
1700,1692,1692,1,
1701,1693,1693,1,
1702,1694,1694,1,
1703,1695,1695,1,
1704,1696,1696,1,
1705,1697,1697,1,
1706,1698,1698,1,
1707,1699,1699,1,
1708,1700,1700,1,
1709,1701,1701,1,
1710,1702,1702,1,
1711,1703,1703,1,
1712,1704,1704,1,
1713,1705,1705,1,
1714,1706,1706,1,
1715,1707,1707,1,
1716,1708,1708,1,
1717,1709,1709,1,
1718,1710,1710,1,
1719,1711,1711,1,
1720,1712,1712,1,
1721,1713,1713,1,
1722,1714,1714,1,
1723,1715,1715,1,
1724,1716,1716,1,
1725,1717,1717,1,
1726,1718,1718,1,
1727,1719,1719,1,
1728,1720,1720,1,
1729,1721,1721,1,
1730,1722,1722,1,
1731,1723,1723,1,
1732,1724,1724,1,
1733,1725,1725,1,
1734,1726,1726,1,
1735,1727,1727,1,
1736,1728,1728,1,
1737,1729,1729,1,
1738,1730,1730,1,
1739,1731,1731,1,
1740,1732,1732,1,
1741,1733,1733,1,
1742,1734,1734,1,
1743,1735,1735,1,
1744,1736,1736,1,
1745,1737,1737,1,
1746,1738,1738,1,
1747,1739,1739,1,
1748,1740,1740,1,
1749,1741,1741,1,
1750,1742,1742,1,
1751,1743,1743,1,
1752,1744,1744,1,
1753,1745,1745,1,
1754,1746,1746,1,
1755,1747,1747,1,
1756,1748,1748,1,
1757,1749,1749,1,
1758,1750,1750,1,
1759,1751,1751,1,
1760,1752,1752,1,
1761,1753,1753,1,
1762,1754,1754,1,
1763,1755,1755,1,
1764,1756,1756,1,
1765,1757,1757,1,
1766,1758,1758,1,
1767,1759,1759,1,
1768,1760,1760,1,
1769,1761,1761,1,
1770,1762,1762,1,
1771,1763,1763,1,
1772,1764,1764,1,
1773,1765,1765,1,
1774,1766,1766,1,
1775,1767,1767,1,
1776,1768,1768,1,
1777,1769,1769,1,
1778,1770,1770,1,
1779,1771,1771,1,
1780,1772,1772,1,
1781,1773,1773,1,
1782,1774,1774,1,
1783,1775,1775,1,
1784,1776,1776,1,
1785,1777,1777,1,
1786,1778,1778,1,
1787,1779,1779,1,
1788,1780,1780,1,
1789,1781,1781,1,
1790,1782,1782,1,
1791,1783,1783,1,
1792,1784,1784,1,
1793,1785,1785,1,
1794,1786,1786,1,
1795,1787,1787,1,
1796,1788,1788,1,
1797,1789,1789,1,
1798,1790,1790,1,
1799,1791,1791,1,
1800,1792,1792,1,
1801,1793,1793,1,
1802,1794,1794,1,
1803,1795,1795,1,
1804,1796,1796,1,
1805,1797,1797,1,
1806,1798,1798,1,
1807,1799,1799,1,
1808,1800,1800,1,
1809,1801,1801,1,
1810,1802,1802,1,
1811,1803,1803,1,
1812,1804,1804,1,
1813,1805,1805,1,
1814,1806,1806,1,
1815,1807,1807,1,
1816,1808,1808,1,
1817,1809,1809,1,
1818,1810,1810,1,
1819,1811,1811,1,
1820,1812,1812,1,
1821,1813,1813,1,
1822,1814,1814,1,
1823,1815,1815,1,
1824,1816,1816,1,
1825,1817,1817,1,
1826,1818,1818,1,
1827,1819,1819,1,
1828,1820,1820,1,
1829,1821,1821,1,
1830,1822,1822,1,
1831,1823,1823,1,
1832,1824,1824,1,
1833,1825,1825,1,
1834,1826,1826,1,
1835,1827,1827,1,
1836,1827,1827,1,
1837,1828,1828,1,
1838,1829,1829,1,
1839,1830,1830,1,
1840,1831,1831,1,
1841,1832,1832,1,
1842,1833,1833,1,
1843,1834,1834,1,
1844,1835,1835,1,
1845,1836,1836,1,
1846,1837,1837,1,
1847,1838,1838,1,
1848,1839,1839,1,
1849,1840,1840,1,
1850,1841,1841,1,
1851,1842,1842,1,
1852,1843,1843,1,
1853,1844,1844,1,
1854,1845,1845,1,
1855,1846,1846,1,
1856,1847,1847,1,
1857,1848,1848,1,
1858,1849,1849,1,
1859,1850,1850,1,
1860,1851,1851,1,
1861,1852,1852,1,
1862,1853,1853,1,
1863,1854,1854,1,
1864,1855,1855,1,
1865,1856,1856,1,
1866,1857,1857,1,
1867,1858,1858,1,
1868,1859,1859,1,
1869,1860,1860,1,
1870,1861,1861,1,
1871,1862,1862,1,
1872,1863,1863,1,
1873,1864,1864,1,
1874,1865,1865,1,
1875,1866,1866,1,
1876,1867,1867,1,
1877,1868,1868,1,
1878,1869,1869,1,
1879,1870,1870,1,
1880,1871,1871,1,
1881,1872,1872,1,
1882,1873,1873,1,
1883,1874,1874,1,
1884,1875,1875,1,
1885,1876,1876,1,
1886,1877,1877,1,
1887,1878,1878,1,
1888,1879,1879,1,
1889,1880,1880,1,
1890,1881,1881,1,
1891,1882,1882,1,
1892,1883,1883,1,
1893,1884,1884,1,
1894,1885,1885,1,
1895,1886,1886,1,
1896,1887,1887,1,
1897,1888,1888,1,
1898,1889,1889,1,
1899,1890,1890,1,
1900,1891,1891,1,
1901,1892,1892,1,
1902,1893,1893,1,
1903,1894,1894,1,
1904,1895,1895,1,
1905,1896,1896,1,
1906,1897,1897,1,
1907,1898,1898,1,
1908,1899,1899,1,
1909,1900,1900,1,
1910,1901,1901,1,
1911,1902,1902,1,
1912,1903,1903,1,
1913,1904,1904,1,
1914,1905,1905,1,
1915,1906,1906,1,
1916,1907,1907,1,
1917,1908,1908,1,
1918,1909,1909,1,
1919,1910,1910,1,
1920,1911,1911,1,
1921,1912,1912,1,
1922,1913,1913,1,
1923,1914,1914,1,
1924,1915,1915,1,
1925,1916,1916,1,
1926,1917,1917,1,
1927,1918,1918,1,
1928,1919,1919,1,
1929,1920,1920,1,
1930,1921,1921,1,
1931,1922,1922,1,
1932,1923,1923,1,
1933,1923,1923,1,
1934,1924,1924,1,
1935,1925,1925,1,
1936,1926,1926,1,
1937,1927,1927,1,
1938,1928,1928,1,
1939,1928,1928,1,
1940,1929,1929,1,
1941,1930,1930,1,
1942,1931,1931,1,
1943,1931,1931,1,
1944,1932,1932,1,
1945,1933,1933,1,
1946,1933,1933,1,
1947,1934,1934,1,
1948,1935,1935,1,
1949,1935,1935,1,
1950,1936,1936,1,
1951,1937,1937,1,
1952,1937,1937,1,
1953,1938,1938,1,
1954,1939,1939,1,
1955,1939,1939,1,
1956,1940,1940,1,
1957,1941,1941,1,
1958,1941,1941,1,
1959,1942,1942,1,
1960,1943,1943,1,
1961,1943,1943,1,
1962,1944,1944,1,
1963,1945,1945,1,
1964,1946,1946,1,
1965,1946,1946,1,
1966,1947,1947,1,
1967,1948,1948,1,
1968,1949,1949,1,
1969,1949,1949,0,
1970,1949,1949,1,
1971,1950,1950,1,
1972,1951,1951,1,
1973,1952,1952,1,
1974,1953,1953,1,
1975,1954,1954,1,
1976,1955,1955,1,
1977,1955,1955,0,
1978,1955,1955,1,
1979,1956,1956,1,
1980,1957,1957,1,
1981,1957,1957,1,
1982,1958,1958,1,
1983,1959,1959,1,
1984,1959,1959,1,
1985,1960,1960,1,
1986,1961,1961,1,
1987,1962,1962,1,
1988,1963,1963,1,
1989,1964,1964,1,
1990,1965,1965,1,
1991,1966,1966,1,
1992,1967,1967,1,
1993,1968,1968,1,
1994,1969,1969,1,
1995,1970,1970,1,
1996,1971,1971,1,
1997,1972,1972,1,
1998,1973,1973,1,
1999,1974,1974,1,
2000,1975,1975,1,
2001,1976,1976,1,
2002,1977,1977,1,
2003,1978,1978,1,
2004,1979,1979,1,
2005,1980,1980,1,
2006,1981,1981,1,
2007,1982,1982,1,
2008,1983,1983,1,
2009,1984,1984,1,
2010,1985,1985,1,
2011,1986,1986,1,
2012,1987,1987,1,
2013,1988,1988,1,
2014,1989,1989,1,
2015,1990,1990,1,
2016,1991,1991,1,
2017,1992,1992,1,
2018,1993,1993,1,
2019,1994,1994,1,
2020,1995,1995,1,
2021,1996,1996,1,
2022,1997,1997,1,
2023,1998,1998,1,
2024,1999,1999,1,
2025,2000,2000,1,
2026,2001,2001,1,
2027,2002,2002,1,
2028,2003,2003,1,
2029,2004,2004,1,
2030,2005,2005,1,
2031,2006,2006,1,
2032,2007,2007,1,
2033,2008,2008,1,
2034,2009,2009,1,
2035,2010,2010,1,
2036,2011,2011,1,
2037,2012,2012,1,
2038,2013,2013,1,
2039,2014,2014,1,
2040,2015,2015,1,
2041,2016,2016,1,
2042,2017,2017,1,
2043,2018,2018,1,
2044,2019,2019,1,
2045,2020,2020,1,
2046,2021,2021,1,
2047,2022,2022,1,
2048,2023,2023,1,
2049,2024,2024,1,
2050,2025,2025,1,
2051,2026,2026,1,
2052,2027,2027,1,
2053,2028,2028,1,
2054,2029,2029,1,
2055,2030,2030,1,
2056,2031,2031,1,
2057,2032,2032,1,
2058,2033,2033,1,
2059,2034,2034,1,
2060,2035,2035,1,
2061,2036,2036,1,
2062,2037,2037,1,
2063,2038,2038,1,
2064,2039,2039,1,
2065,2040,2040,1,
2066,2041,2041,1,
2067,2042,2042,1,
2068,2043,2043,1,
2069,2044,2044,1,
2070,2045,2045,1,
2071,2046,2046,1,
2072,2047,2047,1,
2073,2048,2048,1,
2074,2049,2049,1,
2075,2050,2050,1,
2076,2051,2051,1,
2077,2052,2052,1,
2078,2053,2053,1,
2079,2054,2054,1,
2080,2055,2055,1,
2081,2056,2056,1,
2082,2057,2057,1,
2083,2058,2058,1,
2084,2059,2059,1,
2085,2060,2060,1,
2086,2061,2061,1,
2087,2062,2062,1,
2088,2063,2063,1,
2089,2064,2064,1,
2090,2065,2065,1,
2091,2066,2066,1,
2092,2067,2067,1,
2093,2067,2067,1,
2094,2068,2068,1,
2095,2069,2069,1,
2096,2069,2069,1,
2097,2070,2070,1,
2098,2071,2071,1,
2099,2071,2071,1,
2100,2072,2072,1,
2101,2073,2073,1,
2102,2073,2073,1,
2103,2074,2074,1,
2104,2075,2075,1,
2105,2076,2076,1,
2106,2077,2077,1,
2107,2078,2078,1,
2108,2079,2079,1,
2109,2080,2080,1,
2110,2081,2081,1,
2111,2082,2082,1,
2112,2083,2083,1,
2113,2084,2084,1,
2114,2085,2085,1,
2115,2086,2086,1,
2116,2087,2087,1,
2117,2088,2088,1,
2118,2089,2089,1,
2119,2090,2090,1,
2120,2091,2091,1,
2121,2092,2092,1,
2122,2093,2093,1,
2123,2094,2094,1,
2124,2094,2094,0,
2125,2094,2094,1,
2126,2095,2095,1,
2127,2096,2096,1,
2128,2096,2096,1,
2129,2097,2097,1,
2130,2098,2098,1,
2131,2099,2099,1,
2132,2100,2100,1,
2133,2101,2101,1,
2134,2102,2102,1,
2135,2103,2103,1,
2136,2104,2104,1,
2137,2105,2105,1,
2138,2106,2106,1,
2139,2106,2106,1,
2140,2107,2107,1,
2141,2108,2108,1,
2142,2109,2109,1,
2143,2110,2110,1,
2144,2111,2111,1,
2145,2112,2112,1,
2146,2112,2112,1,
2147,2113,2113,1,
2148,2114,2114,1,
2149,2114,2114,1,
2150,2115,2115,1,
2151,2116,2116,1,
2152,2117,2117,1,
2153,2118,2118,1,
2154,2119,2119,1,
2155,2120,2120,1,
2156,2121,2121,1,
2157,2122,2122,1,
2158,2123,2123,1,
2159,2124,2124,1,
2160,2125,2125,1,
2161,2126,2126,1,
2162,2127,2127,1,
2163,2128,2128,1,
2164,2129,2129,1,
2165,2130,2130,1,
2166,2131,2131,1,
2167,2132,2132,1,
2168,2133,2133,1,
2169,2134,2134,1,
2170,2135,2135,1,
2171,2136,2136,1,
2172,2137,2137,1,
2173,2138,2138,1,
2174,2139,2139,1,
2175,2140,2140,1,
2176,2141,2141,1,
2177,2142,2142,1,
2178,2143,2143,1,
2179,2144,2144,1,
2180,2145,2145,1,
2181,2146,2146,1,
2182,2147,2147,1,
2183,2148,2148,1,
2184,2149,2149,1,
2185,2150,2150,1,
2186,2151,2151,1,
2187,2152,2152,1,
2188,2153,2153,1,
2189,2154,2154,1,
2190,2155,2155,1,
2191,2156,2156,1,
2192,2157,2157,1,
2193,2158,2158,1,
2194,2159,2159,1,
2195,2160,2160,1,
2196,2161,2161,1,
2197,2162,2162,1,
2198,2163,2163,1,
2199,2164,2164,1,
2200,2165,2165,1,
2201,2166,2166,1,
2202,2167,2167,1,
2203,2168,2168,1,
2204,2169,2169,1,
2205,2170,2170,1,
2206,2171,2171,1,
2207,2172,2172,1,
2208,2173,2173,1,
2209,2174,2174,1,
2210,2175,2175,1,
2211,2176,2176,1,
2212,2177,2177,1,
2213,2178,2178,1,
2214,2178,2178,1,
2215,2179,2179,1,
2216,2180,2180,1,
2217,2181,2181,1,
2218,2181,2181,1,
2219,2182,2182,1,
2220,2183,2183,1,
2221,2184,2184,1,
2222,2185,2185,1,
2223,2186,2186,1,
2224,2187,2187,1,
2225,2188,2188,1,
2226,2189,2189,1,
2227,2190,2190,1,
2228,2191,2191,1,
2229,2191,2191,1,
2230,2192,2192,1,
2231,2193,2193,1,
2232,2194,2194,1,
2233,2195,2195,1,
2234,2196,2196,1,
2235,2197,2197,1,
2236,2197,2197,1,
2237,2198,2198,1,
2238,2199,2199,1,
2239,2199,2199,1,
2240,2200,2200,1,
2241,2201,2201,1,
2242,2202,2202,1,
2243,2203,2203,1,
2244,2204,2204,1,
2245,2205,2205,1,
2246,2206,2206,1,
2247,2207,2207,1,
2248,2208,2208,1,
2249,2209,2209,1,
2250,2210,2210,1,
2251,2211,2211,1,
2252,2212,2212,1,
2253,2213,2213,1,
2254,2214,2214,1,
2255,2215,2215,1,
2256,2215,2215,1,
2257,2216,2216,1,
2258,2217,2217,1,
2259,2218,2218,1,
2260,2219,2219,1,
2261,2220,2220,1,
2262,2221,2221,1,
2263,2222,2222,1,
2264,2223,2223,1,
2265,2224,2224,1,
2266,2224,2224,1,
2267,2225,2225,1,
2268,2226,2226,1,
2269,2227,2227,1,
2270,2228,2228,1,
2271,2229,2229,1,
2272,2230,2230,1,
2273,2231,2231,1,
2274,2232,2232,1,
2275,2233,2233,1,
2276,2234,2234,1,
2277,2235,2235,1,
2278,2236,2236,1,
2279,2237,2237,1,
2280,2238,2238,1,
2281,2239,2239,1,
2282,2240,2240,1,
2283,2241,2241,1,
2284,2242,2242,1,
2285,2243,2243,1,
2286,2244,2244,1,
2287,2245,2245,1,
2288,2246,2246,1,
2289,2247,2247,1,
2290,2248,2248,1,
2291,2249,2249,1,
2292,2250,2250,1,
2293,2251,2251,1,
2294,2252,2252,1,
2295,2253,2253,1,
2296,2254,2254,1,
2297,2255,2255,1,
2298,2256,2256,1,
2299,2257,2257,1,
2300,2258,2258,1,
2301,2259,2259,1,
2302,2260,2260,1,
2303,2261,2261,1,
2304,2262,2262,1,
2305,2263,2263,1,
2306,2264,2264,1,
2307,2265,2265,1,
2308,2266,2266,1,
2309,2267,2267,1,
2310,2268,2268,1,
2311,2269,2269,1,
2312,2270,2270,1,
2313,2271,2271,1,
2314,2272,2272,1,
2315,2273,2273,1,
2316,2274,2274,1,
2317,2275,2275,1,
2318,2276,2276,1,
2319,2277,2277,1,
2320,2278,2278,1,
2321,2279,2279,1,
2322,2280,2280,1,
2323,2281,2281,1,
2324,2282,2282,1,
2325,2283,2283,1,
2326,2284,2284,1,
2327,2285,2285,1,
2328,2286,2286,1,
2329,2287,2287,1,
2330,2288,2288,1,
2331,2289,2289,1,
2332,2290,2290,1,
2333,2291,2291,1,
2334,2292,2292,1,
2335,2293,2293,1,
2336,2294,2294,1,
2337,2295,2295,1,
2338,2296,2296,1,
2339,2297,2297,1,
2340,2298,2298,1,
2341,2299,2299,1,
2342,2300,2300,1,
2343,2301,2301,1,
2344,2302,2302,1,
2345,2303,2303,1,
2346,2304,2304,1,
2347,2305,2305,1,
2348,2306,2306,1,
2349,2307,2307,1,
2350,2308,2308,1,
2351,2309,2309,1,
2352,2310,2310,1,
2353,2311,2311,1,
2354,2311,2311,1,
2355,2312,2312,1,
2356,2313,2313,1,
2357,2313,2313,1,
2358,2314,2314,1,
2359,2315,2315,1,
2360,2315,2315,1,
2361,2316,2316,1,
2362,2317,2317,1,
2363,2317,2317,1,
2364,2318,2318,1,
2365,2319,2319,1,
2366,2320,2320,1,
2367,2321,2321,1,
2368,2322,2322,1,
2369,2323,2323,1,
2370,2323,2323,0,
2371,2323,2323,0,
2372,2324,2324,1,
2373,2325,2325,1,
2374,2326,2326,1,
2375,2327,2327,1,
2376,2328,2328,1,
2377,2329,2329,1,
2378,2330,2330,1,
2379,2331,2331,1,
2380,2332,2332,1,
2381,2333,2333,1,
2382,2334,2334,1,
2383,2335,2335,1,
2384,2336,2336,1,
2385,2337,2337,1,
2386,2338,2338,1,
2387,2339,2339,1,
2388,2340,2340,1,
2389,2341,2341,1,
2390,2342,2342,1,
2391,2343,2343,1,
2392,2344,2344,1,
2393,2345,2345,1,
2394,2346,2346,1,
2395,2347,2347,1,
2396,2348,2348,1,
2397,2349,2349,1,
2398,2350,2350,1,
2399,2351,2351,1,
2400,2352,2352,1,
2401,2353,2353,1,
2402,2354,2354,1,
2403,2355,2355,1,
2404,2356,2356,1,
2405,2357,2357,1,
2406,2358,2358,1,
2407,2359,2359,1,
2408,2360,2360,1,
2409,2361,2361,1,
2410,2362,2362,1,
2411,2363,2363,1,
2412,2364,2364,1,
2413,2365,2365,1,
2414,2366,2366,1,
2415,2367,2367,1,
2416,2368,2368,1,
2417,2369,2369,1,
2418,2370,2370,1,
2419,2371,2371,1,
2420,2371,2371,0,
2421,2371,2371,0,
2422,2371,2371,0,
2423,2372,2372,1,
2424,2373,2373,1,
2425,2374,2374,1,
2426,2375,2375,1,
2427,2376,2376,1,
2428,2377,2377,1,
2429,2378,2378,1,
2430,2379,2379,1,
2431,2380,2380,1,
2432,2381,2381,1,
2433,2382,2382,1,
2434,2383,2383,1,
2435,2384,2384,1,
2436,2385,2385,1,
2437,2386,2386,1,
2438,2387,2387,1,
2439,2388,2388,1,
2440,2389,2389,1,
2441,2390,2390,1,
2442,2391,2391,1,
2443,2392,2392,1,
2444,2393,2393,1,
2445,2394,2394,1,
2446,2395,2395,1,
2447,2396,2396,1,
2448,2397,2397,1,
2449,2398,2398,1,
2450,2399,2399,1,
2451,2400,2400,1,
2452,2401,2401,1,
2453,2402,2402,1,
2454,2403,2403,1,
2455,2404,2404,1,
2456,2405,2405,1,
2457,2406,2406,1,
2458,2407,2407,1,
2459,2408,2408,1,
2460,2409,2409,1,
2461,2410,2410,1,
2462,2411,2411,1,
2463,2412,2412,1,
2464,2413,2413,1,
2465,2414,2414,1,
2466,2415,2415,1,
2467,2416,2416,1,
2468,2417,2417,1,
2469,2418,2418,1,
2470,2419,2419,1,
2471,2420,2420,1,
2472,2421,2421,1,
2473,2422,2422,1,
2474,2423,2423,1,
2475,2424,2424,1,
2476,2425,2425,1,
2477,2426,2426,1,
2478,2427,2427,1,
2479,2428,2428,1,
2480,2429,2429,1,
2481,2430,2430,1,
2482,2431,2431,1,
2483,2432,2432,1,
2484,2433,2433,1,
2485,2434,2434,1,
2486,2435,2435,1,
2487,2436,2436,1,
2488,2437,2437,1,
2489,2438,2438,1,
2490,2439,2439,1,
2491,2440,2440,1,
2492,2441,2441,1,
2493,2442,2442,1,
2494,2443,2443,1,
2495,2444,2444,1,
2496,2445,2445,1,
2497,2446,2446,1,
2498,2447,2447,1,
2499,2448,2448,1,
2500,2449,2449,1,
2501,2450,2450,1,
2502,2451,2451,1,
2503,2452,2452,1,
2504,2453,2453,1,
2505,2454,2454,1,
2506,2455,2455,1,
2507,2456,2456,1,
2508,2457,2457,1,
2509,2458,2458,1,
2510,2459,2459,1,
2511,2460,2460,1,
2512,2461,2461,1,
2513,2462,2462,1,
2514,2463,2463,1,
2515,2464,2464,1,
2516,2465,2465,1,
2517,2466,2466,1,
2518,2467,2467,1,
2519,2468,2468,1,
2520,2469,2469,1,
2521,2470,2470,1,
2522,2471,2471,1,
2523,2472,2472,1,
2524,2473,2473,1,
2525,2474,2474,1,
2526,2475,2475,1,
2527,2476,2476,1,
2528,2477,2477,1,
2529,2478,2478,1,
2530,2479,2479,1,
2531,2480,2480,1,
2532,2481,2481,1,
2533,2482,2482,1,
2534,2483,2483,1,
2535,2484,2484,1,
2536,2485,2485,1,
2537,2486,2486,1,
2538,2487,2487,1,
2539,2488,2488,1,
2540,2489,2489,1,
2541,2490,2490,1,
2542,2491,2491,1,
2543,2492,2492,1,
2544,2493,2493,1,
2545,2494,2494,1,
2546,2495,2495,1,
2547,2496,2496,1,
2548,2497,2497,1,
2549,2498,2498,1,
2550,2499,2499,1,
2551,2500,2500,1,
2552,2501,2501,1,
2553,2502,2502,1,
2554,2503,2503,1,
2555,2504,2504,1,
2556,2505,2505,1,
2557,2506,2506,1,
2558,2507,2507,1,
2559,2508,2508,1,
2560,2509,2509,1,
2561,2510,2510,1,
2562,2511,2511,1,
2563,2512,2512,1,
2564,2513,2513,1,
2565,2514,2514,1,
2566,2515,2515,1,
2567,2516,2516,1,
2568,2517,2517,1,
2569,2518,2518,1,
2570,2519,2519,1,
2571,2520,2520,1,
2572,2521,2521,1,
2573,2522,2522,1,
2574,2523,2523,1,
2575,2524,2524,1,
2576,2525,2525,1,
2577,2526,2526,1,
2578,2527,2527,1,
2579,2528,2528,1,
2580,2529,2529,1,
2581,2530,2530,1,
2582,2531,2531,1,
2583,2532,2532,1,
2584,2533,2533,1,
2585,2534,2534,1,
2586,2535,2535,1,
2587,2536,2536,1,
2588,2537,2537,1,
2589,2538,2538,1,
2590,2539,2539,1,
2591,2540,2540,1,
2592,2541,2541,1,
2593,2542,2542,1,
2594,2543,2543,1,
2595,2544,2544,1,
2596,2545,2545,1,
2597,2546,2546,1,
2598,2547,2547,1,
2599,2548,2548,1,
2600,2549,2549,1,
2601,2550,2550,1,
2602,2551,2551,1,
2603,2552,2552,1,
2604,2553,2553,1,
2605,2554,2554,1,
2606,2555,2555,1,
2607,2556,2556,1,
2608,2557,2557,1,
2609,2558,2558,1,
2610,2559,2559,1,
2611,2560,2560,1,
2612,2561,2561,1,
2613,2562,2562,1,
2614,2563,2563,1,
2615,2564,2564,1,
2616,2565,2565,1,
2617,2566,2566,1,
2618,2567,2567,1,
2619,2568,2568,1,
2620,2569,2569,1,
2621,2570,2570,1,
2622,2571,2571,1,
2623,2572,2572,1,
2624,2573,2573,1,
2625,2574,2574,1,
2626,2575,2575,1,
2627,2576,2576,1,
2628,2577,2577,1,
2629,2578,2578,1,
2630,2579,2579,1,
2631,2580,2580,1,
2632,2581,2581,1,
2633,2582,2582,1,
2634,2583,2583,1,
2635,2584,2584,1,
2636,2585,2585,1,
2637,2586,2586,1,
2638,2587,2587,1,
2639,2588,2588,1,
2640,2589,2589,1,
2641,2590,2590,1,
2642,2591,2591,1,
2643,2592,2592,1,
2644,2593,2593,1,
2645,2594,2594,1,
2646,2595,2595,1,
2647,2596,2596,1,
2648,2597,2597,1,
2649,2598,2598,1,
2650,2599,2599,1,
2651,2600,2600,1,
2652,2601,2601,1,
2653,2602,2602,1,
2654,2603,2603,1,
2655,2604,2604,1,
2656,2605,2605,1,
2657,2606,2606,1,
2658,2607,2607,1,
2659,2608,2608,1,
2660,2609,2609,1,
2661,2610,2610,1,
2662,2611,2611,1,
2663,2612,2612,1,
2664,2613,2613,1,
2665,2614,2614,1,
2666,2615,2615,1,
2667,2616,2616,1,
2668,2616,2616,0,
2669,2616,2616,0,
2670,2617,2617,1,
2671,2618,2618,1,
2672,2618,2618,0,
2673,2618,2618,0,
2674,2618,2618,0,
2675,2618,2618,0,
2676,2618,2618,0,
2677,2618,2618,0,
2678,2618,2618,0,
2679,2618,2618,0,
2680,2618,2618,0,
2681,2618,2618,0,
2682,2619,2619,1,
2683,2620,2620,1,
2684,2621,2621,1,
2685,2622,2622,1,
2686,2623,2623,1,
2687,2624,2624,1,
2688,2625,2625,1,
2689,2626,2626,1,
2690,2627,2627,1,
2691,2628,2628,1,
2692,2629,2629,1,
2693,2630,2630,1,
2694,2631,2631,1,
2695,2632,2632,1,
2696,2633,2633,1,
2697,2634,2634,1,
2698,2635,2635,1,
2699,2636,2636,1,
2700,2637,2637,1,
2701,2638,2638,1,
2702,2639,2639,1,
2703,2640,2640,1,
2704,2641,2641,1,
2705,2642,2642,1,
2706,2643,2643,1,
2707,2644,2644,1,
2708,2645,2645,1,
2709,2646,2646,1,
2710,2647,2647,1,
2711,2648,2648,1,
2712,2649,2649,1,
2713,2650,2650,1,
2714,2651,2651,1,
2715,2652,2652,1,
2716,2653,2653,1,
2717,2654,2654,1,
2718,2655,2655,1,
2719,2656,2656,1,
2720,2657,2657,1,
2721,2658,2658,1,
2722,2659,2659,1,
2723,2660,2660,1,
2724,2661,2661,1,
2725,2661,2661,0,
2726,2662,2662,1,
2727,2663,2663,1,
2728,2664,2664,1,
2729,2665,2665,1,
2730,2666,2666,1,
2731,2667,2667,1,
2732,2668,2668,1,
2733,2669,2669,1,
2734,2670,2670,1,
2735,2671,2671,1,
2736,2672,2672,1,
2737,2673,2673,1,
2738,2674,2674,1,
2739,2675,2675,1,
2740,2676,2676,1,
2741,2677,2677,1,
2742,2678,2678,1,
2743,2679,2679,1,
2744,2680,2680,1,
2745,2681,2681,1,
2746,2682,2682,1,
2747,2683,2683,1,
2748,2683,2683,0,
2749,2684,2684,1,
2750,2685,2685,1,
2751,2686,2686,1,
2752,2687,2687,1,
2753,2688,2688,1,
2754,2689,2689,1,
2755,2690,2690,1,
2756,2691,2691,1,
2757,2692,2692,1,
2758,2693,2693,1,
2759,2694,2694,1,
2760,2695,2695,1,
2761,2696,2696,1,
2762,2697,2697,1,
2763,2698,2698,1,
2764,2699,2699,1,
2765,2700,2700,1,
2766,2701,2701,1,
2767,2701,2701,0,
2768,2701,2701,0,
2769,2701,2701,0,
2770,2702,2702,1,
2771,2703,2703,1,
2772,2704,2704,1,
2773,2705,2705,1,
2774,2706,2706,1,
2775,2707,2707,1,
2776,2708,2708,1,
2777,2709,2709,1,
2778,2710,2710,1,
2779,2711,2711,1,
2780,2712,2712,1,
2781,2713,2713,1,
2782,2714,2714,1,
2783,2715,2715,1,
2784,2716,2716,1,
2785,2717,2717,1,
2786,2718,2718,1,
2787,2719,2719,1,
2788,2720,2720,1,
2789,2721,2721,1,
2790,2722,2722,1,
2791,2723,2723,1,
2792,2724,2724,1,
2793,2725,2725,1,
2794,2726,2726,1,
2795,2727,2727,1,
2796,2728,2728,1,
2797,2729,2729,1,
2798,2730,2730,1,
2799,2731,2731,1,
2800,2732,2732,1,
2801,2733,2733,1,
2802,2734,2734,1,
2803,2735,2735,1,
2804,2736,2736,1,
2805,2737,2737,1,
2806,2738,2738,1,
2807,2739,2739,1,
2808,2740,2740,1,
2809,2741,2741,1,
2810,2742,2742,1,
2811,2743,2743,1,
2812,2744,2744,1,
2813,2745,2745,1,
2814,2746,2746,1,
2815,2747,2747,1,
2816,2748,2748,1,
2817,2749,2749,1,
2818,2750,2750,1,
2819,2751,2751,1,
2820,2752,2752,1,
2821,2753,2753,1,
2822,2754,2754,1,
2823,2755,2755,1,
2824,2756,2756,1,
2825,2757,2757,1,
2826,2758,2758,1,
2827,2759,2759,1,
2828,2760,2760,1,
2829,2761,2761,1,
2830,2762,2762,1,
2831,2763,2763,1,
2832,2764,2764,1,
2833,2765,2765,1,
2834,2766,2766,1,
2835,2767,2767,1,
2836,2768,2768,1,
2837,2769,2769,1,
2838,2770,2770,1,
2839,2771,2771,1,
2840,2772,2772,1,
2841,2773,2773,1,
2842,2774,2774,1,
2843,2775,2775,1,
2844,2776,2776,1,
2845,2777,2777,1,
2846,2778,2778,1,
2847,2778,2778,0,
2848,2778,2778,0,
2849,2778,2778,0,
2850,2779,2779,1,
2851,2780,2780,1,
2852,2781,2781,1,
2853,2781,2781,0,
2854,2781,2781,0,
2855,2781,2781,0,
2856,2781,2781,0,
2857,2781,2781,0,
2858,2781,2781,0,
2859,2781,2781,0,
2860,2781,2781,0,
2861,2781,2781,0,
2862,2781,2781,0,
2863,2781,2781,0,
2864,2781,2781,0,
2865,2781,2781,0,
2866,2781,2781,0,
2867,2781,2781,0,
2868,2781,2781,0,
2869,2781,2781,0,
2870,2781,2781,0,
2871,2781,2781,0,
2872,2781,2781,0,
2873,2781,2781,0,
2874,2781,2781,0,
2875,2781,2781,0,
2876,2781,2781,0,
2877,2781,2781,1,
2878,2782,2782,1,
2879,2783,2783,1,
2880,2784,2784,1,
2881,2785,2785,1,
2882,2786,2786,1,
2883,2787,2787,1,
2884,2788,2788,1,
2885,2789,2789,1,
2886,2790,2790,1,
2887,2791,2791,1,
2888,2792,2792,1,
2889,2793,2793,1,
2890,2794,2794,1,
2891,2795,2795,1,
2892,2796,2796,1,
2893,2797,2797,1,
2894,2798,2798,1,
2895,2799,2799,1,
2896,2800,2800,1,
2897,2801,2801,1,
2898,2802,2802,1,
2899,2803,2803,1,
2900,2803,2803,1,
2901,2804,2804,1,
2902,2805,2805,1,
2903,2806,2806,1,
2904,2807,2807,1,
2905,2808,2808,1,
2906,2809,2809,1,
2907,2810,2810,1,
2908,2811,2811,1,
2909,2812,2812,1,
2910,2813,2813,1,
2911,2814,2814,1,
2912,2815,2815,1,
2913,2816,2816,1,
2914,2817,2817,1,
2915,2818,2818,1,
2916,2819,2819,1,
2917,2820,2820,1,
2918,2821,2821,1,
2919,2822,2822,1,
2920,2822,2822,1,
2921,2823,2823,1,
2922,2824,2824,1,
2923,2825,2825,1,
2924,2826,2826,1,
2925,2827,2827,1,
2926,2828,2828,1,
2927,2829,2829,1,
2928,2829,2829,1,
2929,2830,2830,1,
2930,2830,2830,1,
2931,2830,2830,1,
2932,2831,2831,1,
2933,2832,2832,1,
2934,2832,2832,1,
2935,2833,2833,1,
2936,2834,2834,1,
2937,2835,2835,1,
2938,2836,2836,1,
2939,2837,2837,1,
2940,2838,2838,1,
2941,2839,2839,1,
2942,2840,2840,1,
2943,2841,2841,1,
2944,2842,2842,1,
2945,2843,2843,1,
2946,2844,2844,1,
2947,2844,2844,1,
2948,2845,2845,1,
2949,2846,2846,1,
2950,2846,2846,1,
2951,2847,2847,1,
2952,2848,2848,1,
2953,2849,2849,1,
2954,2850,2850,1,
2955,2851,2851,1,
2956,2852,2852,1,
2957,2853,2853,1,
2958,2854,2854,1,
2959,2855,2855,1,
2960,2856,2856,1,
2961,2857,2857,1,
2962,2858,2858,1,
2963,2859,2859,1,
2964,2860,2860,1,
2965,2861,2861,1,
2966,2862,2862,1,
2967,2863,2863,1,
2968,2864,2864,1,
2969,2865,2865,1,
2970,2866,2866,1,
2971,2867,2867,1,
2972,2868,2868,1,
2973,2869,2869,1,
2974,2870,2870,1,
2975,2871,2871,1,
2976,2872,2872,1,
2977,2873,2873,1,
2978,2874,2874,1,
2979,2875,2875,1,
2980,2876,2876,1,
2981,2877,2877,1,
2982,2878,2878,1,
2983,2879,2879,1,
2984,2880,2880,1,
2985,2881,2881,1,
2986,2882,2882,1,
2987,2883,2883,1,
2988,2884,2884,1,
2989,2885,2885,1,
2990,2886,2886,1,
2991,2887,2887,1,
2992,2888,2888,1,
2993,2889,2889,1,
2994,2890,2890,1,
2995,2891,2891,1,
2996,2892,2892,1,
2997,2893,2893,1,
2998,2894,2894,1,
2999,2895,2895,1,
3000,2896,2896,1,
3001,2897,2897,1,
3002,2898,2898,1,
3003,2899,2899,1,
3004,2900,2900,1,
3005,2901,2901,1,
3006,2902,2902,1,
3007,2903,2903,1,
3008,2904,2904,1,
3009,2905,2905,1,
3010,2906,2906,1,
3011,2907,2907,1,
3012,2908,2908,1,
3013,2909,2909,1,
3014,2910,2910,1,
3015,2911,2911,1,
3016,2912,2912,1,
3017,2913,2913,1,
3018,2914,2914,1,
3019,2915,2915,1,
3020,2916,2916,1,
3021,2917,2917,1,
3022,2918,2918,1,
3023,2919,2919,1,
3024,2920,2920,1,
3025,2921,2921,1,
3026,2922,2922,1,
3027,2923,2923,1,
3028,2924,2924,1,
3029,2925,2925,1,
3030,2926,2926,1,
3031,2927,2927,1,
3032,2928,2928,1,
3033,2929,2929,1,
3034,2930,2930,1,
3035,2931,2931,1,
3036,2932,2932,1,
3037,2933,2933,1,
3038,2934,2934,1,
3039,2935,2935,1,
3040,2936,2936,1,
3041,2937,2937,1,
3042,2938,2938,1,
3043,2939,2939,1,
3044,2940,2940,1,
3045,2941,2941,1,
3046,2942,2942,1,
3047,2943,2943,1,
3048,2944,2944,1,
3049,2945,2945,1,
3050,2946,2946,1,
3051,2947,2947,1,
3052,2948,2948,1,
3053,2949,2949,1,
3054,2950,2950,1,
3055,2951,2951,1,
3056,2952,2952,1,
3057,2953,2953,1,
3058,2954,2954,1,
3059,2955,2955,1,
3060,2956,2956,1,
3061,2957,2957,1,
3062,2958,2958,1,
3063,2959,2959,1,
3064,2960,2960,1,
3065,2961,2961,1,
3066,2962,2962,1,
3067,2963,2963,1,
3068,2964,2964,1,
3069,2965,2965,1,
3070,2966,2966,1,
3071,2967,2967,1,
3072,2968,2968,1,
3073,2969,2969,1,
3074,2970,2970,1,
3075,2971,2971,1,
3076,2972,2972,1,
3077,2973,2973,1,
3078,2974,2974,1,
3079,2975,2975,1,
3080,2976,2976,1,
3081,2977,2977,1,
3082,2978,2978,1,
3083,2979,2979,1,
3084,2980,2980,1,
3085,2981,2981,1,
3086,2982,2982,1,
3087,2983,2983,1,
3088,2984,2984,1,
3089,2985,2985,1,
3090,2986,2986,1,
3091,2987,2987,1,
3092,2988,2988,1,
3093,2989,2989,1,
3094,2990,2990,1,
3095,2991,2991,1,
3096,2992,2992,1,
3097,2993,2993,1,
3098,2994,2994,1,
3099,2995,2995,1,
3100,2996,2996,1,
3101,2997,2997,1,
3102,2998,2998,1,
3103,2999,2999,1,
3104,3000,3000,1,
3105,3001,3001,1,
3106,3002,3002,1,
3107,3003,3003,1,
3108,3004,3004,1,
3109,3005,3005,1,
3110,3006,3006,1,
3111,3007,3007,1,
3112,3008,3008,1,
3113,3009,3009,1,
3114,3010,3010,1,
3115,3011,3011,1,
3116,3012,3012,1,
3117,3013,3013,1,
3118,3014,3014,1,
3119,3015,3015,1,
3120,3016,3016,1,
3121,3017,3017,1,
3122,3018,3018,1,
3123,3019,3019,1,
3124,3020,3020,1,
3125,3021,3021,1,
3126,3022,3022,1,
3127,3023,3023,1,
3128,3024,3024,1,
3129,3025,3025,1,
3130,3026,3026,1,
3131,3027,3027,1,
3132,3028,3028,1,
3133,3029,3029,1,
3134,3030,3030,1,
3135,3031,3031,1,
3136,3032,3032,1,
3137,3033,3033,1,
3138,3034,3034,1,
3139,3035,3035,1,
3140,3036,3036,1,
3141,3037,3037,1,
3142,3038,3038,1,
3143,3039,3039,1,
3144,3040,3040,1,
3145,3041,3041,1,
3146,3042,3042,1,
3147,3043,3043,1,
3148,3044,3044,1,
3149,3045,3045,1,
3150,3046,3046,1,
3151,3047,3047,1,
3152,3048,3048,1,
3153,3049,3049,1,
3154,3050,3050,1,
3155,3051,3051,1,
3156,3052,3052,1,
3157,3053,3053,1,
3158,3054,3054,1,
3159,3055,3055,1,
3160,3056,3056,1,
3161,3057,3057,1,
3162,3058,3058,1,
3163,3059,3059,1,
3164,3060,3060,1,
3165,3061,3061,1,
3166,3062,3062,1,
3167,3063,3063,1,
3168,3064,3064,1,
3169,3065,3065,1,
3170,3066,3066,1,
3171,3067,3067,1,
3172,3068,3068,1,
3173,3069,3069,1,
3174,3070,3070,1,
3175,3071,3071,1,
3176,3072,3072,1,
3177,3073,3073,1,
3178,3074,3074,1,
3179,3075,3075,1,
3180,3076,3076,1,
3181,3077,3077,1,
3182,3078,3078,1,
3183,3079,3079,1,
3184,3080,3080,1,
3185,3081,3081,1,
3186,3082,3082,1,
3187,3083,3083,1,
3188,3084,3084,1,
3189,3085,3085,1,
3190,3086,3086,1,
3191,3087,3087,1,
3192,3088,3088,1,
3193,3089,3089,1,
3194,3090,3090,1,
3195,3091,3091,1,
3196,3092,3092,1,
3197,3093,3093,1,
3198,3094,3094,1,
3199,3095,3095,1,
3200,3096,3096,1,
3201,3097,3097,1,
3202,3098,3098,1,
3203,3099,3099,1,
3204,3100,3100,1,
3205,3101,3101,1,
3206,3102,3102,1,
3207,3103,3103,1,
3208,3104,3104,1,
3209,3105,3105,1,
3210,3106,3106,1,
3211,3107,3107,1,
3212,3108,3108,1,
3213,3109,3109,1,
3214,3110,3110,1,
3215,3111,3111,1,
3216,3112,3112,1,
3217,3113,3113,1,
3218,3114,3114,1,
3219,3115,3115,1,
3220,3116,3116,1,
3221,3117,3117,1,
3222,3118,3118,1,
3223,3119,3119,1,
3224,3120,3120,1,
3225,3121,3121,1,
3226,3122,3122,1,
3227,3123,3123,1,
3228,3124,3124,1,
3229,3125,3125,1,
3230,3126,3126,1,
3231,3127,3127,1,
3232,3128,3128,1,
3233,3129,3129,1,
3234,3130,3130,1,
3235,3131,3131,1,
3236,3132,3132,1,
3237,3133,3133,1,
3238,3134,3134,1,
3239,3135,3135,1,
3240,3136,3136,1,
3241,3137,3137,1,
3242,3138,3138,1,
3243,3138,3138,1,
3244,3139,3139,1,
3245,3140,3140,1,
3246,3140,3140,1,
3247,3141,3141,1,
3248,3142,3142,1,
3249,3143,3143,1,
3250,3144,3144,1,
3251,3145,3145,1,
3252,3146,3146,1,
3253,3147,3147,1,
3254,3148,3148,1,
3255,3149,3149,1,
3256,3150,3150,1,
3257,3151,3151,1,
3258,3152,3152,1,
3259,3153,3153,1,
3260,3154,3154,1,
3261,3155,3155,1,
3262,3156,3156,1,
3263,3157,3157,1,
3264,3158,3158,1,
3265,3159,3159,1,
3266,3160,3160,1,
3267,3161,3161,1,
3268,3162,3162,1,
3269,3163,3163,1,
3270,3164,3164,1,
3271,3165,3165,1,
3272,3166,3166,1,
3273,3167,3167,1,
3274,3168,3168,1,
3275,3169,3169,1,
3276,3170,3170,1,
3277,3171,3171,1,
3278,3172,3172,1,
3279,3173,3173,1,
3280,3174,3174,1,
3281,3175,3175,1,
3282,3176,3176,1,
3283,3177,3177,1,
3284,3178,3178,1,
3285,3179,3179,1,
3286,3180,3180,1,
3287,3181,3181,1,
3288,3182,3182,1,
3289,3183,3183,1,
3290,3184,3184,1,
3291,3185,3185,1,
3292,3186,3186,1,
3293,3187,3187,1,
3294,3188,3188,1,
3295,3189,3189,1,
3296,3190,3190,1,
3297,3191,3191,1,
3298,3192,3192,1,
3299,3193,3193,1,
3300,3194,3194,1,
3301,3195,3195,1,
3302,3196,3196,1,
3303,3197,3197,1,
3304,3198,3198,1,
3305,3199,3199,1,
3306,3200,3200,1,
3307,3201,3201,1,
3308,3202,3202,1,
3309,3203,3203,1,
3310,3204,3204,1,
3311,3205,3205,1,
3312,3206,3206,1,
3313,3207,3207,1,
3314,3208,3208,1,
3315,3209,3209,1,
3316,3210,3210,1,
3317,3211,3211,1,
3318,3212,3212,1,
3319,3213,3213,1,
3320,3214,3214,1,
3321,3215,3215,1,
3322,3216,3216,1,
3323,3217,3217,1,
3324,3218,3218,1,
3325,3219,3219,1,
3326,3220,3220,1,
3327,3221,3221,1,
3328,3222,3222,1,
3329,3223,3223,1,
3330,3224,3224,1,
3331,3225,3225,1,
3332,3226,3226,1,
3333,3227,3227,1,
3334,3228,3228,1,
3335,3229,3229,1,
3336,3230,3230,1,
3337,3231,3231,1,
3338,3232,3232,1,
3339,3233,3233,1,
3340,3234,3234,1,
3341,3235,3235,1,
3342,3236,3236,1,
3343,3237,3237,1,
3344,3238,3238,1,
3345,3239,3239,1,
3346,3240,3240,1,
3347,3241,3241,1,
3348,3242,3242,1,
3349,3243,3243,1,
3350,3244,3244,1,
3351,3245,3245,1,
3352,3246,3246,1,
3353,3247,3247,1,
3354,3248,3248,1,
3355,3249,3249,1,
3356,3250,3250,1,
3357,3251,3251,1,
3358,3252,3252,1,
3359,3253,3253,1,
3360,3254,3254,1,
3361,3255,3255,1,
3362,3256,3256,1,
3363,3257,3257,1,
3364,3258,3258,1,
3365,3259,3259,1,
3366,3260,3260,1,
3367,3261,3261,1,
3368,3262,3262,1,
3369,3263,3263,1,
3370,3264,3264,1,
3371,3265,3265,1,
3372,3266,3266,1,
3373,3267,3267,1,
3374,3268,3268,1,
3375,3269,3269,1,
3376,3270,3270,1,
3377,3271,3271,1,
3378,3272,3272,1,
3379,3273,3273,1,
3380,3274,3274,1,
3381,3275,3275,1,
3382,3276,3276,1,
3383,3277,3277,1,
3384,3278,3278,1,
3385,3279,3279,1,
3386,3280,3280,1,
3387,3281,3281,1,
3388,3282,3282,1,
3389,3283,3283,1,
3390,3284,3284,1,
3391,3285,3285,1,
3392,3286,3286,1,
3393,3287,3287,1,
3394,3288,3288,1,
3395,3289,3289,1,
3396,3290,3290,1,
3397,3291,3291,1,
3398,3292,3292,1,
3399,3293,3293,1,
3400,3294,3294,1,
3401,3295,3295,1,
3402,3296,3296,1,
3403,3297,3297,1,
3404,3298,3298,1,
3405,3299,3299,1,
3406,3300,3300,1,
3407,3301,3301,1,
3408,3302,3302,1,
3409,3303,3303,1,
3410,3304,3304,1,
3411,3305,3305,1,
3412,3306,3306,1,
3413,3307,3307,1,
3414,3308,3308,1,
3415,3309,3309,1,
3416,3310,3310,1,
3417,3311,3311,1,
3418,3312,3312,1,
3419,3313,3313,1,
3420,3314,3314,1,
3421,3315,3315,1,
3422,3316,3316,1,
3423,3317,3317,1,
3424,3318,3318,1,
3425,3319,3319,1,
3426,3320,3320,1,
3427,3321,3321,1,
3428,3322,3322,1,
3429,3323,3323,1,
3430,3324,3324,1,
3431,3325,3325,1,
3432,3326,3326,1,
3433,3327,3327,1,
3434,3328,3328,1,
3435,3329,3329,1,
3436,3330,3330,1,
3437,3331,3331,1,
3438,3332,3332,1,
3439,3333,3333,1,
3440,3334,3334,1,
3441,3335,3335,1,
3442,3336,3336,1,
3443,3337,3337,1,
3444,3338,3338,1,
3445,3339,3339,1,
3446,3340,3340,1,
3447,3341,3341,1,
3448,3342,3342,1,
3449,3343,3343,1,
3450,3344,3344,1,
3451,3345,3345,1,
3452,3346,3346,1,
3453,3347,3347,1,
3454,3348,3348,1,
3455,3349,3349,1,
3456,3350,3350,1,
3457,3351,3351,1,
3458,3352,3352,1,
3459,3353,3353,1,
3460,3354,3354,1,
3461,3355,3355,1,
3462,3356,3356,1,
3463,3357,3357,1,
3464,3358,3358,1,
3465,3359,3359,1,
3466,3360,3360,1,
3467,3361,3361,1,
3468,3362,3362,1,
3469,3363,3363,1,
3470,3364,3364,1,
3471,3365,3365,1,
3472,3366,3366,1,
3473,3367,3367,1,
3474,3368,3368,1,
3475,3369,3369,1,
3476,3370,3370,1,
3477,3371,3371,1,
3478,3372,3372,1,
3479,3373,3373,1,
3480,3374,3374,1,
3481,3375,3375,1,
3482,3376,3376,1,
3483,3377,3377,1,
3484,3378,3378,1,
3485,3379,3379,1,
3486,3380,3380,1,
3487,3381,3381,1,
3488,3382,3382,1,
3489,3383,3383,1,
3490,3384,3384,1,
3491,3385,3385,1,
3492,3386,3386,1,
3493,3387,3387,1,
3494,3388,3388,1,
3495,3389,3389,1,
3496,3390,3390,1,
3497,3391,3391,1,
3498,3392,3392,1,
3499,3393,3393,1,
3500,3394,3394,1,
3501,3394,3394,1,
3502,3395,3395,1,
3503,3396,3396,1,
3504,3397,3397,1,
3505,3398,3398,1,
3506,3399,3399,1,
3507,3400,3400,1,
3508,3400,3400,1,
3509,3401,3401,1,
3510,3402,3402,1,
3511,3402,3402,1,
3512,3403,3403,1,
3513,3404,3404,1,
3514,3405,3405,1,
3515,3406,3406,1,
3516,3407,3407,1,
3517,3408,3408,1,
3518,3409,3409,1,
3519,3410,3410,1,
3520,3411,3411,1,
3521,3412,3412,1,
3522,3413,3413,1,
3523,3414,3414,1,
3524,3415,3415,1,
3525,3416,3416,1,
3526,3417,3417,1,
3527,3418,3418,1,
3528,3419,3419,1,
3529,3420,3420,1,
3530,3421,3421,1,
3531,3422,3422,1,
3532,3423,3423,1,
3533,3424,3424,1,
3534,3425,3425,1,
3535,3426,3426,1,
3536,3427,3427,1,
3537,3428,3428,1,
3538,3428,3428,1,
3539,3429,3429,1,
3540,3430,3430,1,
3541,3431,3431,1,
3542,3431,3431,1,
3543,3432,3432,1,
3544,3433,3433,1,
3545,3434,3434,1,
3546,3435,3435,1,
3547,3436,3436,1,
3548,3437,3437,1,
3549,3438,3438,1,
3550,3439,3439,1,
3551,3440,3440,1,
3552,3441,3441,1,
3553,3442,3442,1,
3554,3443,3443,1,
3555,3444,3444,1,
3556,3445,3445,1,
3557,3446,3446,1,
3558,3447,3447,1,
3559,3448,3448,1,
3560,3449,3449,1,
3561,3450,3450,1,
3562,3451,3451,1,
3563,3452,3452,1,
3564,3453,3453,1,
3565,3454,3454,1,
3566,3455,3455,1,
3567,3456,3456,1,
3568,3457,3457,1,
3569,3458,3458,1,
3570,3459,3459,1,
3571,3460,3460,1,
3572,3461,3461,1,
3573,3462,3462,1,
3574,3463,3463,1,
3575,3464,3464,1,
3576,3465,3465,1,
3577,3465,3465,1,
3578,3466,3466,1,
3579,3467,3467,1,
3580,3468,3468,1,
3581,3469,3469,1,
3582,3470,3470,1,
3583,3470,3470,1,
3584,3471,3471,1,
3585,3472,3472,1,
3586,3473,3473,1,
3587,3474,3474,1,
3588,3475,3475,1,
3589,3476,3476,1,
3590,3476,3476,1,
3591,3477,3477,1,
3592,3478,3478,1,
3593,3478,3478,1,
3594,3479,3479,1,
3595,3480,3480,1,
3596,3481,3481,1,
3597,3482,3482,1,
3598,3483,3483,1,
3599,3484,3484,1,
3600,3484,3484,1,
3601,3485,3485,1,
3602,3486,3486,1,
3603,3487,3487,1,
3604,3488,3488,1,
3605,3489,3489,1,
3606,3490,3490,1,
3607,3491,3491,1,
3608,3492,3492,1,
3609,3493,3493,1,
3610,3494,3494,1,
3611,3495,3495,1,
3612,3496,3496,1,
3613,3497,3497,1,
3614,3498,3498,1,
3615,3499,3499,1,
3616,3500,3500,1,
3617,3501,3501,1,
3618,3502,3502,1,
3619,3503,3503,1,
3620,3504,3504,1,
3621,3505,3505,1,
3622,3506,3506,1,
3623,3507,3507,1,
3624,3508,3508,1,
3625,3509,3509,1,
3626,3510,3510,1,
3627,3511,3511,1,
3628,3512,3512,1,
3629,3513,3513,1,
3630,3514,3514,1,
3631,3515,3515,1,
3632,3516,3516,1,
3633,3517,3517,1,
3634,3518,3518,1,
3635,3519,3519,1,
3636,3520,3520,1,
3637,3521,3521,1,
3638,3522,3522,1,
3639,3523,3523,1,
3640,3524,3524,1,
3641,3525,3525,1,
3642,3526,3526,1,
3643,3527,3527,1,
3644,3528,3528,1,
3645,3529,3529,1,
3646,3530,3530,1,
3647,3531,3531,1,
3648,3532,3532,1,
3649,3533,3533,1,
3650,3534,3534,1,
3651,3535,3535,1,
3652,3536,3536,1,
3653,3537,3537,1,
3654,3538,3538,1,
3655,3539,3539,1,
3656,3540,3540,1,
3657,3541,3541,1,
3658,3542,3542,1,
3659,3543,3543,1,
3660,3544,3544,1,
3661,3545,3545,1,
3662,3546,3546,1,
3663,3547,3547,1,
3664,3548,3548,1,
3665,3549,3549,1,
3666,3550,3550,1,
3667,3551,3551,1,
3668,3552,3552,1,
3669,3553,3553,1,
3670,3554,3554,1,
3671,3555,3555,1,
3672,3556,3556,1,
3673,3557,3557,1,
3674,3558,3558,1,
3675,3559,3559,1,
3676,3560,3560,1,
3677,3561,3561,1,
3678,3562,3562,1,
3679,3563,3563,1,
3680,3564,3564,1,
3681,3565,3565,1,
3682,3566,3566,1,
3683,3567,3567,1,
3684,3568,3568,1,
3685,3569,3569,1,
3686,3570,3570,1,
3687,3571,3571,1,
3688,3572,3572,1,
3689,3573,3573,1,
3690,3574,3574,1,
3691,3575,3575,1,
3692,3576,3576,1,
3693,3577,3577,1,
3694,3578,3578,1,
3695,3579,3579,1,
3696,3580,3580,1,
3697,3581,3581,1,
3698,3582,3582,1,
3699,3583,3583,1,
3700,3584,3584,1,
3701,3585,3585,1,
3702,3586,3586,1,
3703,3587,3587,1,
3704,3588,3588,1,
3705,3589,3589,1,
3706,3590,3590,1,
3707,3591,3591,1,
3708,3592,3592,1,
3709,3593,3593,1,
3710,3594,3594,1,
3711,3595,3595,1,
3712,3596,3596,1,
3713,3597,3597,1,
3714,3598,3598,1,
3715,3599,3599,1,
3716,3600,3600,1,
3717,3601,3601,1,
3718,3602,3602,1,
3719,3603,3603,1,
3720,3604,3604,1,
3721,3605,3605,1,
3722,3606,3606,1,
3723,3607,3607,1,
3724,3608,3608,1,
3725,3609,3609,1,
3726,3610,3610,1,
3727,3611,3611,1,
3728,3612,3612,1,
3729,3613,3613,1,
3730,3614,3614,1,
3731,3615,3615,1,
3732,3616,3616,1,
3733,3617,3617,1,
3734,3618,3618,1,
3735,3619,3619,1,
3736,3620,3620,1,
3737,3621,3621,1,
3738,3622,3622,1,
3739,3623,3623,1,
3740,3624,3624,1,
3741,3625,3625,1,
3742,3626,3626,1,
3743,3627,3627,1,
3744,3627,3627,1,
3745,3628,3628,1,
3746,3629,3629,1,
3747,3630,3630,1,
3748,3631,3631,1,
3749,3632,3632,1,
3750,3633,3633,1,
3751,3634,3634,1,
3752,3635,3635,1,
3753,3636,3636,1,
3754,3637,3637,1,
3755,3638,3638,1,
3756,3639,3639,1,
3757,3640,3640,1,
3758,3641,3641,1,
3759,3642,3642,1,
3760,3643,3643,1,
3761,3644,3644,1,
3762,3645,3645,1,
3763,3646,3646,1,
3764,3647,3647,1,
3765,3648,3648,1,
3766,3649,3649,1,
3767,3650,3650,1,
3768,3651,3651,1,
3769,3652,3652,1,
3770,3653,3653,1,
3771,3654,3654,1,
3772,3655,3655,1,
3773,3656,3656,1,
3774,3657,3657,1,
3775,3658,3658,1,
3776,3659,3659,1,
3777,3660,3660,1,
3778,3661,3661,1,
3779,3662,3662,1,
3780,3663,3663,1,
3781,3664,3664,1,
3782,3665,3665,1,
3783,3666,3666,1,
3784,3667,3667,1,
3785,3667,3667,0,
3786,3668,3668,1,
3787,3669,3669,1,
3788,3670,3670,1,
3789,3671,3671,1,
3790,3671,3671,1,
3791,3672,3672,1,
3792,3673,3673,1,
3793,3674,3674,1,
3794,3675,3675,1,
3795,3676,3676,1,
3796,3676,3676,1,
3797,3677,3677,1,
3798,3678,3678,1,
3799,3678,3678,1,
3800,3679,3679,1,
3801,3680,3680,1,
3802,3680,3680,1,
3803,3681,3681,1,
3804,3682,3682,1,
3805,3683,3683,1,
3806,3684,3684,1,
3807,3685,3685,1,
3808,3685,3685,1,
3809,3686,3686,1,
3810,3687,3687,1,
3811,3687,3687,1,
3812,3688,3688,1,
3813,3689,3689,1,
3814,3690,3690,1,
3815,3691,3691,1,
3816,3692,3692,1,
3817,3692,3692,1,
3818,3693,3693,1,
3819,3694,3694,1,
3820,3695,3695,1,
3821,3696,3696,1,
3822,3697,3697,1,
3823,3698,3698,1,
3824,3699,3699,1,
3825,3700,3700,1,
3826,3701,3701,1,
3827,3702,3702,1,
3828,3703,3703,1,
3829,3704,3704,1,
3830,3705,3705,1,
3831,3706,3706,1,
3832,3707,3707,1,
3833,3708,3708,1,
3834,3709,3709,1,
3835,3710,3710,1,
3836,3711,3711,1,
3837,3712,3712,1,
3838,3713,3713,1,
3839,3714,3714,1,
3840,3715,3715,1,
3841,3716,3716,1,
3842,3717,3717,1,
3843,3718,3718,1,
3844,3719,3719,1,
3845,3720,3720,1,
3846,3721,3721,1,
3847,3722,3722,1,
3848,3723,3723,1,
3849,3723,3723,1,
3850,3724,3724,1,
3851,3725,3725,1,
3852,3725,3725,1,
3853,3726,3726,1,
3854,3727,3727,1,
3855,3727,3727,1,
3856,3728,3728,1,
3857,3729,3729,1,
3858,3729,3729,1,
3859,3730,3730,1,
3860,3731,3731,1,
3861,3732,3732,1,
3862,3733,3733,1,
3863,3734,3734,1,
3864,3735,3735,1,
3865,3736,3736,1,
3866,3737,3737,1,
3867,3738,3738,1,
3868,3739,3739,1,
3869,3740,3740,1,
3870,3741,3741,1,
3871,3742,3742,1,
3872,3743,3743,1,
3873,3744,3744,1,
3874,3745,3745,1,
3875,3746,3746,1,
3876,3747,3747,1,
3877,3748,3748,1,
3878,3749,3749,1,
3879,3750,3750,1,
3880,3751,3751,1,
3881,3752,3752,1,
3882,3753,3753,1,
3883,3754,3754,1,
3884,3755,3755,1,
3885,3756,3756,1,
3886,3757,3757,1,
3887,3758,3758,1,
3888,3759,3759,1,
3889,3760,3760,1,
3890,3761,3761,1,
3891,3762,3762,1,
3892,3763,3763,1,
3893,3764,3764,1,
3894,3765,3765,1,
3895,3766,3766,1,
3896,3767,3767,1,
3897,3768,3768,1,
3898,3769,3769,1,
3899,3770,3770,1,
3900,3771,3771,1,
3901,3772,3772,1,
3902,3773,3773,1,
3903,3774,3774,1,
3904,3775,3775,1,
3905,3776,3776,1,
3906,3777,3777,1,
3907,3778,3778,1,
3908,3779,3779,1,
3909,3780,3780,1,
3910,3781,3781,1,
3911,3782,3782,1,
3912,3783,3783,1,
3913,3784,3784,1,
3914,3785,3785,1,
3915,3786,3786,1,
3916,3787,3787,1,
3917,3788,3788,1,
3918,3789,3789,1,
3919,3790,3790,1,
3920,3791,3791,1,
3921,3792,3792,1,
3922,3793,3793,1,
3923,3794,3794,1,
3924,3795,3795,1,
3925,3796,3796,1,
3926,3797,3797,1,
3927,3798,3798,1,
3928,3799,3799,1,
3929,3800,3800,1,
3930,3801,3801,1,
3931,3802,3802,1,
3932,3803,3803,1,
3933,3804,3804,1,
3934,3804,3804,1,
3935,3805,3805,1,
3936,3806,3806,1,
3937,3807,3807,1,
3938,3808,3808,1,
3939,3809,3809,1,
3940,3810,3810,1,
3941,3811,3811,1,
3942,3812,3812,1,
3943,3813,3813,1,
3944,3814,3814,1,
3945,3815,3815,1,
3946,3816,3816,1,
3947,3817,3817,1,
3948,3818,3818,1,
3949,3818,3818,1,
3950,3819,3819,1,
3951,3820,3820,1,
3952,3821,3821,1,
3953,3822,3822,1,
3954,3823,3823,1,
3955,3824,3824,1,
3956,3825,3825,1,
3957,3826,3826,1,
3958,3827,3827,1,
3959,3828,3828,1,
3960,3829,3829,1,
3961,3830,3830,1,
3962,3831,3831,1,
3963,3832,3832,1,
3964,3833,3833,1,
3965,3834,3834,1,
3966,3835,3835,1,
3967,3836,3836,1,
3968,3837,3837,1,
3969,3838,3838,1,
3970,3839,3839,1,
3971,3840,3840,1,
3972,3841,3841,1,
3973,3842,3842,1,
3974,3843,3843,1,
3975,3844,3844,1,
3976,3845,3845,1,
3977,3846,3846,1,
3978,3847,3847,1,
3979,3848,3848,1,
3980,3849,3849,1,
3981,3850,3850,1,
3982,3851,3851,1,
3983,3852,3852,1,
3984,3853,3853,1,
3985,3854,3854,1,
3986,3855,3855,1,
3987,3856,3856,1,
3988,3857,3857,1,
3989,3858,3858,1,
3990,3859,3859,1,
3991,3860,3860,1,
3992,3861,3861,1,
3993,3862,3862,1,
3994,3863,3863,1,
3995,3864,3864,1,
3996,3865,3865,1,
3997,3866,3866,1,
3998,3867,3867,1,
3999,3868,3868,1,
4000,3869,3869,1,
4001,3870,3870,1,
4002,3871,3871,1,
4003,3872,3872,1,
4004,3873,3873,1,
4005,3874,3874,1,
4006,3875,3875,1,
4007,3876,3876,1,
4008,3877,3877,1,
4009,3878,3878,1,
4010,3879,3879,1,
4011,3880,3880,1,
4012,3881,3881,1,
4013,3882,3882,1,
4014,3883,3883,1,
4015,3884,3884,1,
4016,3885,3885,1,
4017,3886,3886,1,
4018,3887,3887,1,
4019,3888,3888,1,
4020,3889,3889,1,
4021,3890,3890,1,
4022,3891,3891,1,
4023,3892,3892,1,
4024,3893,3893,1,
4025,3894,3894,1,
4026,3895,3895,1,
4027,3896,3896,1,
4028,3897,3897,1,
4029,3898,3898,1,
4030,3899,3899,1,
4031,3900,3900,1,
4032,3901,3901,1,
4033,3901,3901,1,
4034,3902,3902,1,
4035,3903,3903,1,
4036,3903,3903,1,
4037,3904,3904,1,
4038,3905,3905,1,
4039,3906,3906,1,
4040,3906,3906,1,
4041,3907,3907,1,
4042,3908,3908,1,
4043,3909,3909,1,
4044,3909,3909,1,
4045,3910,3910,1,
4046,3911,3911,1,
4047,3912,3912,1,
4048,3912,3912,1,
4049,3913,3913,1,
4050,3914,3914,1,
4051,3914,3914,1,
4052,3915,3915,1,
4053,3916,3916,1,
4054,3917,3917,1,
4055,3917,3917,1,
4056,3918,3918,1,
4057,3919,3919,1,
4058,3919,3919,1,
4059,3920,3920,1,
4060,3921,3921,1,
4061,3922,3922,1,
4062,3923,3923,1,
4063,3924,3924,1,
4064,3925,3925,1,
4065,3925,3925,1,
4066,3926,3926,1,
4067,3927,3927,1,
4068,3928,3928,1,
4069,3928,3928,1,
4070,3929,3929,1,
4071,3930,3930,1,
4072,3931,3931,1,
4073,3932,3932,1,
4074,3933,3933,1,
4075,3934,3934,1,
4076,3934,3934,1,
4077,3935,3935,1,
4078,3936,3936,1,
4079,3937,3937,1,
4080,3938,3938,1,
4081,3939,3939,1,
4082,3940,3940,1,
4083,3941,3941,1,
4084,3942,3942,1,
4085,3943,3943,1,
4086,3944,3944,1,
4087,3945,3945,1,
4088,3946,3946,1,
4089,3947,3947,1,
4090,3948,3948,1,
4091,3949,3949,1,
4092,3950,3950,1,
4093,3951,3951,1,
4094,3952,3952,1,
4095,3953,3953,1,
4096,3954,3954,1,
4097,3955,3955,1,
4098,3956,3956,1,
4099,3957,3957,1,
4100,3958,3958,1,
4101,3959,3959,1,
4102,3960,3960,1,
4103,3961,3961,1,
4104,3962,3962,1,
4105,3963,3963,1,
4106,3964,3964,1,
4107,3965,3965,1,
4108,3966,3966,1,
4109,3967,3967,1,
4110,3968,3968,1,
4111,3969,3969,1,
4112,3970,3970,1,
4113,3971,3971,1,
4114,3972,3972,1,
4115,3973,3973,1,
4116,3974,3974,1,
4117,3975,3975,1,
4118,3976,3976,1,
4119,3977,3977,1,
4120,3978,3978,1,
4121,3979,3979,1,
4122,3980,3980,1,
4123,3981,3981,1,
4124,3982,3982,1,
4125,3983,3983,1,
4126,3984,3984,1,
4127,3985,3985,1,
4128,3986,3986,1,
4129,3987,3987,1,
4130,3988,3988,1,
4131,3989,3989,1,
4132,3990,3990,1,
4133,3991,3991,1,
4134,3992,3992,1,
4135,3993,3993,1,
4136,3994,3994,1,
4137,3995,3995,1,
4138,3996,3996,1,
4139,3997,3997,1,
4140,3998,3998,1,
4141,3999,3999,1,
4142,4000,4000,1,
4143,4001,4001,1,
4144,4002,4002,1,
4145,4003,4003,1,
4146,4004,4004,1,
4147,4005,4005,1,
4148,4006,4006,1,
4149,4007,4007,1,
4150,4008,4008,1,
4151,4009,4009,1,
4152,4010,4010,1,
4153,4011,4011,1,
4154,4012,4012,1,
4155,4013,4013,1,
4156,4014,4014,1,
4157,4015,4015,1,
4158,4016,4016,1,
4159,4017,4017,1,
4160,4018,4018,1,
4161,4019,4019,1,
4162,4020,4020,1,
4163,4021,4021,1,
4164,4022,4022,1,
4165,4023,4023,1,
4166,4024,4024,1,
4167,4025,4025,1,
4168,4026,4026,1,
4169,4027,4027,1,
4170,4028,4028,1,
4171,4029,4029,1,
4172,4030,4030,1,
4173,4031,4031,1,
4174,4032,4032,1,
4175,4033,4033,1,
4176,4034,4034,1,
4177,4035,4035,1,
4178,4036,4036,1,
4179,4037,4037,1,
4180,4038,4038,1,
4181,4039,4039,1,
4182,4040,4040,1,
4183,4041,4041,1,
4184,4042,4042,1,
4185,4043,4043,1,
4186,4044,4044,1,
4187,4045,4045,1,
4188,4046,4046,1,
4189,4047,4047,1,
4190,4047,4047,1,
4191,4048,4048,1,
4192,4049,4049,1,
4193,4049,4049,1,
4194,4050,4050,1,
4195,4051,4051,1,
4196,4051,4051,1,
4197,4052,4052,1,
4198,4053,4053,1,
4199,4054,4054,1,
4200,4054,4054,1,
4201,4055,4055,1,
4202,4056,4056,1,
4203,4056,4056,1,
4204,4057,4057,1,
4205,4058,4058,1,
4206,4058,4058,1,
4207,4059,4059,1,
4208,4060,4060,1,
4209,4060,4060,1,
4210,4061,4061,1,
4211,4062,4062,1,
4212,4063,4063,1,
4213,4064,4064,1,
4214,4065,4065,1,
4215,4066,4066,1,
4216,4067,4067,1,
4217,4068,4068,1,
4218,4069,4069,1,
4219,4070,4070,1,
4220,4071,4071,1,
4221,4072,4072,1,
4222,4073,4073,1,
4223,4074,4074,1,
4224,4075,4075,1,
4225,4076,4076,1,
4226,4077,4077,1,
4227,4078,4078,1,
4228,4079,4079,1,
4229,4080,4080,1,
4230,4081,4081,1,
4231,4082,4082,1,
4232,4083,4083,1,
4233,4084,4084,1,
4234,4085,4085,1,
4235,4086,4086,1,
4236,4087,4087,1,
4237,4088,4088,1,
4238,4089,4089,1,
4239,4090,4090,1,
4240,4091,4091,1,
4241,4092,4092,1,
4242,4093,4093,1,
4243,4094,4094,1,
4244,4095,4095,1,
4245,4096,4096,1,
4246,4097,4097,1,
4247,4098,4098,1,
4248,4099,4099,1,
4249,4100,4100,1,
4250,4101,4101,1,
4251,4102,4102,1,
4252,4103,4103,1,
4253,4104,4104,1,
4254,4105,4105,1,
4255,4106,4106,1,
4256,4107,4107,1,
4257,4108,4108,1,
4258,4109,4109,1,
4259,4110,4110,1,
4260,4111,4111,1,
4261,4112,4112,1,
4262,4113,4113,1,
4263,4114,4114,1,
4264,4115,4115,1,
4265,4116,4116,1,
4266,4117,4117,1,
4267,4118,4118,1,
4268,4119,4119,1,
4269,4120,4120,1,
4270,4121,4121,1,
4271,4122,4122,1,
4272,4123,4123,1,
4273,4124,4124,1,
4274,4125,4125,1,
4275,4126,4126,1,
4276,4127,4127,1,
4277,4128,4128,1,
4278,4129,4129,1,
4279,4130,4130,1,
4280,4131,4131,1,
4281,4132,4132,1,
4282,4133,4133,1,
4283,4134,4134,1,
4284,4135,4135,1,
4285,4136,4136,1,
4286,4137,4137,1,
4287,4138,4138,1,
4288,4139,4139,1,
4289,4140,4140,1,
4290,4141,4141,1,
4291,4142,4142,1,
4292,4143,4143,1,
4293,4144,4144,1,
4294,4145,4145,1,
4295,4146,4146,1,
4296,4147,4147,1,
4297,4148,4148,1,
4298,4149,4149,1,
4299,4150,4150,1,
4300,4151,4151,1,
4301,4152,4152,1,
4302,4153,4153,1,
4303,4154,4154,1,
4304,4155,4155,1,
4305,4156,4156,1,
4306,4157,4157,1,
4307,4158,4158,1,
4308,4159,4159,1,
4309,4160,4160,1,
4310,4161,4161,1,
4311,4162,4162,1,
4312,4163,4163,1,
4313,4164,4164,1,
4314,4165,4165,1,
4315,4166,4166,1,
4316,4167,4167,1,
4317,4168,4168,1,
4318,4169,4169,1,
4319,4170,4170,1,
4320,4171,4171,1,
4321,4172,4172,1,
4322,4173,4173,1,
4323,4174,4174,1,
4324,4175,4175,1,
4325,4176,4176,1,
4326,4177,4177,1,
4327,4178,4178,1,
4328,4179,4179,1,
4329,4180,4180,1,
4330,4181,4181,1,
4331,4182,4182,1,
4332,4183,4183,1,
4333,4184,4184,1,
4334,4185,4185,1,
4335,4186,4186,1,
4336,4187,4187,1,
4337,4188,4188,1,
4338,4189,4189,1,
4339,4190,4190,1,
4340,4191,4191,1,
4341,4192,4192,1,
4342,4193,4193,1,
4343,4194,4194,1,
4344,4195,4195,1,
4345,4196,4196,1,
4346,4197,4197,1,
4347,4198,4198,1,
4348,4199,4199,1,
4349,4200,4200,1,
4350,4201,4201,1,
4351,4202,4202,1,
4352,4203,4203,1,
4353,4204,4204,1,
4354,4205,4205,1,
4355,4206,4206,1,
4356,4207,4207,1,
4357,4208,4208,1,
4358,4209,4209,1,
4359,4210,4210,1,
4360,4211,4211,1,
4361,4212,4212,1,
4362,4213,4213,1,
4363,4214,4214,1,
4364,4215,4215,1,
4365,4216,4216,1,
4366,4217,4217,1,
4367,4218,4218,1,
4368,4219,4219,1,
4369,4220,4220,1,
4370,4221,4221,1,
4371,4222,4222,1,
4372,4223,4223,1,
4373,4224,4224,1,
4374,4225,4225,1,
4375,4226,4226,1,
4376,4227,4227,1,
4377,4228,4228,1,
4378,4229,4229,1,
4379,4230,4230,1,
4380,4231,4231,1,
4381,4232,4232,1,
4382,4233,4233,1,
4383,4234,4234,1,
4384,4235,4235,1,
4385,4236,4236,1,
4386,4237,4237,1,
4387,4238,4238,1,
4388,4239,4239,1,
4389,4240,4240,1,
4390,4241,4241,1,
4391,4242,4242,1,
4392,4243,4243,1,
4393,4244,4244,1,
4394,4245,4245,1,
4395,4246,4246,1,
4396,4247,4247,1,
4397,4248,4248,1,
4398,4249,4249,1,
4399,4250,4250,1,
4400,4251,4251,1,
4401,4252,4252,1,
4402,4253,4253,1,
4403,4254,4254,1,
4404,4255,4255,1,
4405,4256,4256,1,
4406,4257,4257,1,
4407,4258,4258,1,
4408,4259,4259,1,
4409,4260,4260,1,
4410,4261,4261,1,
4411,4262,4262,1,
4412,4263,4263,1,
4413,4264,4264,1,
4414,4265,4265,1,
4415,4266,4266,1,
4416,4267,4267,1,
4417,4268,4268,1,
4418,4269,4269,1,
4419,4270,4270,1,
4420,4271,4271,1,
4421,4272,4272,1,
4422,4273,4273,1,
4423,4274,4274,1,
4424,4275,4275,1,
4425,4276,4276,1,
4426,4277,4277,1,
4427,4278,4278,1,
4428,4279,4279,1,
4429,4280,4280,1,
4430,4281,4281,1,
4431,4282,4282,1,
4432,4283,4283,1,
4433,4284,4284,1,
4434,4285,4285,1,
4435,4286,4286,1,
4436,4287,4287,1,
4437,4288,4288,1,
4438,4289,4289,1,
4439,4290,4290,1,
4440,4291,4291,1,
4441,4292,4292,1,
4442,4293,4293,1,
4443,4294,4294,1,
4444,4295,4295,1,
4445,4296,4296,1,
4446,4297,4297,1,
4447,4298,4298,1,
4448,4299,4299,1,
4449,4300,4300,1,
4450,4301,4301,1,
4451,4302,4302,1,
4452,4303,4303,1,
4453,4304,4304,1,
4454,4305,4305,1,
4455,4306,4306,1,
4456,4307,4307,1,
4457,4308,4308,1,
4458,4309,4309,1,
4459,4310,4310,1,
4460,4311,4311,1,
4461,4312,4312,1,
4462,4313,4313,1,
4463,4314,4314,1,
4464,4315,4315,1,
4465,4316,4316,1,
4466,4317,4317,1,
4467,4318,4318,1,
4468,4319,4319,1,
4469,4320,4320,1,
4470,4321,4321,1,
4471,4322,4322,1,
4472,4323,4323,1,
4473,4324,4324,1,
4474,4325,4325,1,
4475,4326,4326,1,
4476,4327,4327,1,
4477,4328,4328,1,
4478,4329,4329,1,
4479,4330,4330,1,
4480,4331,4331,1,
4481,4332,4332,1,
4482,4333,4333,1,
4483,4334,4334,1,
4484,4335,4335,1,
4485,4336,4336,1,
4486,4337,4337,1,
4487,4338,4338,1,
4488,4339,4339,1,
4489,4340,4340,1,
4490,4341,4341,1,
4491,4342,4342,1,
4492,4343,4343,1,
4493,4344,4344,1,
4494,4345,4345,1,
4495,4346,4346,1,
4496,4347,4347,1,
4497,4348,4348,1,
4498,4349,4349,1,
4499,4350,4350,1,
4500,4351,4351,1,
4501,4352,4352,1,
4502,4353,4353,1,
4503,4354,4354,1,
4504,4355,4355,1,
4505,4356,4356,1,
4506,4357,4357,1,
4507,4358,4358,1,
4508,4359,4359,1,
4509,4360,4360,1,
4510,4361,4361,1,
4511,4362,4362,1,
4512,4363,4363,1,
4513,4364,4364,1,
4514,4365,4365,1,
4515,4366,4366,1,
4516,4367,4367,1,
4517,4368,4368,1,
4518,4369,4369,1,
4519,4370,4370,1,
4520,4371,4371,1,
4521,4372,4372,1,
4522,4373,4373,1,
4523,4374,4374,1,
4524,4375,4375,1,
4525,4376,4376,1,
4526,4377,4377,1,
4527,4378,4378,1,
4528,4379,4379,1,
4529,4380,4380,1,
4530,4381,4381,1,
4531,4382,4382,1,
4532,4383,4383,1,
4533,4384,4384,1,
4534,4385,4385,1,
4535,4386,4386,1,
4536,4387,4387,1,
4537,4388,4388,1,
4538,4389,4389,1,
4539,4390,4390,1,
4540,4391,4391,1,
4541,4392,4392,1,
4542,4393,4393,1,
4543,4394,4394,1,
4544,4395,4395,1,
4545,4396,4396,1,
4546,4397,4397,1,
4547,4398,4398,1,
4548,4399,4399,1,
4549,4400,4400,1,
4550,4401,4401,1,
4551,4402,4402,1,
4552,4403,4403,1,
4553,4404,4404,1,
4554,4405,4405,1,
4555,4406,4406,1,
4556,4407,4407,1,
4557,4408,4408,1,
4558,4409,4409,1,
4559,4410,4410,1,
4560,4411,4411,1,
4561,4412,4412,1,
4562,4413,4413,1,
4563,4414,4414,1,
4564,4415,4415,1,
4565,4416,4416,1,
4566,4417,4417,1,
4567,4418,4418,1,
4568,4419,4419,1,
4569,4420,4420,1,
4570,4421,4421,1,
4571,4422,4422,1,
4572,4423,4423,1,
4573,4424,4424,1,
4574,4425,4425,1,
4575,4426,4426,1,
4576,4427,4427,1,
4577,4428,4428,1,
4578,4429,4429,1,
4579,4430,4430,1,
4580,4431,4431,1,
4581,4432,4432,1,
4582,4433,4433,1,
4583,4434,4434,1,
4584,4435,4435,1,
4585,4436,4436,1,
4586,4437,4437,1,
4587,4438,4438,1,
4588,4439,4439,1,
4589,4440,4440,1,
4590,4441,4441,1,
4591,4442,4442,1,
4592,4443,4443,1,
4593,4444,4444,1,
4594,4445,4445,1,
4595,4446,4446,1,
4596,4447,4447,1,
4597,4448,4448,1,
4598,4449,4449,1,
4599,4450,4450,1,
4600,4451,4451,1,
4601,4452,4452,1,
4602,4453,4453,1,
4603,4454,4454,1,
4604,4455,4455,1,
4605,4456,4456,1,
4606,4457,4457,1,
4607,4458,4458,1,
4608,4459,4459,1,
4609,4460,4460,1,
4610,4461,4461,1,
4611,4462,4462,1,
4612,4463,4463,1,
4613,4464,4464,1,
4614,4465,4465,1,
4615,4466,4466,1,
4616,4467,4467,1,
4617,4468,4468,1,
4618,4469,4469,1,
4619,4470,4470,1,
4620,4471,4471,1,
4621,4472,4472,1,
4622,4473,4473,1,
4623,4474,4474,1,
4624,4475,4475,1,
4625,4476,4476,1,
4626,4477,4477,1,
4627,4478,4478,1,
4628,4479,4479,1,
4629,4480,4480,1,
4630,4481,4481,1,
4631,4482,4482,1,
4632,4483,4483,1,
4633,4484,4484,1,
4634,4485,4485,1,
4635,4486,4486,1,
4636,4487,4487,1,
4637,4488,4488,1,
4638,4489,4489,1,
4639,4490,4490,1,
4640,4491,4491,1,
4641,4492,4492,1,
4642,4493,4493,1,
4643,4494,4494,1,
4644,4495,4495,1,
4645,4496,4496,1,
4646,4497,4497,1,
4647,4498,4498,1,
4648,4499,4499,1,
4649,4500,4500,1,
Completed in 4649 rounds.
Completed in 99.3106 ms
