ROUND,TASKS COMPLETED,worker0 tasks,worker1 tasks,worker2 tasks,worker3 tasks,worker4 tasks,worker0 running,worker1 running,worker2 running,worker3 running,worker4 running,
1,0,0,0,0,0,0,1,1,0,0,0,
2,2,1,1,0,0,0,1,1,1,0,0,
3,5,2,2,1,0,0,1,1,1,0,0,
4,8,3,3,2,0,0,1,1,1,1,0,
5,12,4,4,3,1,0,1,1,1,1,0,
6,16,5,5,4,2,0,1,1,1,1,1,
7,21,6,6,5,3,1,1,1,1,1,1,
8,26,7,7,6,4,2,1,1,1,1,1,
9,31,8,8,7,5,3,1,1,1,1,1,
10,36,9,9,8,6,4,1,1,1,1,1,
11,41,10,10,9,7,5,1,1,1,1,1,
12,46,11,11,10,8,6,1,1,1,1,1,
13,51,12,12,11,9,7,1,1,1,1,1,
14,56,13,13,12,10,8,1,1,1,1,1,
15,61,14,14,13,11,9,1,1,1,1,1,
16,66,15,15,14,12,10,1,1,1,1,1,
17,71,16,16,15,13,11,1,1,1,1,1,
18,76,17,17,16,14,12,1,1,1,1,1,
19,81,18,18,17,15,13,1,1,1,1,1,
20,86,19,19,18,16,14,1,1,1,1,1,
21,91,20,20,19,17,15,1,1,1,1,1,
22,96,21,21,20,18,16,1,1,1,1,1,
23,101,22,22,21,19,17,1,1,1,1,1,
24,106,23,23,22,20,18,1,1,1,1,1,
25,111,24,24,23,21,19,1,1,1,1,1,
26,116,25,25,24,22,20,1,1,1,1,1,
27,121,26,26,25,23,21,1,1,1,1,1,
28,126,27,27,26,24,22,1,1,1,1,1,
29,131,28,28,27,25,23,1,1,1,1,1,
30,136,29,29,28,26,24,1,1,1,1,1,
31,141,30,30,29,27,25,1,1,1,1,1,
32,146,31,31,30,28,26,1,1,1,1,1,
33,151,32,32,31,29,27,1,1,1,1,1,
34,156,33,33,32,30,28,1,1,1,1,1,
35,161,34,34,33,31,29,1,1,1,1,1,
36,166,35,35,34,32,30,1,1,1,1,1,
37,171,36,36,35,33,31,1,1,1,1,1,
38,176,37,37,36,34,32,1,1,1,1,1,
39,181,38,38,37,35,33,1,1,1,1,1,
40,186,39,39,38,36,34,1,1,1,1,1,
41,191,40,40,39,37,35,1,1,1,1,1,
42,196,41,41,40,38,36,1,1,1,1,1,
43,201,42,42,41,39,37,1,1,1,1,1,
44,206,43,43,42,40,38,1,1,1,1,1,
45,211,44,44,43,41,39,1,1,1,1,1,
46,216,45,45,44,42,40,1,1,1,1,1,
47,221,46,46,45,43,41,1,1,1,1,1,
48,226,47,47,46,44,42,1,1,1,1,1,
49,231,48,48,47,45,43,1,1,1,1,1,
50,236,49,49,48,46,44,1,1,1,1,1,
51,241,50,50,49,47,45,1,1,1,1,1,
52,246,51,51,50,48,46,1,1,1,1,1,
53,251,52,52,51,49,47,1,1,1,1,1,
54,256,53,53,52,50,48,1,1,1,1,1,
55,261,54,54,53,51,49,1,1,1,1,1,
56,266,55,55,54,52,50,1,1,1,1,1,
57,271,56,56,55,53,51,1,1,1,1,1,
58,276,57,57,56,54,52,1,1,1,1,1,
59,281,58,58,57,55,53,1,1,1,1,1,
60,286,59,59,58,56,54,1,1,1,1,1,
61,291,60,60,59,57,55,1,1,1,1,1,
62,296,61,61,60,58,56,1,1,1,1,1,
63,301,62,62,61,59,57,1,1,1,1,1,
64,306,63,63,62,60,58,1,1,1,1,1,
65,311,64,64,63,61,59,1,1,1,1,1,
66,316,65,65,64,62,60,1,1,1,1,1,
67,321,66,66,65,63,61,1,1,1,1,1,
68,326,67,67,66,64,62,1,1,1,1,1,
69,331,68,68,67,65,63,1,1,1,1,1,
70,336,69,69,68,66,64,1,1,1,1,1,
71,341,70,70,69,67,65,1,1,1,1,1,
72,346,71,71,70,68,66,1,1,1,1,1,
73,351,72,72,71,69,67,1,1,1,1,1,
74,356,73,73,72,70,68,1,1,1,1,1,
75,361,74,74,73,71,69,1,1,1,1,1,
76,366,75,75,74,72,70,1,1,1,1,1,
77,371,76,76,75,73,71,1,1,1,1,1,
78,376,77,77,76,74,72,1,1,1,1,1,
79,381,78,78,77,75,73,1,1,1,1,1,
80,386,79,79,78,76,74,1,1,1,1,1,
81,391,80,80,79,77,75,1,1,1,1,1,
82,396,81,81,80,78,76,1,1,1,1,1,
83,401,82,82,81,79,77,1,1,1,1,1,
84,406,83,83,82,80,78,1,1,1,1,1,
85,411,84,84,83,81,79,1,1,1,1,1,
86,416,85,85,84,82,80,1,1,1,1,1,
87,421,86,86,85,83,81,1,1,1,1,1,
88,426,87,87,86,84,82,1,1,1,1,1,
89,431,88,88,87,85,83,1,1,1,1,1,
90,436,89,89,88,86,84,1,1,1,1,1,
91,441,90,90,89,87,85,1,1,1,1,1,
92,446,91,91,90,88,86,1,1,1,1,1,
93,451,92,92,91,89,87,1,1,1,1,1,
94,456,93,93,92,90,88,1,1,1,1,1,
95,461,94,94,93,91,89,1,1,1,1,1,
96,466,95,95,94,92,90,1,1,1,1,1,
97,471,96,96,95,93,91,1,1,1,1,1,
98,476,97,97,96,94,92,1,1,1,1,1,
99,481,98,98,97,95,93,1,1,1,1,1,
100,486,99,99,98,96,94,1,1,1,1,1,
101,491,100,100,99,97,95,1,1,1,1,1,
102,496,101,101,100,98,96,1,1,1,1,1,
103,501,102,102,101,99,97,1,1,1,1,1,
104,506,103,103,102,100,98,1,1,1,1,1,
105,511,104,104,103,101,99,1,1,1,1,1,
106,516,105,105,104,102,100,1,1,1,1,1,
107,521,106,106,105,103,101,1,1,1,1,1,
108,526,107,107,106,104,102,1,1,1,1,1,
109,531,108,108,107,105,103,1,1,1,1,1,
110,536,109,109,108,106,104,1,1,1,1,1,
111,541,110,110,109,107,105,1,1,1,1,1,
112,546,111,111,110,108,106,1,1,1,1,1,
113,551,112,112,111,109,107,1,1,1,1,1,
114,556,113,113,112,110,108,1,1,1,1,1,
115,561,114,114,113,111,109,1,1,1,1,1,
116,566,115,115,114,112,110,1,1,1,1,1,
117,571,116,116,115,113,111,1,1,1,1,1,
118,576,117,117,116,114,112,1,1,1,1,1,
119,581,118,118,117,115,113,1,1,1,1,1,
120,586,119,119,118,116,114,1,1,1,1,1,
121,591,120,120,119,117,115,1,1,1,1,1,
122,596,121,121,120,118,116,1,1,1,1,1,
123,601,122,122,121,119,117,1,1,1,1,1,
124,606,123,123,122,120,118,1,1,1,1,1,
125,611,124,124,123,121,119,1,1,1,1,1,
126,616,125,125,124,122,120,1,1,1,1,1,
127,621,126,126,125,123,121,1,1,1,1,1,
128,626,127,127,126,124,122,1,1,1,1,1,
129,631,128,128,127,125,123,1,1,1,1,1,
130,636,129,129,128,126,124,1,1,1,1,1,
131,641,130,130,129,127,125,1,1,1,1,1,
132,646,131,131,130,128,126,1,1,1,1,1,
133,651,132,132,131,129,127,1,1,1,1,1,
134,656,133,133,132,130,128,1,1,1,1,1,
135,661,134,134,133,131,129,1,1,1,1,1,
136,666,135,135,134,132,130,1,1,1,1,1,
137,671,136,136,135,133,131,1,1,1,1,1,
138,676,137,137,136,134,132,1,1,1,1,1,
139,681,138,138,137,135,133,1,1,1,1,1,
140,686,139,139,138,136,134,1,1,1,1,1,
141,691,140,140,139,137,135,1,1,1,1,1,
142,696,141,141,140,138,136,1,1,1,1,1,
143,701,142,142,141,139,137,1,1,1,1,1,
144,706,143,143,142,140,138,1,1,1,1,1,
145,711,144,144,143,141,139,1,1,1,1,1,
146,716,145,145,144,142,140,1,1,1,1,1,
147,721,146,146,145,143,141,1,1,1,1,1,
148,726,147,147,146,144,142,1,1,1,1,1,
149,731,148,148,147,145,143,1,1,1,1,1,
150,736,149,149,148,146,144,1,1,1,1,1,
151,741,150,150,149,147,145,1,1,1,1,1,
152,746,151,151,150,148,146,1,1,1,1,1,
153,751,152,152,151,149,147,1,1,1,1,1,
154,756,153,153,152,150,148,1,1,1,1,1,
155,761,154,154,153,151,149,1,1,1,1,1,
156,766,155,155,154,152,150,1,1,1,1,1,
157,771,156,156,155,153,151,1,1,1,1,1,
158,776,157,157,156,154,152,1,1,1,1,1,
159,781,158,158,157,155,153,1,1,1,1,1,
160,786,159,159,158,156,154,1,1,1,1,1,
161,791,160,160,159,157,155,1,1,1,1,1,
162,796,161,161,160,158,156,1,1,1,1,1,
163,801,162,162,161,159,157,1,1,1,1,1,
164,806,163,163,162,160,158,1,1,1,1,1,
165,811,164,164,163,161,159,1,1,1,1,1,
166,816,165,165,164,162,160,1,1,1,1,1,
167,821,166,166,165,163,161,1,1,1,1,1,
168,826,167,167,166,164,162,1,1,1,1,1,
169,831,168,168,167,165,163,1,1,1,1,1,
170,836,169,169,168,166,164,1,1,1,1,1,
171,841,170,170,169,167,165,1,1,1,1,1,
172,846,171,171,170,168,166,1,1,1,1,1,
173,851,172,172,171,169,167,1,1,1,1,1,
174,856,173,173,172,170,168,1,1,1,1,1,
175,861,174,174,173,171,169,1,1,1,1,1,
176,866,175,175,174,172,170,1,1,1,1,1,
177,871,176,176,175,173,171,1,1,1,1,1,
178,876,177,177,176,174,172,1,1,1,1,1,
179,881,178,178,177,175,173,1,1,1,1,1,
180,886,179,179,178,176,174,1,1,1,1,1,
181,891,180,180,179,177,175,1,1,1,1,1,
182,896,181,181,180,178,176,1,1,1,1,1,
183,901,182,182,181,179,177,1,1,1,1,1,
184,906,183,183,182,180,178,1,1,1,1,1,
185,911,184,184,183,181,179,1,1,1,1,1,
186,916,185,185,184,182,180,1,1,1,1,1,
187,921,186,186,185,183,181,1,1,1,1,1,
188,926,187,187,186,184,182,1,1,1,1,1,
189,931,188,188,187,185,183,1,1,1,1,1,
190,936,189,189,188,186,184,1,1,1,1,1,
191,941,190,190,189,187,185,1,1,1,1,1,
192,946,191,191,190,188,186,1,1,1,1,1,
193,951,192,192,191,189,187,1,1,1,1,1,
194,956,193,193,192,190,188,1,1,1,1,1,
195,961,194,194,193,191,189,1,1,1,1,1,
196,966,195,195,194,192,190,1,1,1,1,1,
197,971,196,196,195,193,191,1,1,1,1,1,
198,976,197,197,196,194,192,1,1,1,1,1,
199,981,198,198,197,195,193,1,1,1,1,1,
200,986,199,199,198,196,194,1,1,1,1,1,
201,991,200,200,199,197,195,1,1,1,1,1,
202,996,201,201,200,198,196,1,1,1,1,1,
203,1001,202,202,201,199,197,1,1,1,1,1,
204,1006,203,203,202,200,198,1,1,1,1,1,
205,1011,204,204,203,201,199,1,1,1,1,1,
206,1016,205,205,204,202,200,1,1,1,1,1,
207,1021,206,206,205,203,201,1,1,1,1,1,
208,1026,207,207,206,204,202,1,1,1,1,1,
209,1031,208,208,207,205,203,1,1,1,1,1,
210,1036,209,209,208,206,204,1,1,1,1,1,
211,1041,210,210,209,207,205,1,1,1,1,1,
212,1046,211,211,210,208,206,1,1,1,1,1,
213,1051,212,212,211,209,207,1,1,1,1,1,
214,1056,213,213,212,210,208,1,1,1,1,1,
215,1061,214,214,213,211,209,1,1,1,1,1,
216,1066,215,215,214,212,210,1,1,1,1,1,
217,1071,216,216,215,213,211,1,1,1,1,1,
218,1076,217,217,216,214,212,1,1,1,1,1,
219,1081,218,218,217,215,213,1,1,1,1,1,
220,1086,219,219,218,216,214,1,1,1,1,1,
221,1091,220,220,219,217,215,1,1,1,1,1,
222,1096,221,221,220,218,216,1,1,1,1,1,
223,1101,222,222,221,219,217,1,1,1,1,1,
224,1106,223,223,222,220,218,1,1,1,1,1,
225,1111,224,224,223,221,219,1,1,1,1,1,
226,1116,225,225,224,222,220,1,1,1,1,1,
227,1121,226,226,225,223,221,1,1,1,1,1,
228,1126,227,227,226,224,222,1,1,1,1,1,
229,1131,228,228,227,225,223,1,1,1,1,1,
230,1136,229,229,228,226,224,1,1,1,1,1,
231,1141,230,230,229,227,225,1,1,1,1,1,
232,1146,231,231,230,228,226,1,1,1,1,1,
233,1151,232,232,231,229,227,1,1,1,1,1,
234,1156,233,233,232,230,228,1,1,1,1,1,
235,1161,234,234,233,231,229,1,1,1,1,1,
236,1166,235,235,234,232,230,1,1,1,1,1,
237,1171,236,236,235,233,231,1,1,1,1,1,
238,1176,237,237,236,234,232,1,1,1,1,1,
239,1181,238,238,237,235,233,1,1,1,1,1,
240,1186,239,239,238,236,234,1,1,1,1,1,
241,1191,240,240,239,237,235,1,1,1,1,1,
242,1196,241,241,240,238,236,1,1,1,1,1,
243,1201,242,242,241,239,237,1,1,1,1,1,
244,1206,243,243,242,240,238,1,1,1,1,1,
245,1211,244,244,243,241,239,1,1,1,1,1,
246,1216,245,245,244,242,240,1,1,1,1,1,
247,1221,246,246,245,243,241,1,1,1,1,1,
248,1226,247,247,246,244,242,1,1,1,1,1,
249,1231,248,248,247,245,243,1,1,1,1,1,
250,1236,249,249,248,246,244,1,1,1,1,1,
251,1241,250,250,249,247,245,1,1,1,1,1,
252,1246,251,251,250,248,246,1,1,1,1,1,
253,1251,252,252,251,249,247,1,1,1,1,1,
254,1256,253,253,252,250,248,1,1,1,1,1,
255,1261,254,254,253,251,249,1,1,1,1,1,
256,1266,255,255,254,252,250,1,1,1,1,1,
257,1271,256,256,255,253,251,1,1,1,1,1,
258,1276,257,257,256,254,252,1,1,1,1,1,
259,1281,258,258,257,255,253,1,1,1,1,1,
260,1286,259,259,258,256,254,1,1,1,1,1,
261,1291,260,260,259,257,255,1,1,1,1,1,
262,1296,261,261,260,258,256,1,1,1,1,1,
263,1301,262,262,261,259,257,1,1,1,1,1,
264,1306,263,263,262,260,258,1,1,1,1,1,
265,1311,264,264,263,261,259,1,1,1,1,1,
266,1316,265,265,264,262,260,1,1,1,1,1,
267,1321,266,266,265,263,261,1,1,1,1,1,
268,1326,267,267,266,264,262,1,1,1,1,1,
269,1331,268,268,267,265,263,1,1,1,1,1,
270,1336,269,269,268,266,264,1,1,1,1,1,
271,1341,270,270,269,267,265,1,1,1,1,1,
272,1346,271,271,270,268,266,1,1,1,1,1,
273,1351,272,272,271,269,267,1,1,1,1,1,
274,1356,273,273,272,270,268,1,1,1,1,1,
275,1361,274,274,273,271,269,1,1,1,1,1,
276,1366,275,275,274,272,270,1,1,1,1,1,
277,1371,276,276,275,273,271,1,1,1,1,1,
278,1376,277,277,276,274,272,1,1,1,1,1,
279,1381,278,278,277,275,273,1,1,1,1,1,
280,1386,279,279,278,276,274,1,1,1,1,1,
281,1391,280,280,279,277,275,1,1,1,1,1,
282,1396,281,281,280,278,276,1,1,1,1,1,
283,1401,282,282,281,279,277,1,1,1,1,1,
284,1406,283,283,282,280,278,1,1,1,1,1,
285,1411,284,284,283,281,279,1,1,1,1,1,
286,1416,285,285,284,282,280,1,1,1,1,1,
287,1421,286,286,285,283,281,1,1,1,1,1,
288,1426,287,287,286,284,282,1,1,1,1,1,
289,1431,288,288,287,285,283,1,1,1,1,1,
290,1436,289,289,288,286,284,1,1,1,1,1,
291,1441,290,290,289,287,285,1,1,1,1,1,
292,1446,291,291,290,288,286,1,1,1,1,1,
293,1451,292,292,291,289,287,1,1,1,1,1,
294,1456,293,293,292,290,288,1,1,1,1,1,
295,1461,294,294,293,291,289,1,1,1,1,1,
296,1466,295,295,294,292,290,1,1,1,1,1,
297,1471,296,296,295,293,291,1,1,1,1,1,
298,1476,297,297,296,294,292,1,1,1,1,1,
299,1481,298,298,297,295,293,1,1,1,1,1,
300,1486,299,299,298,296,294,1,1,1,1,1,
301,1491,300,300,299,297,295,1,1,1,1,1,
302,1496,301,301,300,298,296,1,1,1,1,1,
303,1501,302,302,301,299,297,1,1,1,1,1,
304,1506,303,303,302,300,298,1,1,1,1,1,
305,1511,304,304,303,301,299,1,1,1,1,1,
306,1516,305,305,304,302,300,1,1,1,1,1,
307,1521,306,306,305,303,301,1,1,1,1,1,
308,1526,307,307,306,304,302,1,1,1,1,1,
309,1531,308,308,307,305,303,1,1,1,1,1,
310,1536,309,309,308,306,304,1,1,1,1,1,
311,1541,310,310,309,307,305,1,1,1,1,1,
312,1546,311,311,310,308,306,1,1,1,1,1,
313,1551,312,312,311,309,307,1,1,1,1,1,
314,1556,313,313,312,310,308,1,1,1,1,1,
315,1561,314,314,313,311,309,1,1,1,1,1,
316,1566,315,315,314,312,310,1,1,1,1,1,
317,1571,316,316,315,313,311,1,1,1,1,1,
318,1576,317,317,316,314,312,1,1,1,1,1,
319,1581,318,318,317,315,313,1,1,1,1,1,
320,1586,319,319,318,316,314,1,1,1,1,1,
321,1591,320,320,319,317,315,1,1,1,1,1,
322,1596,321,321,320,318,316,1,1,1,1,1,
323,1601,322,322,321,319,317,1,1,1,1,1,
324,1606,323,323,322,320,318,1,1,1,1,1,
325,1611,324,324,323,321,319,1,1,1,1,1,
326,1616,325,325,324,322,320,1,1,1,1,1,
327,1621,326,326,325,323,321,1,1,1,1,1,
328,1626,327,327,326,324,322,1,1,1,1,1,
329,1631,328,328,327,325,323,1,1,1,1,1,
330,1636,329,329,328,326,324,1,1,1,1,1,
331,1641,330,330,329,327,325,1,1,1,1,1,
332,1646,331,331,330,328,326,1,1,1,1,1,
333,1651,332,332,331,329,327,1,1,1,1,1,
334,1656,333,333,332,330,328,1,1,1,1,1,
335,1661,334,334,333,331,329,1,1,1,1,1,
336,1666,335,335,334,332,330,1,1,1,1,1,
337,1671,336,336,335,333,331,1,1,1,1,1,
338,1676,337,337,336,334,332,1,1,1,1,1,
339,1681,338,338,337,335,333,1,1,1,1,1,
340,1686,339,339,338,336,334,1,1,1,1,1,
341,1691,340,340,339,337,335,1,1,1,1,1,
342,1696,341,341,340,338,336,1,1,1,1,1,
343,1701,342,342,341,339,337,1,1,1,1,1,
344,1706,343,343,342,340,338,1,1,1,1,1,
345,1711,344,344,343,341,339,1,1,1,1,1,
346,1716,345,345,344,342,340,1,1,1,1,1,
347,1721,346,346,345,343,341,1,1,1,1,1,
348,1726,347,347,346,344,342,1,1,1,1,1,
349,1731,348,348,347,345,343,1,1,1,1,1,
350,1736,349,349,348,346,344,1,1,1,1,1,
351,1741,350,350,349,347,345,1,1,1,1,1,
352,1746,351,351,350,348,346,1,1,1,1,1,
353,1751,352,352,351,349,347,1,1,1,1,1,
354,1756,353,353,352,350,348,1,1,1,1,1,
355,1761,354,354,353,351,349,1,1,1,1,1,
356,1766,355,355,354,352,350,1,1,1,1,1,
357,1771,356,356,355,353,351,1,1,1,1,1,
358,1776,357,357,356,354,352,1,1,1,1,1,
359,1781,358,358,357,355,353,1,1,1,1,1,
360,1786,359,359,358,356,354,1,1,1,1,1,
361,1791,360,360,359,357,355,1,1,1,1,1,
362,1796,361,361,360,358,356,1,1,1,1,1,
363,1801,362,362,361,359,357,1,1,1,1,1,
364,1806,363,363,362,360,358,1,1,1,1,1,
365,1811,364,364,363,361,359,1,1,1,1,1,
366,1816,365,365,364,362,360,1,1,1,1,1,
367,1821,366,366,365,363,361,1,1,1,1,1,
368,1826,367,367,366,364,362,1,1,1,1,1,
369,1831,368,368,367,365,363,1,1,1,1,1,
370,1836,369,369,368,366,364,1,1,1,1,1,
371,1841,370,370,369,367,365,1,1,1,1,1,
372,1846,371,371,370,368,366,1,1,1,1,1,
373,1851,372,372,371,369,367,1,1,1,1,1,
374,1856,373,373,372,370,368,1,1,1,1,1,
375,1861,374,374,373,371,369,1,1,1,1,1,
376,1866,375,375,374,372,370,1,1,1,1,1,
377,1871,376,376,375,373,371,1,1,1,1,1,
378,1876,377,377,376,374,372,1,1,1,1,1,
379,1881,378,378,377,375,373,1,1,1,1,1,
380,1886,379,379,378,376,374,1,1,1,1,1,
381,1891,380,380,379,377,375,1,1,1,1,1,
382,1896,381,381,380,378,376,1,1,1,1,1,
383,1901,382,382,381,379,377,1,1,1,1,1,
384,1906,383,383,382,380,378,1,1,1,1,1,
385,1911,384,384,383,381,379,1,1,1,1,1,
386,1916,385,385,384,382,380,1,1,1,1,1,
387,1921,386,386,385,383,381,1,1,1,1,1,
388,1926,387,387,386,384,382,1,1,1,1,1,
389,1931,388,388,387,385,383,1,1,1,1,1,
390,1936,389,389,388,386,384,1,1,1,1,1,
391,1941,390,390,389,387,385,1,1,1,1,1,
392,1946,391,391,390,388,386,1,1,1,1,1,
393,1951,392,392,391,389,387,1,1,1,1,1,
394,1956,393,393,392,390,388,1,1,1,1,1,
395,1961,394,394,393,391,389,1,1,1,1,1,
396,1966,395,395,394,392,390,1,1,1,1,1,
397,1971,396,396,395,393,391,1,1,1,1,1,
398,1976,397,397,396,394,392,1,1,1,1,1,
399,1981,398,398,397,395,393,1,1,1,1,1,
400,1986,399,399,398,396,394,1,1,1,1,1,
401,1991,400,400,399,397,395,1,1,1,1,1,
402,1996,401,401,400,398,396,1,1,1,1,1,
403,2001,402,402,401,399,397,1,1,1,1,1,
404,2006,403,403,402,400,398,1,1,1,1,1,
405,2011,404,404,403,401,399,1,1,1,1,1,
406,2016,405,405,404,402,400,1,1,1,1,1,
407,2021,406,406,405,403,401,1,1,1,1,1,
408,2026,407,407,406,404,402,1,1,1,1,1,
409,2031,408,408,407,405,403,1,1,1,1,1,
410,2036,409,409,408,406,404,1,1,1,1,1,
411,2041,410,410,409,407,405,1,1,1,1,1,
412,2046,411,411,410,408,406,1,1,1,1,1,
413,2051,412,412,411,409,407,1,1,1,1,1,
414,2056,413,413,412,410,408,1,1,1,1,1,
415,2061,414,414,413,411,409,1,1,1,1,1,
416,2066,415,415,414,412,410,1,1,1,1,1,
417,2071,416,416,415,413,411,1,1,1,1,1,
418,2076,417,417,416,414,412,1,1,1,1,1,
419,2081,418,418,417,415,413,1,1,1,1,1,
420,2086,419,419,418,416,414,1,1,1,1,1,
421,2091,420,420,419,417,415,1,1,1,1,1,
422,2096,421,421,420,418,416,1,1,1,1,1,
423,2101,422,422,421,419,417,1,1,1,1,1,
424,2106,423,423,422,420,418,1,1,1,1,1,
425,2111,424,424,423,421,419,1,1,1,1,1,
426,2116,425,425,424,422,420,1,1,1,1,1,
427,2121,426,426,425,423,421,1,1,1,1,1,
428,2126,427,427,426,424,422,1,1,1,1,1,
429,2131,428,428,427,425,423,1,1,1,1,1,
430,2136,429,429,428,426,424,1,1,1,1,1,
431,2141,430,430,429,427,425,1,1,1,1,1,
432,2146,431,431,430,428,426,1,1,1,1,1,
433,2151,432,432,431,429,427,1,1,1,1,1,
434,2156,433,433,432,430,428,1,1,1,1,1,
435,2161,434,434,433,431,429,1,1,1,1,1,
436,2166,435,435,434,432,430,1,1,1,1,1,
437,2171,436,436,435,433,431,1,1,1,1,1,
438,2176,437,437,436,434,432,1,1,1,1,1,
439,2181,438,438,437,435,433,1,1,1,1,1,
440,2186,439,439,438,436,434,1,1,1,1,1,
441,2191,440,440,439,437,435,1,1,1,1,1,
442,2196,441,441,440,438,436,1,1,1,1,1,
443,2201,442,442,441,439,437,1,1,1,1,1,
444,2206,443,443,442,440,438,1,1,1,1,1,
445,2211,444,444,443,441,439,1,1,1,1,1,
446,2216,445,445,444,442,440,1,1,1,1,1,
447,2221,446,446,445,443,441,1,1,1,1,1,
448,2226,447,447,446,444,442,1,1,1,1,1,
449,2231,448,448,447,445,443,1,1,1,1,1,
450,2236,449,449,448,446,444,1,1,1,1,1,
451,2241,450,450,449,447,445,1,1,1,1,1,
452,2246,451,451,450,448,446,1,1,1,1,1,
453,2251,452,452,451,449,447,1,1,1,1,1,
454,2256,453,453,452,450,448,1,1,1,1,1,
455,2261,454,454,453,451,449,1,1,1,1,1,
456,2266,455,455,454,452,450,1,1,1,1,1,
457,2271,456,456,455,453,451,1,1,1,1,1,
458,2276,457,457,456,454,452,1,1,1,1,1,
459,2281,458,458,457,455,453,1,1,1,1,1,
460,2286,459,459,458,456,454,1,1,1,1,1,
461,2291,460,460,459,457,455,1,1,1,1,1,
462,2296,461,461,460,458,456,1,1,1,1,1,
463,2301,462,462,461,459,457,1,1,1,1,1,
464,2306,463,463,462,460,458,1,1,1,1,1,
465,2311,464,464,463,461,459,1,1,1,1,1,
466,2316,465,465,464,462,460,1,1,1,1,1,
467,2321,466,466,465,463,461,1,1,1,1,1,
468,2326,467,467,466,464,462,1,1,1,1,1,
469,2331,468,468,467,465,463,1,1,1,1,1,
470,2336,469,469,468,466,464,1,1,1,1,1,
471,2341,470,470,469,467,465,1,1,1,1,1,
472,2346,471,471,470,468,466,1,1,1,1,1,
473,2350,472,471,471,469,467,1,0,1,1,1,
474,2354,473,471,472,470,468,1,1,1,1,1,
475,2359,474,472,473,471,469,1,1,1,1,1,
476,2364,475,473,474,472,470,1,1,1,1,1,
477,2369,476,474,475,473,471,1,1,1,1,1,
478,2374,477,475,476,474,472,1,1,1,1,1,
479,2379,478,476,477,475,473,1,1,1,1,1,
480,2384,479,477,478,476,474,1,1,1,1,1,
481,2389,480,478,479,477,475,1,1,1,1,1,
482,2394,481,479,480,478,476,1,1,1,1,1,
483,2399,482,480,481,479,477,1,1,1,1,1,
484,2404,483,481,482,480,478,1,1,1,1,1,
485,2409,484,482,483,481,479,1,1,1,1,1,
486,2414,485,483,484,482,480,1,1,1,1,1,
487,2419,486,484,485,483,481,1,1,1,1,1,
488,2424,487,485,486,484,482,1,1,1,1,1,
489,2429,488,486,487,485,483,1,1,1,1,1,
490,2434,489,487,488,486,484,1,1,1,1,1,
491,2439,490,488,489,487,485,1,1,1,1,1,
492,2444,491,489,490,488,486,1,1,1,1,1,
493,2449,492,490,491,489,487,1,1,1,1,1,
494,2454,493,491,492,490,488,1,1,1,1,1,
495,2459,494,492,493,491,489,1,1,1,1,1,
496,2464,495,493,494,492,490,1,1,1,1,1,
497,2469,496,494,495,493,491,1,1,1,1,1,
498,2474,497,495,496,494,492,1,1,1,1,1,
499,2479,498,496,497,495,493,1,1,1,1,1,
500,2484,499,497,498,496,494,1,1,1,1,1,
501,2489,500,498,499,497,495,1,1,1,1,1,
502,2494,501,499,500,498,496,1,1,1,1,1,
503,2499,502,500,501,499,497,1,1,1,1,1,
504,2504,503,501,502,500,498,1,1,1,1,1,
505,2509,504,502,503,501,499,1,1,1,1,1,
506,2514,505,503,504,502,500,1,1,1,1,1,
507,2519,506,504,505,503,501,1,1,1,1,1,
508,2524,507,505,506,504,502,1,1,1,1,1,
509,2529,508,506,507,505,503,1,1,1,1,1,
510,2534,509,507,508,506,504,1,1,1,1,1,
511,2539,510,508,509,507,505,1,1,1,1,1,
512,2544,511,509,510,508,506,1,1,1,1,1,
513,2549,512,510,511,509,507,1,1,1,1,1,
514,2554,513,511,512,510,508,1,1,1,1,1,
515,2559,514,512,513,511,509,1,1,1,1,1,
516,2564,515,513,514,512,510,1,1,1,1,1,
517,2569,516,514,515,513,511,1,1,1,1,1,
518,2574,517,515,516,514,512,1,1,1,1,1,
519,2579,518,516,517,515,513,1,1,1,1,1,
520,2584,519,517,518,516,514,1,1,1,1,1,
521,2589,520,518,519,517,515,1,1,1,1,1,
522,2594,521,519,520,518,516,1,1,1,1,1,
523,2599,522,520,521,519,517,1,1,1,1,1,
524,2604,523,521,522,520,518,1,1,1,1,1,
525,2609,524,522,523,521,519,1,1,1,1,1,
526,2614,525,523,524,522,520,1,1,1,1,1,
527,2619,526,524,525,523,521,1,1,1,1,1,
528,2624,527,525,526,524,522,1,1,1,1,1,
529,2629,528,526,527,525,523,1,1,1,1,1,
530,2634,529,527,528,526,524,1,1,1,1,1,
531,2639,530,528,529,527,525,1,1,1,1,1,
532,2644,531,529,530,528,526,1,1,1,1,1,
533,2649,532,530,531,529,527,1,1,1,1,1,
534,2654,533,531,532,530,528,1,1,1,1,1,
535,2659,534,532,533,531,529,1,1,1,1,1,
536,2664,535,533,534,532,530,1,1,1,1,1,
537,2669,536,534,535,533,531,1,1,1,1,1,
538,2674,537,535,536,534,532,1,1,1,1,1,
539,2679,538,536,537,535,533,1,1,1,1,1,
540,2684,539,537,538,536,534,1,1,1,1,1,
541,2689,540,538,539,537,535,1,1,1,1,1,
542,2694,541,539,540,538,536,1,1,1,1,1,
543,2699,542,540,541,539,537,1,1,1,1,1,
544,2704,543,541,542,540,538,1,1,1,1,1,
545,2709,544,542,543,541,539,1,1,1,1,1,
546,2713,545,543,544,542,539,1,1,1,1,0,
547,2717,546,544,545,543,539,1,1,1,1,0,
548,2721,547,545,546,544,539,1,1,1,1,0,
549,2725,548,546,547,545,539,1,1,1,1,1,
550,2730,549,547,548,546,540,1,1,1,1,1,
551,2735,550,548,549,547,541,1,1,1,1,1,
552,2740,551,549,550,548,542,1,1,1,1,1,
553,2745,552,550,551,549,543,1,1,1,1,1,
554,2750,553,551,552,550,544,1,1,1,1,1,
555,2755,554,552,553,551,545,1,1,1,1,1,
556,2760,555,553,554,552,546,1,1,1,1,1,
557,2765,556,554,555,553,547,1,1,1,1,1,
558,2770,557,555,556,554,548,1,1,1,1,1,
559,2775,558,556,557,555,549,1,1,1,1,1,
560,2780,559,557,558,556,550,1,1,1,1,1,
561,2785,560,558,559,557,551,1,1,1,1,1,
562,2790,561,559,560,558,552,1,1,1,1,1,
563,2795,562,560,561,559,553,1,1,1,1,1,
564,2800,563,561,562,560,554,1,1,1,1,1,
565,2805,564,562,563,561,555,1,1,1,1,1,
566,2810,565,563,564,562,556,1,1,1,1,1,
567,2815,566,564,565,563,557,1,1,1,1,1,
568,2820,567,565,566,564,558,1,1,1,1,1,
569,2825,568,566,567,565,559,1,1,1,1,1,
570,2830,569,567,568,566,560,1,1,1,1,1,
571,2835,570,568,569,567,561,1,1,1,1,1,
572,2840,571,569,570,568,562,1,1,1,1,1,
573,2845,572,570,571,569,563,1,1,1,1,1,
574,2850,573,571,572,570,564,1,1,1,1,1,
575,2855,574,572,573,571,565,1,1,1,1,1,
576,2860,575,573,574,572,566,1,1,1,1,1,
577,2865,576,574,575,573,567,1,1,1,1,1,
578,2870,577,575,576,574,568,1,1,1,1,1,
579,2875,578,576,577,575,569,1,1,1,1,1,
580,2880,579,577,578,576,570,1,1,1,1,1,
581,2885,580,578,579,577,571,1,1,1,1,1,
582,2890,581,579,580,578,572,1,1,1,1,1,
583,2895,582,580,581,579,573,1,1,1,1,1,
584,2900,583,581,582,580,574,1,1,1,1,1,
585,2905,584,582,583,581,575,1,1,1,1,1,
586,2910,585,583,584,582,576,1,1,1,1,1,
587,2915,586,584,585,583,577,1,1,1,1,1,
588,2920,587,585,586,584,578,1,1,1,1,1,
589,2925,588,586,587,585,579,1,1,1,1,1,
590,2930,589,587,588,586,580,1,1,1,1,1,
591,2935,590,588,589,587,581,1,1,1,1,1,
592,2940,591,589,590,588,582,1,1,1,1,1,
593,2945,592,590,591,589,583,1,1,1,1,1,
594,2950,593,591,592,590,584,1,1,1,1,1,
595,2955,594,592,593,591,585,1,1,1,1,1,
596,2960,595,593,594,592,586,1,1,1,1,1,
597,2965,596,594,595,593,587,1,1,1,1,1,
598,2970,597,595,596,594,588,1,1,1,1,1,
599,2975,598,596,597,595,589,1,1,1,1,1,
600,2980,599,597,598,596,590,1,1,1,1,1,
601,2985,600,598,599,597,591,1,1,1,1,1,
602,2990,601,599,600,598,592,1,1,1,1,1,
603,2995,602,600,601,599,593,1,1,1,1,1,
604,3000,603,601,602,600,594,1,1,1,1,1,
605,3005,604,602,603,601,595,1,1,1,1,1,
606,3009,605,603,604,601,596,1,1,1,1,1,
607,3014,606,604,605,602,597,1,1,1,1,1,
608,3019,607,605,606,603,598,1,1,1,1,1,
609,3024,608,606,607,604,599,1,1,1,1,1,
610,3029,609,607,608,605,600,1,1,1,1,1,
611,3034,610,608,609,606,601,1,1,1,1,1,
612,3039,611,609,610,607,602,1,1,1,1,1,
613,3044,612,610,611,608,603,1,1,1,1,1,
614,3049,613,611,612,609,604,1,1,1,1,1,
615,3054,614,612,613,610,605,1,1,1,1,1,
616,3059,615,613,614,611,606,1,1,1,1,1,
617,3064,616,614,615,612,607,1,1,1,1,1,
618,3069,617,615,616,613,608,1,1,1,1,1,
619,3074,618,616,617,614,609,1,1,1,1,1,
620,3079,619,617,618,615,610,1,1,1,1,1,
621,3084,620,618,619,616,611,1,1,1,1,1,
622,3089,621,619,620,617,612,1,1,1,1,1,
623,3094,622,620,621,618,613,1,1,1,1,1,
624,3099,623,621,622,619,614,1,1,1,1,1,
625,3104,624,622,623,620,615,1,1,1,1,1,
626,3109,625,623,624,621,616,1,1,1,1,1,
627,3114,626,624,625,622,617,1,1,1,1,1,
628,3118,627,624,626,623,618,1,0,1,1,1,
629,3122,628,624,627,624,619,1,1,1,1,1,
630,3127,629,625,628,625,620,1,1,1,1,1,
631,3132,630,626,629,626,621,1,1,1,1,1,
632,3137,631,627,630,627,622,1,1,1,1,1,
633,3142,632,628,631,628,623,1,1,1,1,1,
634,3147,633,629,632,629,624,1,1,1,1,1,
635,3152,634,630,633,630,625,1,1,1,1,1,
636,3157,635,631,634,631,626,1,1,1,1,1,
637,3162,636,632,635,632,627,1,1,1,1,1,
638,3167,637,633,636,633,628,1,1,1,1,1,
639,3172,638,634,637,634,629,1,1,1,1,1,
640,3177,639,635,638,635,630,1,1,1,1,1,
641,3182,640,636,639,636,631,1,1,1,1,1,
642,3187,641,637,640,637,632,1,1,1,1,1,
643,3192,642,638,641,638,633,1,1,1,1,1,
644,3197,643,639,642,639,634,1,1,1,1,1,
645,3202,644,640,643,640,635,1,1,1,1,1,
646,3207,645,641,644,641,636,1,1,1,1,1,
647,3212,646,642,645,642,637,1,1,1,1,1,
648,3217,647,643,646,643,638,1,1,1,1,1,
649,3222,648,644,647,644,639,1,1,1,1,1,
650,3227,649,645,648,645,640,1,1,1,1,1,
651,3232,650,646,649,646,641,1,1,1,1,1,
652,3237,651,647,650,647,642,1,1,1,1,1,
653,3242,652,648,651,648,643,1,1,1,1,1,
654,3247,653,649,652,649,644,1,1,1,1,1,
655,3252,654,650,653,650,645,1,1,1,1,1,
656,3257,655,651,654,651,646,1,1,1,1,1,
657,3262,656,652,655,652,647,1,1,1,1,1,
658,3266,657,652,656,653,648,1,1,1,1,1,
659,3271,658,653,657,654,649,1,1,1,1,1,
660,3276,659,654,658,655,650,1,1,1,1,1,
661,3281,660,655,659,656,651,1,1,1,1,1,
662,3286,661,656,660,657,652,1,1,1,1,1,
663,3291,662,657,661,658,653,1,1,1,1,1,
664,3296,663,658,662,659,654,1,1,1,1,1,
665,3301,664,659,663,660,655,1,1,1,1,1,
666,3306,665,660,664,661,656,1,1,1,1,1,
667,3311,666,661,665,662,657,1,1,1,1,1,
668,3316,667,662,666,663,658,1,1,1,1,1,
669,3321,668,663,667,664,659,1,1,1,1,1,
670,3326,669,664,668,665,660,1,1,1,1,1,
671,3331,670,665,669,666,661,1,1,1,1,1,
672,3336,671,666,670,667,662,1,1,1,1,1,
673,3341,672,667,671,668,663,1,1,1,1,1,
674,3346,673,668,672,669,664,1,1,1,1,1,
675,3351,674,669,673,670,665,1,1,1,1,1,
676,3356,675,670,674,671,666,1,1,1,1,1,
677,3361,676,671,675,672,667,1,1,1,1,1,
678,3366,677,672,676,673,668,1,1,1,1,1,
679,3370,678,672,677,674,669,1,0,1,1,1,
680,3374,679,672,678,675,670,1,0,1,1,1,
681,3378,680,672,679,676,671,1,1,1,1,1,
682,3383,681,673,680,677,672,1,1,1,1,1,
683,3388,682,674,681,678,673,1,1,1,1,1,
684,3393,683,675,682,679,674,1,1,1,1,1,
685,3398,684,676,683,680,675,1,1,1,1,1,
686,3402,685,676,684,681,676,1,0,1,1,1,
687,3406,686,676,685,682,677,1,1,1,1,1,
688,3411,687,677,686,683,678,1,1,1,1,1,
689,3416,688,678,687,684,679,1,1,1,1,1,
690,3421,689,679,688,685,680,1,1,1,1,1,
691,3426,690,680,689,686,681,1,1,1,1,1,
692,3431,691,681,690,687,682,1,1,1,1,1,
693,3435,692,682,691,688,682,1,1,1,1,0,
694,3439,693,683,692,689,682,1,1,1,1,1,
695,3444,694,684,693,690,683,1,1,1,1,1,
696,3449,695,685,694,691,684,1,1,1,1,1,
697,3454,696,686,695,692,685,1,1,1,1,1,
698,3459,697,687,696,693,686,1,1,1,1,1,
699,3464,698,688,697,694,687,1,1,1,1,1,
700,3468,699,688,698,695,688,1,0,1,1,1,
701,3472,700,688,699,696,689,1,0,1,1,1,
702,3476,701,688,700,697,690,1,0,1,1,1,
703,3480,702,688,701,698,691,1,0,1,1,1,
704,3484,703,688,702,699,692,1,0,1,1,1,
705,3488,704,688,703,700,693,1,0,1,1,1,
706,3492,705,688,704,701,694,1,0,1,1,1,
707,3496,706,688,705,702,695,1,0,1,1,1,
708,3500,707,688,706,703,696,1,0,1,1,1,
709,3504,708,688,707,704,697,1,0,1,1,1,
710,3508,709,688,708,705,698,1,0,1,1,1,
711,3512,710,688,709,706,699,1,0,1,1,1,
712,3516,711,688,710,707,700,1,0,1,1,1,
713,3520,712,688,711,708,701,1,0,1,1,1,
714,3524,713,688,712,709,702,1,0,1,1,1,
715,3528,714,688,713,710,703,1,1,1,1,1,
716,3533,715,689,714,711,704,1,1,1,1,1,
717,3538,716,690,715,712,705,1,1,1,1,1,
718,3542,717,690,716,713,706,1,1,1,1,1,
719,3547,718,691,717,714,707,1,1,1,1,1,
720,3552,719,692,718,715,708,1,1,1,1,1,
721,3557,720,693,719,716,709,1,1,1,1,1,
722,3562,721,694,720,717,710,1,1,1,1,1,
723,3567,722,695,721,718,711,1,1,1,1,1,
724,3572,723,696,722,719,712,1,1,1,1,1,
725,3577,724,697,723,720,713,1,1,1,1,1,
726,3582,725,698,724,721,714,1,1,1,1,1,
727,3587,726,699,725,722,715,1,1,1,1,1,
728,3592,727,700,726,723,716,1,1,1,1,1,
729,3597,728,701,727,724,717,1,1,1,1,1,
730,3602,729,702,728,725,718,1,1,1,1,1,
731,3607,730,703,729,726,719,1,1,1,1,1,
732,3612,731,704,730,727,720,1,1,1,1,1,
733,3617,732,705,731,728,721,1,1,1,1,1,
734,3622,733,706,732,729,722,1,1,1,1,1,
735,3627,734,707,733,730,723,1,1,1,1,1,
736,3632,735,708,734,731,724,1,1,1,1,1,
737,3637,736,709,735,732,725,1,1,1,1,1,
738,3642,737,710,736,733,726,1,1,1,1,1,
739,3647,738,711,737,734,727,1,1,1,1,1,
740,3652,739,712,738,735,728,1,1,1,1,1,
741,3657,740,713,739,736,729,1,1,1,1,1,
742,3662,741,714,740,737,730,1,1,1,1,1,
743,3667,742,715,741,738,731,1,1,1,1,1,
744,3672,743,716,742,739,732,1,1,1,1,1,
745,3677,744,717,743,740,733,1,1,1,1,1,
746,3682,745,718,744,741,734,1,1,1,1,1,
747,3687,746,719,745,742,735,1,1,1,1,1,
748,3692,747,720,746,743,736,1,1,1,1,1,
749,3697,748,721,747,744,737,1,1,1,1,1,
750,3702,749,722,748,745,738,1,1,1,1,1,
751,3707,750,723,749,746,739,1,1,1,1,1,
752,3712,751,724,750,747,740,1,1,1,1,1,
753,3717,752,725,751,748,741,1,1,1,1,1,
754,3722,753,726,752,749,742,1,1,1,1,1,
755,3727,754,727,753,750,743,1,1,1,1,1,
756,3732,755,728,754,751,744,1,1,1,1,1,
757,3737,756,729,755,752,745,1,1,1,1,1,
758,3742,757,730,756,753,746,1,1,1,1,1,
759,3747,758,731,757,754,747,1,1,1,1,1,
760,3752,759,732,758,755,748,1,1,1,1,1,
761,3757,760,733,759,756,749,1,1,1,1,1,
762,3762,761,734,760,757,750,1,1,1,1,1,
763,3767,762,735,761,758,751,1,1,1,1,1,
764,3772,763,736,762,759,752,1,1,1,1,1,
765,3777,764,737,763,760,753,1,1,1,1,1,
766,3781,765,737,764,761,754,1,1,1,1,1,
767,3786,766,738,765,762,755,1,1,1,1,1,
768,3791,767,739,766,763,756,1,1,1,1,1,
769,3795,768,739,767,764,757,1,1,1,1,1,
770,3800,769,740,768,765,758,1,1,1,1,1,
771,3805,770,741,769,766,759,1,1,1,1,1,
772,3810,771,742,770,767,760,1,1,1,1,1,
773,3815,772,743,771,768,761,1,1,1,1,1,
774,3820,773,744,772,769,762,1,1,1,1,1,
775,3825,774,745,773,770,763,1,1,1,1,1,
776,3830,775,746,774,771,764,1,1,1,1,1,
777,3835,776,747,775,772,765,1,1,1,1,1,
778,3840,777,748,776,773,766,1,1,1,1,1,
779,3845,778,749,777,774,767,1,1,1,1,1,
780,3850,779,750,778,775,768,1,1,1,1,1,
781,3855,780,751,779,776,769,1,1,1,1,1,
782,3860,781,752,780,777,770,1,1,1,1,1,
783,3865,782,753,781,778,771,1,1,1,1,1,
784,3870,783,754,782,779,772,1,1,1,1,1,
785,3875,784,755,783,780,773,1,1,1,1,1,
786,3880,785,756,784,781,774,1,1,1,1,1,
787,3885,786,757,785,782,775,1,1,1,1,1,
788,3890,787,758,786,783,776,1,1,1,1,1,
789,3895,788,759,787,784,777,1,1,1,1,1,
790,3900,789,760,788,785,778,1,1,1,1,1,
791,3905,790,761,789,786,779,1,1,1,1,1,
792,3910,791,762,790,787,780,1,1,1,1,1,
793,3915,792,763,791,788,781,1,1,1,1,1,
794,3919,793,763,792,789,782,1,0,1,1,1,
795,3923,794,763,793,790,783,1,1,1,1,1,
796,3928,795,764,794,791,784,1,1,1,1,1,
797,3933,796,765,795,792,785,1,1,1,1,1,
798,3937,797,765,796,793,786,1,1,1,1,1,
799,3942,798,766,797,794,787,1,1,1,1,1,
800,3947,799,767,798,795,788,1,1,1,1,1,
801,3951,800,767,799,796,789,1,0,1,1,1,
802,3955,801,767,800,797,790,1,1,1,1,1,
803,3960,802,768,801,798,791,1,1,1,1,1,
804,3965,803,769,802,799,792,1,1,1,1,1,
805,3969,804,769,803,800,793,1,1,1,1,1,
806,3974,805,770,804,801,794,1,1,1,1,1,
807,3979,806,771,805,802,795,1,1,1,1,1,
808,3984,807,772,806,803,796,1,1,1,1,1,
809,3989,808,773,807,804,797,1,1,1,1,1,
810,3994,809,774,808,805,798,1,1,1,1,1,
811,3999,810,775,809,806,799,1,1,1,1,1,
812,4003,811,775,810,807,800,1,1,1,1,1,
813,4008,812,776,811,808,801,1,1,1,1,1,
814,4013,813,777,812,809,802,1,1,1,1,1,
815,4017,814,777,813,810,803,1,0,1,1,1,
816,4021,815,777,814,811,804,1,0,1,1,1,
817,4025,816,777,815,812,805,1,0,1,1,1,
818,4029,817,777,816,813,806,1,0,1,1,1,
819,4033,818,777,817,814,807,1,1,1,1,1,
820,4038,819,778,818,815,808,1,1,1,1,1,
821,4043,820,779,819,816,809,1,1,1,1,1,
822,4048,821,780,820,817,810,1,1,1,1,1,
823,4053,822,781,821,818,811,1,1,1,1,1,
824,4058,823,782,822,819,812,1,1,1,1,1,
825,4063,824,783,823,820,813,1,1,1,1,1,
826,4068,825,784,824,821,814,1,1,1,1,1,
827,4073,826,785,825,822,815,1,1,1,1,1,
828,4078,827,786,826,823,816,1,1,1,1,1,
829,4083,828,787,827,824,817,1,1,1,1,1,
830,4088,829,788,828,825,818,1,1,1,1,1,
831,4093,830,789,829,826,819,1,1,1,1,1,
832,4098,831,790,830,827,820,1,1,1,1,1,
833,4103,832,791,831,828,821,1,1,1,1,1,
834,4108,833,792,832,829,822,1,1,1,1,1,
835,4113,834,793,833,830,823,1,1,1,1,1,
836,4118,835,794,834,831,824,1,1,1,1,1,
837,4123,836,795,835,832,825,1,1,1,1,1,
838,4128,837,796,836,833,826,1,1,1,1,1,
839,4133,838,797,837,834,827,1,1,1,1,1,
840,4138,839,798,838,835,828,1,1,1,1,1,
841,4143,840,799,839,836,829,1,1,1,1,1,
842,4148,841,800,840,837,830,1,1,1,1,1,
843,4153,842,801,841,838,831,1,1,1,1,1,
844,4158,843,802,842,839,832,1,1,1,1,1,
845,4163,844,803,843,840,833,1,1,1,1,1,
846,4168,845,804,844,841,834,1,1,1,1,1,
847,4173,846,805,845,842,835,1,1,1,1,1,
848,4178,847,806,846,843,836,1,1,1,1,1,
849,4183,848,807,847,844,837,1,1,1,1,1,
850,4188,849,808,848,845,838,1,1,1,1,1,
851,4193,850,809,849,846,839,1,1,1,1,1,
852,4198,851,810,850,847,840,1,1,1,1,1,
853,4203,852,811,851,848,841,1,1,1,1,1,
854,4208,853,812,852,849,842,1,1,1,1,1,
855,4213,854,813,853,850,843,1,1,1,1,1,
856,4218,855,814,854,851,844,1,1,1,1,1,
857,4223,856,815,855,852,845,1,1,1,1,1,
858,4228,857,816,856,853,846,1,1,1,1,1,
859,4233,858,817,857,854,847,1,1,1,1,1,
860,4238,859,818,858,855,848,1,1,1,1,1,
861,4243,860,819,859,856,849,1,1,1,1,1,
862,4248,861,820,860,857,850,1,1,1,1,1,
863,4253,862,821,861,858,851,1,1,1,1,1,
864,4258,863,822,862,859,852,1,1,1,1,1,
865,4263,864,823,863,860,853,1,1,1,1,1,
866,4268,865,824,864,861,854,1,1,1,1,1,
867,4273,866,825,865,862,855,1,1,1,1,1,
868,4278,867,826,866,863,856,1,1,1,1,1,
869,4283,868,827,867,864,857,1,1,1,1,1,
870,4288,869,828,868,865,858,1,1,1,1,1,
871,4293,870,829,869,866,859,1,1,1,1,1,
872,4298,871,830,870,867,860,1,1,1,1,1,
873,4303,872,831,871,868,861,1,1,1,1,1,
874,4308,873,832,872,869,862,1,1,1,1,1,
875,4313,874,833,873,870,863,1,1,1,1,1,
876,4318,875,834,874,871,864,1,1,1,1,1,
877,4323,876,835,875,872,865,1,1,1,1,1,
878,4328,877,836,876,873,866,1,1,1,1,1,
879,4333,878,837,877,874,867,1,1,1,1,1,
880,4338,879,838,878,875,868,1,1,1,1,1,
881,4343,880,839,879,876,869,1,1,1,1,1,
882,4348,881,840,880,877,870,1,1,1,1,1,
883,4353,882,841,881,878,871,1,1,1,1,1,
884,4358,883,842,882,879,872,1,1,1,1,1,
885,4363,884,843,883,880,873,1,1,1,1,1,
886,4368,885,844,884,881,874,1,1,1,1,1,
887,4373,886,845,885,882,875,1,1,1,1,1,
888,4378,887,846,886,883,876,1,1,1,1,1,
889,4383,888,847,887,884,877,1,1,1,1,1,
890,4388,889,848,888,885,878,1,1,1,1,1,
891,4393,890,849,889,886,879,1,1,1,1,1,
892,4398,891,850,890,887,880,1,1,1,1,1,
893,4403,892,851,891,888,881,1,1,1,1,1,
894,4408,893,852,892,889,882,1,1,1,1,1,
895,4413,894,853,893,890,883,1,1,1,1,1,
896,4418,895,854,894,891,884,1,1,1,1,1,
897,4423,896,855,895,892,885,1,1,1,1,1,
898,4428,897,856,896,893,886,1,1,1,1,1,
899,4433,898,857,897,894,887,1,1,1,1,1,
900,4438,899,858,898,895,888,1,1,1,1,1,
901,4443,900,859,899,896,889,1,1,1,1,1,
902,4448,901,860,900,897,890,1,1,1,1,1,
903,4453,902,861,901,898,891,1,1,1,1,1,
904,4458,903,862,902,899,892,1,1,1,1,1,
905,4463,904,863,903,900,893,1,1,1,1,1,
906,4468,905,864,904,901,894,1,1,1,1,1,
907,4473,906,865,905,902,895,1,1,1,1,1,
908,4478,907,866,906,903,896,1,1,1,1,1,
909,4483,908,867,907,904,897,1,1,1,1,1,
910,4488,909,868,908,905,898,1,1,1,1,1,
911,4493,910,869,909,906,899,1,1,1,1,1,
912,4498,911,870,910,907,900,1,1,1,1,1,
913,4503,912,871,911,908,901,1,1,1,1,1,
Completed in 913 rounds.
Completed in 75.1368 ms
