ROUND,TASKS COMPLETED,worker0 tasks,worker1 tasks,worker2 tasks,worker3 tasks,worker4 tasks,worker5 tasks,worker6 tasks,worker7 tasks,worker8 tasks,worker9 tasks,worker10 tasks,worker11 tasks,worker12 tasks,worker13 tasks,worker14 tasks,worker15 tasks,worker16 tasks,worker17 tasks,worker18 tasks,worker19 tasks,worker0 running,worker1 running,worker2 running,worker3 running,worker4 running,worker5 running,worker6 running,worker7 running,worker8 running,worker9 running,worker10 running,worker11 running,worker12 running,worker13 running,worker14 running,worker15 running,worker16 running,worker17 running,worker18 running,worker19 running,
1,0,0,0,0,0,0,0,0,0,0,0,0,0,0,0,0,0,0,0,0,0,1,0,0,0,0,0,0,0,0,0,0,0,0,0,1,0,0,0,0,0,
2,2,1,0,0,0,0,0,0,0,0,0,0,0,0,0,1,0,0,0,0,0,1,0,0,0,0,0,0,0,0,0,0,0,0,0,1,0,0,0,1,0,
3,5,2,0,0,0,0,0,0,0,0,0,0,0,0,0,2,0,0,0,1,0,1,0,0,0,0,0,0,0,0,0,0,0,0,0,1,0,0,0,1,1,
4,9,3,0,0,0,0,0,0,0,0,0,0,0,0,0,3,0,0,0,2,1,1,0,0,0,0,1,0,0,0,0,0,0,1,0,1,0,1,1,1,1,
5,17,4,0,0,0,0,1,0,0,0,0,0,0,1,0,4,0,1,1,3,2,1,0,0,0,0,1,0,0,0,0,0,0,1,0,1,0,1,1,1,1,
6,24,5,0,0,0,0,1,0,0,0,0,0,0,2,0,5,0,2,2,4,3,1,1,0,1,0,0,0,1,0,1,1,0,1,0,1,0,1,1,1,1,
7,35,5,1,0,1,0,1,0,1,0,1,1,0,3,0,6,0,3,3,5,4,0,1,0,1,0,1,1,1,1,1,1,1,1,1,1,0,1,1,1,1,
8,50,5,2,0,1,0,2,1,2,1,2,2,1,4,1,7,0,4,4,6,5,1,1,0,0,0,1,1,1,1,1,1,1,1,1,1,1,1,1,1,1,
9,66,6,3,0,1,0,3,2,3,2,3,3,2,5,2,8,1,4,5,7,6,1,1,0,0,1,1,1,1,1,1,1,1,1,1,1,1,1,1,1,1,
10,84,7,4,0,1,1,4,3,4,3,4,4,3,6,3,9,2,5,6,8,7,1,1,0,0,1,1,1,1,1,1,1,1,1,1,1,1,1,1,1,1,
11,103,8,5,0,2,2,5,4,5,4,5,5,4,7,4,10,3,6,7,9,8,1,1,1,1,1,1,1,1,1,1,1,1,1,1,1,1,1,1,1,1,
12,123,9,6,1,3,3,6,5,6,5,6,6,5,8,5,11,4,7,8,10,9,1,1,1,1,1,1,1,1,1,1,1,1,1,1,1,1,1,1,1,1,
13,143,10,7,2,4,4,7,6,7,6,7,7,6,9,6,12,5,8,9,11,10,1,1,1,1,1,1,1,1,1,1,1,1,1,1,1,1,1,1,1,1,
14,163,11,8,3,5,5,8,7,8,7,8,8,7,10,7,13,6,9,10,12,11,1,1,1,1,1,1,1,1,1,1,1,1,1,1,1,1,1,1,1,1,
15,183,12,9,4,6,6,9,8,9,8,9,9,8,11,8,14,7,10,11,13,12,1,1,1,1,1,1,1,1,1,1,1,1,1,1,1,1,1,1,1,1,
16,203,13,10,5,7,7,10,9,10,9,10,10,9,12,9,15,8,11,12,14,13,1,1,1,1,1,1,1,1,1,1,1,1,1,1,1,1,1,1,1,1,
17,223,14,11,6,8,8,11,10,11,10,11,11,10,13,10,16,9,12,13,15,14,1,1,1,1,1,1,1,1,1,1,1,1,1,1,1,1,1,1,1,1,
18,243,15,12,7,9,9,12,11,12,11,12,12,11,14,11,17,10,13,14,16,15,1,1,1,1,1,1,1,1,1,1,1,1,1,1,1,1,1,1,1,1,
19,263,16,13,8,10,10,13,12,13,12,13,13,12,15,12,18,11,14,15,17,16,1,1,1,1,1,1,1,1,1,1,1,1,1,1,1,1,1,1,1,1,
20,283,17,14,9,11,11,14,13,14,13,14,14,13,16,13,19,12,15,16,18,17,1,1,1,1,1,1,1,1,1,1,1,1,1,1,1,1,1,1,1,1,
21,303,18,15,10,12,12,15,14,15,14,15,15,14,17,14,20,13,16,17,19,18,1,1,1,1,1,1,1,1,1,1,1,1,1,1,1,1,1,1,1,1,
22,323,19,16,11,13,13,16,15,16,15,16,16,15,18,15,21,14,17,18,20,19,1,1,1,1,1,1,1,1,1,1,1,1,1,1,1,1,1,1,1,1,
23,343,20,17,12,14,14,17,16,17,16,17,17,16,19,16,22,15,18,19,21,20,1,1,1,1,1,1,1,1,1,1,1,1,1,1,1,1,1,1,1,1,
24,362,21,18,12,15,15,18,17,18,17,18,18,17,20,17,23,16,19,20,22,21,1,1,0,1,1,1,1,1,1,1,1,1,1,1,1,1,1,1,1,1,
25,381,22,19,12,16,16,19,18,19,18,19,19,18,21,18,24,17,20,21,23,22,1,1,0,1,1,1,1,1,1,1,1,1,1,1,1,1,1,1,1,1,
26,400,23,20,12,17,17,20,19,20,19,20,20,19,22,19,25,18,21,22,24,23,1,1,1,1,1,1,1,1,1,1,1,1,1,1,1,1,1,1,1,1,
27,420,24,21,13,18,18,21,20,21,20,21,21,20,23,20,26,19,22,23,25,24,1,1,1,1,1,1,1,1,1,1,1,1,1,1,1,1,1,1,1,1,
28,440,25,22,14,19,19,22,21,22,21,22,22,21,24,21,27,20,23,24,26,25,1,1,1,1,1,1,1,1,1,1,1,1,1,1,1,1,1,1,1,1,
29,460,26,23,15,20,20,23,22,23,22,23,23,22,25,22,28,21,24,25,27,26,1,1,1,1,1,1,1,1,1,1,1,1,1,1,1,1,1,1,1,1,
30,480,27,24,16,21,21,24,23,24,23,24,24,23,26,23,29,22,25,26,28,27,1,1,1,1,1,1,1,1,1,1,1,1,1,1,1,1,1,1,1,1,
31,499,28,25,17,22,21,25,24,25,24,25,25,24,27,24,30,23,26,27,29,28,1,1,1,1,1,1,1,1,1,1,1,1,1,1,1,1,1,1,1,1,
32,518,29,26,17,23,22,26,25,26,25,26,26,25,28,25,31,24,27,28,30,29,1,1,0,1,1,1,1,1,1,1,1,1,1,1,1,1,1,1,1,1,
33,537,30,27,17,24,23,27,26,27,26,27,27,26,29,26,32,25,28,29,31,30,1,1,0,1,1,1,1,1,1,1,1,1,1,1,1,1,1,1,1,1,
34,556,31,28,17,25,24,28,27,28,27,28,28,27,30,27,33,26,29,30,32,31,1,1,0,1,1,1,1,1,1,1,1,1,1,1,1,1,1,1,1,1,
35,575,32,29,17,26,25,29,28,29,28,29,29,28,31,28,34,27,30,31,33,32,1,1,1,1,1,1,1,1,1,1,1,1,1,1,1,1,1,1,1,1,
36,595,33,30,18,27,26,30,29,30,29,30,30,29,32,29,35,28,31,32,34,33,1,1,1,1,1,1,1,1,1,1,1,1,1,1,1,1,1,1,1,1,
37,615,34,31,19,28,27,31,30,31,30,31,31,30,33,30,36,29,32,33,35,34,1,1,1,1,1,1,1,1,1,1,1,1,1,1,1,1,1,1,1,1,
38,635,35,32,20,29,28,32,31,32,31,32,32,31,34,31,37,30,33,34,36,35,1,1,1,1,1,1,1,1,1,1,1,1,1,1,1,1,1,1,1,1,
39,655,36,33,21,30,29,33,32,33,32,33,33,32,35,32,38,31,34,35,37,36,1,1,1,1,1,1,1,1,1,1,1,1,1,1,1,1,1,1,1,1,
40,675,37,34,22,31,30,34,33,34,33,34,34,33,36,33,39,32,35,36,38,37,1,1,1,1,1,1,1,1,1,1,1,1,1,1,1,1,1,1,1,1,
41,695,38,35,23,32,31,35,34,35,34,35,35,34,37,34,40,33,36,37,39,38,1,1,1,1,1,1,1,1,1,1,1,1,1,1,1,1,1,1,1,1,
42,715,39,36,24,33,32,36,35,36,35,36,36,35,38,35,41,34,37,38,40,39,1,1,1,1,1,1,1,1,1,1,1,1,1,1,1,1,1,1,1,1,
43,734,40,37,25,34,32,37,36,37,36,37,37,36,39,36,42,35,38,39,41,40,1,1,1,1,1,1,1,1,1,1,1,1,1,1,1,1,1,1,1,1,
44,754,41,38,26,35,33,38,37,38,37,38,38,37,40,37,43,36,39,40,42,41,1,1,1,1,1,1,1,1,1,1,1,1,1,1,1,1,1,1,1,1,
45,774,42,39,27,36,34,39,38,39,38,39,39,38,41,38,44,37,40,41,43,42,1,1,1,1,1,1,1,1,1,1,1,1,1,1,1,1,1,1,1,1,
46,794,43,40,28,37,35,40,39,40,39,40,40,39,42,39,45,38,41,42,44,43,1,1,1,1,1,1,1,1,1,1,1,1,1,1,1,1,1,1,1,1,
47,814,44,41,29,38,36,41,40,41,40,41,41,40,43,40,46,39,42,43,45,44,1,1,1,1,1,1,1,1,1,1,1,1,1,1,1,1,1,1,1,1,
48,834,45,42,30,39,37,42,41,42,41,42,42,41,44,41,47,40,43,44,46,45,1,1,1,1,1,1,1,1,1,1,1,1,1,1,1,1,1,1,1,1,
49,854,46,43,31,40,38,43,42,43,42,43,43,42,45,42,48,41,44,45,47,46,1,1,1,1,1,1,1,1,1,1,1,1,1,1,1,1,1,1,1,1,
50,874,47,44,32,41,39,44,43,44,43,44,44,43,46,43,49,42,45,46,48,47,1,1,1,1,1,1,1,1,1,1,1,1,1,1,1,1,1,1,1,1,
51,894,48,45,33,42,40,45,44,45,44,45,45,44,47,44,50,43,46,47,49,48,1,1,1,1,1,1,1,1,1,1,1,1,1,1,1,1,1,1,1,1,
52,914,49,46,34,43,41,46,45,46,45,46,46,45,48,45,51,44,47,48,50,49,1,1,1,1,1,1,1,1,1,1,1,1,1,1,1,1,1,1,1,1,
53,934,50,47,35,44,42,47,46,47,46,47,47,46,49,46,52,45,48,49,51,50,1,1,1,1,1,1,1,1,1,1,1,1,1,1,1,1,1,1,1,1,
54,954,51,48,36,45,43,48,47,48,47,48,48,47,50,47,53,46,49,50,52,51,1,1,1,1,1,1,1,1,1,1,1,1,1,1,1,1,1,1,1,1,
55,974,52,49,37,46,44,49,48,49,48,49,49,48,51,48,54,47,50,51,53,52,1,1,1,1,1,1,1,1,1,1,1,1,1,1,1,1,1,1,1,1,
56,994,53,50,38,47,45,50,49,50,49,50,50,49,52,49,55,48,51,52,54,53,1,1,1,1,1,1,1,1,1,1,1,1,1,1,1,1,1,1,1,1,
57,1014,54,51,39,48,46,51,50,51,50,51,51,50,53,50,56,49,52,53,55,54,1,1,1,1,1,1,1,1,1,1,1,1,1,1,1,1,1,1,1,1,
58,1034,55,52,40,49,47,52,51,52,51,52,52,51,54,51,57,50,53,54,56,55,1,1,1,1,1,1,1,1,1,1,1,1,1,1,1,1,1,1,1,1,
59,1054,56,53,41,50,48,53,52,53,52,53,53,52,55,52,58,51,54,55,57,56,1,1,1,1,1,1,1,1,1,1,1,1,1,1,1,1,1,1,1,1,
60,1074,57,54,42,51,49,54,53,54,53,54,54,53,56,53,59,52,55,56,58,57,1,1,1,1,1,1,1,1,1,1,1,1,1,1,1,1,1,1,1,1,
61,1094,58,55,43,52,50,55,54,55,54,55,55,54,57,54,60,53,56,57,59,58,1,1,1,1,1,1,1,1,1,1,1,1,1,1,1,1,1,1,1,1,
62,1114,59,56,44,53,51,56,55,56,55,56,56,55,58,55,61,54,57,58,60,59,1,1,1,1,1,1,1,1,1,1,1,1,1,1,1,1,1,1,1,1,
63,1134,60,57,45,54,52,57,56,57,56,57,57,56,59,56,62,55,58,59,61,60,1,1,1,1,1,1,1,1,1,1,1,1,1,1,1,1,1,1,1,1,
64,1154,61,58,46,55,53,58,57,58,57,58,58,57,60,57,63,56,59,60,62,61,1,1,1,1,1,1,1,1,1,1,1,1,1,1,1,1,1,1,1,1,
65,1174,62,59,47,56,54,59,58,59,58,59,59,58,61,58,64,57,60,61,63,62,1,1,1,1,1,1,1,1,1,1,1,1,1,1,1,1,1,1,1,1,
66,1194,63,60,48,57,55,60,59,60,59,60,60,59,62,59,65,58,61,62,64,63,1,1,1,1,1,1,1,1,1,1,1,1,1,1,1,1,1,1,1,1,
67,1214,64,61,49,58,56,61,60,61,60,61,61,60,63,60,66,59,62,63,65,64,1,1,1,1,1,1,1,1,1,1,1,1,1,1,1,1,1,1,1,1,
68,1234,65,62,50,59,57,62,61,62,61,62,62,61,64,61,67,60,63,64,66,65,1,1,1,1,1,1,1,1,1,1,1,1,1,1,1,1,1,1,1,1,
69,1254,66,63,51,60,58,63,62,63,62,63,63,62,65,62,68,61,64,65,67,66,1,1,1,1,1,1,1,1,1,1,1,1,1,1,1,1,1,1,1,1,
70,1274,67,64,52,61,59,64,63,64,63,64,64,63,66,63,69,62,65,66,68,67,1,1,1,1,1,1,1,1,1,1,1,1,1,1,1,1,1,1,1,1,
71,1294,68,65,53,62,60,65,64,65,64,65,65,64,67,64,70,63,66,67,69,68,1,1,1,1,1,1,1,1,1,1,1,1,1,1,1,1,1,1,1,1,
72,1314,69,66,54,63,61,66,65,66,65,66,66,65,68,65,71,64,67,68,70,69,1,1,1,1,1,1,1,1,1,1,1,1,1,1,1,1,1,1,1,1,
73,1334,70,67,55,64,62,67,66,67,66,67,67,66,69,66,72,65,68,69,71,70,1,1,1,1,1,1,1,1,1,1,1,1,1,1,1,1,1,1,1,1,
74,1354,71,68,56,65,63,68,67,68,67,68,68,67,70,67,73,66,69,70,72,71,1,1,1,1,1,1,1,1,1,1,1,1,1,1,1,1,1,1,1,1,
75,1374,72,69,57,66,64,69,68,69,68,69,69,68,71,68,74,67,70,71,73,72,1,1,1,1,1,1,1,1,1,1,1,1,1,1,1,1,1,1,1,1,
76,1394,73,70,58,67,65,70,69,70,69,70,70,69,72,69,75,68,71,72,74,73,1,1,1,1,1,1,1,1,1,1,1,1,1,1,1,1,1,1,1,1,
77,1414,74,71,59,68,66,71,70,71,70,71,71,70,73,70,76,69,72,73,75,74,1,1,1,1,1,1,1,1,1,1,1,1,1,1,1,1,1,1,1,1,
78,1434,75,72,60,69,67,72,71,72,71,72,72,71,74,71,77,70,73,74,76,75,1,1,1,1,1,1,1,1,1,1,1,1,1,1,1,1,1,1,1,1,
79,1454,76,73,61,70,68,73,72,73,72,73,73,72,75,72,78,71,74,75,77,76,1,1,1,1,1,1,1,1,1,1,1,1,1,1,1,1,1,1,1,1,
80,1474,77,74,62,71,69,74,73,74,73,74,74,73,76,73,79,72,75,76,78,77,1,1,1,1,1,1,1,1,1,1,1,1,1,1,1,1,1,1,1,1,
81,1494,78,75,63,72,70,75,74,75,74,75,75,74,77,74,80,73,76,77,79,78,1,1,1,1,1,1,1,1,1,1,1,1,1,1,1,1,1,1,1,1,
82,1514,79,76,64,73,71,76,75,76,75,76,76,75,78,75,81,74,77,78,80,79,1,1,1,1,1,1,1,1,1,1,1,1,1,1,1,1,1,1,1,1,
83,1534,80,77,65,74,72,77,76,77,76,77,77,76,79,76,82,75,78,79,81,80,1,1,1,1,1,1,1,1,1,1,1,1,1,1,1,1,1,1,1,1,
84,1554,81,78,66,75,73,78,77,78,77,78,78,77,80,77,83,76,79,80,82,81,1,1,1,1,1,1,1,1,1,1,1,1,1,1,1,1,1,1,1,1,
85,1574,82,79,67,76,74,79,78,79,78,79,79,78,81,78,84,77,80,81,83,82,1,1,1,1,1,1,1,1,1,1,1,1,1,1,1,1,1,1,1,1,
86,1594,83,80,68,77,75,80,79,80,79,80,80,79,82,79,85,78,81,82,84,83,1,1,1,1,1,1,1,1,1,1,1,1,1,1,1,1,1,1,1,1,
87,1614,84,81,69,78,76,81,80,81,80,81,81,80,83,80,86,79,82,83,85,84,1,1,1,1,1,1,1,1,1,1,1,1,1,1,1,1,1,1,1,1,
88,1634,85,82,70,79,77,82,81,82,81,82,82,81,84,81,87,80,83,84,86,85,1,1,1,1,1,1,1,1,1,1,1,1,1,1,1,1,1,1,1,1,
89,1654,86,83,71,80,78,83,82,83,82,83,83,82,85,82,88,81,84,85,87,86,1,1,1,1,1,1,1,1,1,1,1,1,1,1,1,1,1,1,1,1,
90,1674,87,84,72,81,79,84,83,84,83,84,84,83,86,83,89,82,85,86,88,87,1,1,1,1,1,1,1,1,1,1,1,1,1,1,1,1,1,1,1,1,
91,1694,88,85,73,82,80,85,84,85,84,85,85,84,87,84,90,83,86,87,89,88,1,1,1,1,1,1,1,1,1,1,1,1,1,1,1,1,1,1,1,1,
92,1713,89,86,73,83,81,86,85,86,85,86,86,85,88,85,91,84,87,88,90,89,1,1,0,1,1,1,1,1,1,1,1,1,1,1,1,1,1,1,1,1,
93,1732,90,87,73,84,82,87,86,87,86,87,87,86,89,86,92,85,88,89,91,90,1,1,1,1,1,1,1,1,1,1,1,1,1,1,1,1,1,1,1,1,
94,1752,91,88,74,85,83,88,87,88,87,88,88,87,90,87,93,86,89,90,92,91,1,1,1,1,1,1,1,1,1,1,1,1,1,1,1,1,1,1,1,1,
95,1772,92,89,75,86,84,89,88,89,88,89,89,88,91,88,94,87,90,91,93,92,1,1,1,1,1,1,1,1,1,1,1,1,1,1,1,1,1,1,1,1,
96,1792,93,90,76,87,85,90,89,90,89,90,90,89,92,89,95,88,91,92,94,93,1,1,1,1,1,1,1,1,1,1,1,1,1,1,1,1,1,1,1,1,
97,1811,94,91,77,88,86,91,90,91,90,91,91,89,93,90,96,89,92,93,95,94,1,1,1,1,1,1,1,1,1,1,1,1,1,1,1,1,1,1,1,1,
98,1831,95,92,78,89,87,92,91,92,91,92,92,90,94,91,97,90,93,94,96,95,1,1,1,1,1,1,1,1,1,1,1,1,1,1,1,1,1,1,1,1,
99,1850,96,93,79,90,88,92,92,93,92,93,93,91,95,92,98,91,94,95,97,96,1,1,1,1,1,1,1,1,1,1,1,1,1,1,1,1,1,1,1,1,
100,1870,97,94,80,91,89,93,93,94,93,94,94,92,96,93,99,92,95,96,98,97,1,1,1,1,1,1,1,1,1,1,1,1,1,1,1,1,1,1,1,1,
101,1890,98,95,81,92,90,94,94,95,94,95,95,93,97,94,100,93,96,97,99,98,1,1,1,1,1,1,1,1,1,1,1,1,1,1,1,1,1,1,1,1,
102,1910,99,96,82,93,91,95,95,96,95,96,96,94,98,95,101,94,97,98,100,99,1,1,1,1,1,1,1,1,1,1,1,1,1,1,1,1,1,1,1,1,
103,1930,100,97,83,94,92,96,96,97,96,97,97,95,99,96,102,95,98,99,101,100,1,1,1,1,1,1,1,1,1,1,1,1,1,1,1,1,1,1,1,1,
104,1950,101,98,84,95,93,97,97,98,97,98,98,96,100,97,103,96,99,100,102,101,1,1,1,1,1,1,1,1,1,1,1,1,1,1,1,1,1,1,1,1,
105,1970,102,99,85,96,94,98,98,99,98,99,99,97,101,98,104,97,100,101,103,102,1,1,1,1,1,1,1,1,1,1,1,1,1,1,1,1,1,1,1,1,
106,1990,103,100,86,97,95,99,99,100,99,100,100,98,102,99,105,98,101,102,104,103,1,1,1,1,1,1,1,1,1,1,1,1,1,1,1,1,1,1,1,1,
107,2010,104,101,87,98,96,100,100,101,100,101,101,99,103,100,106,99,102,103,105,104,1,1,1,1,1,1,1,1,1,1,1,1,1,1,1,1,1,1,1,1,
108,2030,105,102,88,99,97,101,101,102,101,102,102,100,104,101,107,100,103,104,106,105,1,1,1,1,1,1,1,1,1,1,1,1,1,1,1,1,1,1,1,1,
109,2050,106,103,89,100,98,102,102,103,102,103,103,101,105,102,108,101,104,105,107,106,1,1,1,1,1,1,1,1,1,1,1,1,1,1,1,1,1,1,1,1,
110,2070,107,104,90,101,99,103,103,104,103,104,104,102,106,103,109,102,105,106,108,107,1,1,1,1,1,1,1,1,1,1,1,1,1,1,1,1,1,1,1,1,
111,2090,108,105,91,102,100,104,104,105,104,105,105,103,107,104,110,103,106,107,109,108,1,1,1,1,1,1,1,1,1,1,1,1,1,1,1,1,1,1,1,1,
112,2110,109,106,92,103,101,105,105,106,105,106,106,104,108,105,111,104,107,108,110,109,1,1,1,1,1,1,1,1,1,1,1,1,1,1,1,1,1,1,1,1,
113,2130,110,107,93,104,102,106,106,107,106,107,107,105,109,106,112,105,108,109,111,110,1,1,1,1,1,1,1,1,1,1,1,1,1,1,1,1,1,1,1,1,
114,2150,111,108,94,105,103,107,107,108,107,108,108,106,110,107,113,106,109,110,112,111,1,1,1,1,1,1,1,1,1,1,1,1,1,1,1,1,1,1,1,1,
115,2169,112,109,95,106,104,107,108,109,108,109,109,107,111,108,114,107,110,111,113,112,1,1,1,1,1,1,1,1,1,1,1,1,1,1,1,1,1,1,1,1,
116,2189,113,110,96,107,105,108,109,110,109,110,110,108,112,109,115,108,111,112,114,113,1,1,1,1,1,1,1,1,1,1,1,1,1,1,1,1,1,1,1,1,
117,2209,114,111,97,108,106,109,110,111,110,111,111,109,113,110,116,109,112,113,115,114,1,1,1,1,1,1,1,1,1,1,1,1,1,1,1,1,1,1,1,1,
118,2229,115,112,98,109,107,110,111,112,111,112,112,110,114,111,117,110,113,114,116,115,1,1,1,1,1,1,1,1,1,1,1,1,1,1,1,1,1,1,1,1,
119,2249,116,113,99,110,108,111,112,113,112,113,113,111,115,112,118,111,114,115,117,116,1,1,1,1,1,1,1,1,1,1,1,1,1,1,1,1,1,1,1,1,
120,2269,117,114,100,111,109,112,113,114,113,114,114,112,116,113,119,112,115,116,118,117,1,1,1,1,1,1,1,1,1,1,1,1,1,1,1,1,1,1,1,1,
121,2289,118,115,101,112,110,113,114,115,114,115,115,113,117,114,120,113,116,117,119,118,1,1,1,1,1,1,1,1,1,1,1,1,1,1,1,1,1,1,1,1,
122,2309,119,116,102,113,111,114,115,116,115,116,116,114,118,115,121,114,117,118,120,119,1,1,1,1,1,1,1,1,1,1,1,1,1,1,1,1,1,1,1,1,
123,2329,120,117,103,114,112,115,116,117,116,117,117,115,119,116,122,115,118,119,121,120,1,1,1,1,1,1,1,1,1,1,1,1,1,1,1,1,1,1,1,1,
124,2349,121,118,104,115,113,116,117,118,117,118,118,116,120,117,123,116,119,120,122,121,1,1,1,1,1,1,1,1,1,1,1,1,1,1,1,1,1,1,1,1,
125,2369,122,119,105,116,114,117,118,119,118,119,119,117,121,118,124,117,120,121,123,122,1,1,1,1,1,1,1,1,1,1,1,1,1,1,1,1,1,1,1,1,
126,2389,123,120,106,117,115,118,119,120,119,120,120,118,122,119,125,118,121,122,124,123,1,1,1,1,1,1,1,1,1,1,1,1,1,1,1,1,1,1,1,1,
127,2409,124,121,107,118,116,119,120,121,120,121,121,119,123,120,126,119,122,123,125,124,1,1,1,1,1,1,1,1,1,1,1,1,1,1,1,1,1,1,1,1,
128,2429,125,122,108,119,117,120,121,122,121,122,122,120,124,121,127,120,123,124,126,125,1,1,1,1,1,1,1,1,1,1,1,1,1,1,1,1,1,1,1,1,
129,2449,126,123,109,120,118,121,122,123,122,123,123,121,125,122,128,121,124,125,127,126,1,1,1,1,1,1,1,1,1,1,1,1,1,1,1,1,1,1,1,1,
130,2469,127,124,110,121,119,122,123,124,123,124,124,122,126,123,129,122,125,126,128,127,1,1,1,1,1,1,1,1,1,1,1,1,1,1,1,1,1,1,1,1,
131,2489,128,125,111,122,120,123,124,125,124,125,125,123,127,124,130,123,126,127,129,128,1,1,1,1,1,1,1,1,1,1,1,1,1,1,1,1,1,1,1,1,
132,2509,129,126,112,123,121,124,125,126,125,126,126,124,128,125,131,124,127,128,130,129,1,1,1,1,1,1,1,1,1,1,1,1,1,1,1,1,1,1,1,1,
133,2529,130,127,113,124,122,125,126,127,126,127,127,125,129,126,132,125,128,129,131,130,1,1,1,1,1,1,1,1,1,1,1,1,1,1,1,1,1,1,1,1,
134,2549,131,128,114,125,123,126,127,128,127,128,128,126,130,127,133,126,129,130,132,131,1,1,1,1,1,1,1,1,1,1,1,1,1,1,1,1,1,1,1,1,
135,2569,132,129,115,126,124,127,128,129,128,129,129,127,131,128,134,127,130,131,133,132,1,1,1,1,1,1,1,1,1,1,1,1,1,1,1,1,1,1,1,1,
136,2589,133,130,116,127,125,128,129,130,129,130,130,128,132,129,135,128,131,132,134,133,1,1,1,1,1,1,1,1,1,1,1,1,1,1,1,1,1,1,1,1,
137,2609,134,131,117,128,126,129,130,131,130,131,131,129,133,130,136,129,132,133,135,134,1,1,1,1,1,1,1,1,1,1,1,1,1,1,1,1,1,1,1,1,
138,2629,135,132,118,129,127,130,131,132,131,132,132,130,134,131,137,130,133,134,136,135,1,1,1,1,1,1,1,1,1,1,1,1,1,1,1,1,1,1,1,1,
139,2649,136,133,119,130,128,131,132,133,132,133,133,131,135,132,138,131,134,135,137,136,1,1,1,1,1,1,1,1,1,1,1,1,1,1,1,1,1,1,1,1,
140,2669,137,134,120,131,129,132,133,134,133,134,134,132,136,133,139,132,135,136,138,137,1,1,1,1,1,1,1,1,1,1,1,1,1,1,1,1,1,1,1,1,
141,2689,138,135,121,132,130,133,134,135,134,135,135,133,137,134,140,133,136,137,139,138,1,1,1,1,1,1,1,1,1,1,1,1,1,1,1,1,1,1,1,1,
142,2709,139,136,122,133,131,134,135,136,135,136,136,134,138,135,141,134,137,138,140,139,1,1,1,1,1,1,1,1,1,1,1,1,1,1,1,1,1,1,1,1,
143,2729,140,137,123,134,132,135,136,137,136,137,137,135,139,136,142,135,138,139,141,140,1,1,1,1,1,1,1,1,1,1,1,1,1,1,1,1,1,1,1,1,
144,2749,141,138,124,135,133,136,137,138,137,138,138,136,140,137,143,136,139,140,142,141,1,1,1,1,1,1,1,1,1,1,1,1,1,1,1,1,1,1,1,1,
145,2769,142,139,125,136,134,137,138,139,138,139,139,137,141,138,144,137,140,141,143,142,1,1,1,1,1,1,1,1,1,1,1,1,1,1,1,1,1,1,1,1,
146,2789,143,140,126,137,135,138,139,140,139,140,140,138,142,139,145,138,141,142,144,143,1,1,1,1,1,1,1,1,1,1,1,1,1,1,1,1,1,1,1,1,
147,2809,144,141,127,138,136,139,140,141,140,141,141,139,143,140,146,139,142,143,145,144,1,1,1,1,1,1,1,1,1,1,1,1,1,1,1,1,1,1,1,1,
148,2829,145,142,128,139,137,140,141,142,141,142,142,140,144,141,147,140,143,144,146,145,1,1,1,1,1,1,1,1,1,1,1,1,1,1,1,1,1,1,1,1,
149,2849,146,143,129,140,138,141,142,143,142,143,143,141,145,142,148,141,144,145,147,146,1,1,1,1,1,1,1,1,1,1,1,1,1,1,1,1,1,1,1,1,
150,2869,147,144,130,141,139,142,143,144,143,144,144,142,146,143,149,142,145,146,148,147,1,1,1,1,1,1,1,1,1,1,1,1,1,1,1,1,1,1,1,1,
151,2889,148,145,131,142,140,143,144,145,144,145,145,143,147,144,150,143,146,147,149,148,1,1,1,1,1,1,1,1,1,1,1,1,1,1,1,1,1,1,1,1,
152,2909,149,146,132,143,141,144,145,146,145,146,146,144,148,145,151,144,147,148,150,149,1,1,1,1,1,1,1,1,1,1,1,1,1,1,1,1,1,1,1,1,
153,2929,150,147,133,144,142,145,146,147,146,147,147,145,149,146,152,145,148,149,151,150,1,1,1,1,1,1,1,1,1,1,1,1,1,1,1,1,1,1,1,1,
154,2949,151,148,134,145,143,146,147,148,147,148,148,146,150,147,153,146,149,150,152,151,1,1,1,1,1,1,1,1,1,1,1,1,1,1,1,1,1,1,1,1,
155,2969,152,149,135,146,144,147,148,149,148,149,149,147,151,148,154,147,150,151,153,152,1,1,1,1,1,1,1,1,1,1,1,1,1,1,1,1,1,1,1,1,
156,2989,153,150,136,147,145,148,149,150,149,150,150,148,152,149,155,148,151,152,154,153,1,1,1,1,1,1,1,1,1,1,1,1,1,1,1,1,1,1,1,1,
157,3009,154,151,137,148,146,149,150,151,150,151,151,149,153,150,156,149,152,153,155,154,1,1,1,1,1,1,1,1,1,1,1,1,1,1,1,1,1,1,1,1,
158,3028,155,152,138,149,147,150,150,152,151,152,152,150,154,151,157,150,153,154,156,155,1,1,1,1,1,1,0,1,1,1,1,1,1,1,1,1,1,1,1,1,
159,3047,156,153,139,150,148,151,150,153,152,153,153,151,155,152,158,151,154,155,157,156,1,1,1,1,1,1,1,1,1,1,1,1,1,1,1,1,1,1,1,1,
160,3067,157,154,140,151,149,152,151,154,153,154,154,152,156,153,159,152,155,156,158,157,1,1,1,1,1,1,1,1,1,1,1,1,1,1,1,1,1,1,1,1,
161,3087,158,155,141,152,150,153,152,155,154,155,155,153,157,154,160,153,156,157,159,158,1,1,1,1,1,1,1,1,1,1,1,1,1,1,1,1,1,1,1,1,
162,3107,159,156,142,153,151,154,153,156,155,156,156,154,158,155,161,154,157,158,160,159,1,1,1,1,1,1,1,1,1,1,1,1,1,1,1,1,1,1,1,1,
163,3126,160,157,143,154,152,155,153,157,156,157,157,155,159,156,162,155,158,159,161,160,1,1,1,1,1,1,0,1,1,1,1,1,1,1,1,1,1,1,1,1,
164,3145,161,158,144,155,153,156,153,158,157,158,158,156,160,157,163,156,159,160,162,161,1,1,1,1,1,1,0,1,1,1,1,1,1,1,1,1,1,1,1,1,
165,3164,162,159,145,156,154,157,153,159,158,159,159,157,161,158,164,157,160,161,163,162,1,1,1,1,1,1,1,1,1,1,1,1,1,1,1,1,1,1,1,1,
166,3184,163,160,146,157,155,158,154,160,159,160,160,158,162,159,165,158,161,162,164,163,1,1,1,1,1,1,1,1,1,1,1,1,1,1,1,1,1,1,1,1,
167,3204,164,161,147,158,156,159,155,161,160,161,161,159,163,160,166,159,162,163,165,164,1,1,1,1,1,1,1,1,1,1,1,1,1,1,1,1,1,1,1,1,
168,3224,165,162,148,159,157,160,156,162,161,162,162,160,164,161,167,160,163,164,166,165,1,1,1,1,1,1,1,1,1,1,1,1,1,1,1,1,1,1,1,1,
169,3244,166,163,149,160,158,161,157,163,162,163,163,161,165,162,168,161,164,165,167,166,1,1,1,1,1,1,1,1,1,1,1,1,1,1,1,1,1,1,1,1,
170,3263,166,164,150,161,159,162,158,164,163,164,164,162,166,163,169,162,165,166,168,167,1,1,1,1,1,1,1,1,1,1,1,1,1,1,1,1,1,1,1,1,
171,3283,167,165,151,162,160,163,159,165,164,165,165,163,167,164,170,163,166,167,169,168,1,1,1,1,1,1,1,1,1,1,1,1,1,1,1,1,1,1,1,1,
172,3303,168,166,152,163,161,164,160,166,165,166,166,164,168,165,171,164,167,168,170,169,1,1,1,1,1,1,1,1,1,1,1,1,1,1,1,1,1,1,1,1,
173,3323,169,167,153,164,162,165,161,167,166,167,167,165,169,166,172,165,168,169,171,170,1,1,1,1,1,1,1,1,1,1,1,1,1,1,1,1,1,1,1,1,
174,3343,170,168,154,165,163,166,162,168,167,168,168,166,170,167,173,166,169,170,172,171,1,1,1,1,1,1,1,1,1,1,1,1,1,1,1,1,1,1,1,1,
175,3363,171,169,155,166,164,167,163,169,168,169,169,167,171,168,174,167,170,171,173,172,1,1,1,1,1,1,1,1,1,1,1,1,1,1,1,1,1,1,1,1,
176,3383,172,170,156,167,165,168,164,170,169,170,170,168,172,169,175,168,171,172,174,173,1,1,1,1,1,1,1,1,1,1,1,1,1,1,1,1,1,1,1,1,
177,3403,173,171,157,168,166,169,165,171,170,171,171,169,173,170,176,169,172,173,175,174,1,1,1,1,1,1,1,1,1,1,1,1,1,1,1,1,1,1,1,1,
178,3423,174,172,158,169,167,170,166,172,171,172,172,170,174,171,177,170,173,174,176,175,1,1,1,1,1,1,1,1,1,1,1,1,1,1,1,1,1,1,1,1,
179,3443,175,173,159,170,168,171,167,173,172,173,173,171,175,172,178,171,174,175,177,176,1,1,1,1,1,1,1,1,1,1,1,1,1,1,1,1,1,1,1,1,
180,3463,176,174,160,171,169,172,168,174,173,174,174,172,176,173,179,172,175,176,178,177,1,1,1,1,1,1,1,1,1,1,1,1,1,1,1,1,1,1,1,1,
181,3483,177,175,161,172,170,173,169,175,174,175,175,173,177,174,180,173,176,177,179,178,1,1,1,1,1,1,1,1,1,1,1,1,1,1,1,1,1,1,1,1,
182,3503,178,176,162,173,171,174,170,176,175,176,176,174,178,175,181,174,177,178,180,179,1,1,1,1,1,1,1,1,1,1,1,1,1,1,1,1,1,1,1,1,
183,3523,179,177,163,174,172,175,171,177,176,177,177,175,179,176,182,175,178,179,181,180,1,1,1,1,1,1,1,1,1,1,1,1,1,1,1,1,1,1,1,1,
184,3543,180,178,164,175,173,176,172,178,177,178,178,176,180,177,183,176,179,180,182,181,1,1,1,1,1,1,1,1,1,1,1,1,1,1,1,1,1,1,1,1,
185,3563,181,179,165,176,174,177,173,179,178,179,179,177,181,178,184,177,180,181,183,182,1,1,1,1,1,1,1,1,1,1,1,1,1,1,1,1,1,1,1,1,
186,3583,182,180,166,177,175,178,174,180,179,180,180,178,182,179,185,178,181,182,184,183,1,1,1,1,1,1,1,1,1,1,1,1,1,1,1,1,1,1,1,1,
187,3603,183,181,167,178,176,179,175,181,180,181,181,179,183,180,186,179,182,183,185,184,1,1,1,1,1,1,1,1,1,1,1,1,1,1,1,1,1,1,1,1,
188,3623,184,182,168,179,177,180,176,182,181,182,182,180,184,181,187,180,183,184,186,185,1,1,1,1,1,1,1,1,1,1,1,1,1,1,1,1,1,1,1,1,
189,3642,185,183,169,180,178,181,177,183,182,183,183,181,185,182,188,181,183,185,187,186,1,1,1,1,1,1,1,1,1,1,1,1,1,1,1,1,0,1,1,1,
190,3661,186,184,170,181,179,182,178,184,183,184,184,182,186,183,189,182,183,186,188,187,1,1,1,1,1,1,1,1,1,1,1,1,1,1,1,1,0,1,1,1,
191,3680,187,185,171,182,180,183,179,185,184,185,185,183,187,184,190,183,183,187,189,188,1,1,1,1,1,1,1,1,1,1,1,1,1,1,1,1,0,1,1,1,
192,3699,188,186,172,183,181,184,180,186,185,186,186,184,188,185,191,184,183,188,190,189,1,1,1,1,1,1,1,1,1,1,1,1,1,1,1,1,0,1,1,1,
193,3718,189,187,173,184,182,185,181,187,186,187,187,185,189,186,192,185,183,189,191,190,1,1,1,1,1,1,1,1,1,1,1,1,1,1,1,1,1,1,1,1,
194,3738,190,188,174,185,183,186,182,188,187,188,188,186,190,187,193,186,184,190,192,191,1,1,1,1,1,1,1,1,1,1,1,1,1,1,1,1,1,1,1,1,
195,3758,191,189,175,186,184,187,183,189,188,189,189,187,191,188,194,187,185,191,193,192,1,1,1,1,1,1,1,1,1,1,1,1,1,1,1,1,1,1,1,1,
196,3778,192,190,176,187,185,188,184,190,189,190,190,188,192,189,195,188,186,192,194,193,1,1,1,1,1,1,1,1,1,1,1,1,1,1,1,1,1,1,1,1,
197,3797,193,191,177,188,186,189,184,191,190,191,191,189,193,190,196,189,187,193,195,194,1,1,1,1,1,1,1,1,1,1,1,1,1,1,1,1,1,1,1,1,
198,3817,194,192,178,189,187,190,185,192,191,192,192,190,194,191,197,190,188,194,196,195,1,1,1,1,1,1,1,1,1,1,1,1,1,1,1,1,1,1,1,1,
199,3837,195,193,179,190,188,191,186,193,192,193,193,191,195,192,198,191,189,195,197,196,1,1,1,1,1,1,1,1,1,1,1,1,1,1,1,1,1,1,1,1,
200,3857,196,194,180,191,189,192,187,194,193,194,194,192,196,193,199,192,190,196,198,197,1,1,1,1,1,1,1,1,1,1,1,1,1,1,1,1,1,1,1,1,
201,3877,197,195,181,192,190,193,188,195,194,195,195,193,197,194,200,193,191,197,199,198,1,1,1,1,1,1,1,1,1,1,1,1,1,1,1,1,1,1,1,1,
202,3896,198,196,182,193,191,194,189,196,194,196,196,194,198,195,201,194,192,198,200,199,1,1,1,1,1,1,1,1,0,1,1,1,1,1,1,1,1,1,1,1,
203,3915,199,197,183,194,192,195,190,197,194,197,197,195,199,196,202,195,193,199,201,200,1,1,1,1,1,1,1,1,0,1,1,1,1,1,1,1,1,1,1,1,
204,3934,200,198,184,195,193,196,191,198,194,198,198,196,200,197,203,196,194,200,202,201,1,1,1,1,1,1,1,1,0,1,1,1,1,1,1,1,1,1,1,1,
205,3953,201,199,185,196,194,197,192,199,194,199,199,197,201,198,204,197,195,201,203,202,1,1,1,1,1,1,1,1,0,1,1,1,1,1,1,1,1,1,1,1,
206,3972,202,200,186,197,195,198,193,200,194,200,200,198,202,199,205,198,196,202,204,203,1,1,1,1,1,1,1,1,1,1,1,1,1,1,1,1,1,1,1,1,
207,3992,203,201,187,198,196,199,194,201,195,201,201,199,203,200,206,199,197,203,205,204,1,1,1,1,1,1,1,1,1,1,1,1,1,1,1,1,1,1,1,1,
208,4012,204,202,188,199,197,200,195,202,196,202,202,200,204,201,207,200,198,204,206,205,1,1,1,1,1,1,1,1,1,1,1,1,1,1,1,1,1,1,1,1,
209,4032,205,203,189,200,198,201,196,203,197,203,203,201,205,202,208,201,199,205,207,206,1,1,1,1,1,1,1,1,1,1,1,1,1,1,1,1,1,1,1,1,
210,4052,206,204,190,201,199,202,197,204,198,204,204,202,206,203,209,202,200,206,208,207,1,1,1,1,1,1,1,1,1,1,1,1,1,1,1,1,1,1,1,1,
211,4072,207,205,191,202,200,203,198,205,199,205,205,203,207,204,210,203,201,207,209,208,1,1,1,1,1,1,1,1,1,1,1,1,1,1,1,1,1,1,1,1,
212,4092,208,206,192,203,201,204,199,206,200,206,206,204,208,205,211,204,202,208,210,209,1,1,1,1,1,1,1,1,1,1,1,1,1,1,1,1,1,1,1,1,
213,4112,209,207,193,204,202,205,200,207,201,207,207,205,209,206,212,205,203,209,211,210,1,1,1,1,1,1,1,1,1,1,1,1,1,1,1,1,1,1,1,1,
214,4132,210,208,194,205,203,206,201,208,202,208,208,206,210,207,213,206,204,210,212,211,1,1,1,1,1,1,1,1,1,1,1,1,1,1,1,1,1,1,1,1,
215,4152,211,209,195,206,204,207,202,209,203,209,209,207,211,208,214,207,205,211,213,212,1,1,1,1,1,1,1,1,1,1,1,1,1,1,1,1,1,1,1,1,
216,4171,212,210,196,207,205,208,202,210,204,210,210,208,212,209,215,208,206,212,214,213,1,1,1,1,1,1,1,1,1,1,1,1,1,1,1,1,1,1,1,1,
217,4191,213,211,197,208,206,209,203,211,205,211,211,209,213,210,216,209,207,213,215,214,1,1,1,1,1,1,1,1,1,1,1,1,1,1,1,1,1,1,1,1,
218,4211,214,212,198,209,207,210,204,212,206,212,212,210,214,211,217,210,208,214,216,215,1,1,1,1,1,1,1,1,1,1,1,1,1,1,1,1,1,1,1,1,
219,4230,215,213,199,210,208,211,204,213,207,213,213,211,215,212,218,211,209,215,217,216,1,1,1,1,1,1,1,1,1,1,1,1,1,1,1,1,1,1,1,1,
220,4250,216,214,200,211,209,212,205,214,208,214,214,212,216,213,219,212,210,216,218,217,1,1,1,1,1,1,1,1,1,1,1,1,1,1,1,1,1,1,1,1,
221,4270,217,215,201,212,210,213,206,215,209,215,215,213,217,214,220,213,211,217,219,218,1,1,1,1,1,1,1,1,1,1,1,1,1,1,1,1,1,1,1,1,
222,4290,218,216,202,213,211,214,207,216,210,216,216,214,218,215,221,214,212,218,220,219,1,1,1,1,1,1,1,1,1,1,1,1,1,1,1,1,1,1,1,1,
223,4310,219,217,203,214,212,215,208,217,211,217,217,215,219,216,222,215,213,219,221,220,1,1,1,1,1,1,1,1,1,1,1,1,1,1,1,1,1,1,1,1,
224,4330,220,218,204,215,213,216,209,218,212,218,218,216,220,217,223,216,214,220,222,221,1,1,1,1,1,1,1,1,1,1,1,1,1,1,1,1,1,1,1,1,
225,4350,221,219,205,216,214,217,210,219,213,219,219,217,221,218,224,217,215,221,223,222,1,1,1,1,1,1,1,1,1,1,1,1,1,1,1,1,1,1,1,1,
226,4370,222,220,206,217,215,218,211,220,214,220,220,218,222,219,225,218,216,222,224,223,1,1,1,1,1,1,1,1,1,1,1,1,1,1,1,1,1,1,1,1,
227,4390,223,221,207,218,216,219,212,221,215,221,221,219,223,220,226,219,217,223,225,224,1,1,1,1,1,1,1,1,1,1,1,1,1,1,1,1,1,1,1,1,
228,4410,224,222,208,219,217,220,213,222,216,222,222,220,224,221,227,220,218,224,226,225,1,1,1,1,1,1,1,1,1,1,1,1,1,1,1,1,1,1,1,1,
229,4430,225,223,209,220,218,221,214,223,217,223,223,221,225,222,228,221,219,225,227,226,1,1,1,1,1,1,1,1,1,1,1,1,1,1,1,1,1,1,1,1,
230,4450,226,224,210,221,219,222,215,224,218,224,224,222,226,223,229,222,220,226,228,227,1,1,1,1,1,1,1,1,1,1,1,1,1,1,1,1,1,1,1,1,
231,4470,227,225,211,222,220,223,216,225,219,225,225,223,227,224,230,223,221,227,229,228,1,1,1,1,1,1,1,1,1,1,1,1,1,1,1,1,1,1,1,1,
232,4490,228,226,212,223,221,224,217,226,220,226,226,224,228,225,231,224,222,228,230,229,1,1,1,1,1,1,1,1,1,1,1,1,1,1,1,1,1,1,1,1,
233,4510,229,227,213,224,222,225,218,227,221,227,227,225,229,226,232,225,223,229,231,230,1,1,1,1,1,1,1,1,1,1,1,1,1,1,1,1,1,1,1,1,
Completed in 233 rounds.
Completed in 73.6376 ms
