ROUND,TASKS COMPLETED,worker0 tasks,worker1 tasks,worker2 tasks,worker3 tasks,worker4 tasks,worker5 tasks,worker6 tasks,worker7 tasks,worker8 tasks,worker9 tasks,worker10 tasks,worker11 tasks,worker12 tasks,worker13 tasks,worker14 tasks,worker0 running,worker1 running,worker2 running,worker3 running,worker4 running,worker5 running,worker6 running,worker7 running,worker8 running,worker9 running,worker10 running,worker11 running,worker12 running,worker13 running,worker14 running,
1,0,0,0,0,0,0,0,0,0,0,0,0,0,0,0,0,1,0,0,0,0,0,1,0,0,0,1,0,0,0,0,
2,2,0,0,0,0,0,0,1,0,0,0,1,0,0,0,0,0,0,0,0,0,0,1,0,0,0,1,0,0,0,0,
3,4,0,0,0,0,0,0,2,0,0,0,2,0,0,0,0,0,0,0,0,1,0,1,0,0,0,1,1,0,1,0,
4,9,0,0,0,0,1,0,3,0,0,0,3,1,0,1,0,0,0,0,0,1,0,1,0,1,0,1,1,0,1,0,
5,15,0,0,0,0,2,0,4,0,1,0,4,2,0,2,0,0,0,0,1,1,0,1,0,1,0,1,1,0,1,0,
6,22,0,0,0,1,3,0,5,0,2,0,5,3,0,3,0,1,0,0,1,1,0,1,1,1,1,1,1,1,1,0,
7,33,1,0,0,2,4,0,6,1,3,1,6,4,1,4,0,1,0,0,1,1,0,1,1,1,1,1,1,1,1,0,
8,44,2,0,0,3,5,0,7,2,4,2,7,5,2,5,0,1,0,1,1,1,1,1,1,1,1,1,1,1,1,1,
9,58,3,0,1,4,6,1,8,3,5,3,8,6,3,6,1,1,0,1,1,1,1,1,1,1,1,1,1,1,1,1,
10,72,4,0,2,5,7,2,9,4,6,4,9,7,4,7,2,1,0,1,1,1,1,1,1,1,1,1,1,1,1,1,
11,86,5,0,3,6,8,3,10,5,7,5,10,8,5,8,3,1,0,1,1,1,1,1,1,1,1,1,1,1,1,1,
12,100,6,0,4,7,9,4,11,6,8,6,11,9,6,9,4,1,0,1,1,1,1,1,1,1,1,1,1,1,1,1,
13,114,7,0,5,8,10,5,12,7,9,7,12,10,7,10,5,1,0,1,1,1,1,1,1,1,1,1,1,1,1,1,
14,126,8,0,6,9,11,6,13,8,9,8,13,11,8,10,6,1,0,1,1,1,1,1,1,0,1,1,1,1,1,1,
15,139,9,0,7,10,12,7,14,9,9,9,14,12,9,11,7,1,0,1,1,1,1,1,1,1,1,1,1,1,1,1,
16,153,10,0,8,11,13,8,15,10,10,10,15,13,10,12,8,1,0,1,1,1,1,1,1,1,1,1,1,1,1,1,
17,167,11,0,9,12,14,9,16,11,11,11,16,14,11,13,9,1,0,1,1,1,1,1,1,1,1,1,1,1,1,1,
18,181,12,0,10,13,15,10,17,12,12,12,17,15,12,14,10,1,0,1,1,1,1,1,1,1,1,1,1,1,1,1,
19,195,13,0,11,14,16,11,18,13,13,13,18,16,13,15,11,1,0,1,1,1,1,1,1,1,1,1,1,1,1,1,
20,209,14,0,12,15,17,12,19,14,14,14,19,17,14,16,12,1,0,1,1,1,1,1,1,1,1,1,1,1,1,1,
21,223,15,0,13,16,18,13,20,15,15,15,20,18,15,17,13,1,0,1,1,1,1,1,1,1,1,1,1,1,1,1,
22,237,16,0,14,17,19,14,21,16,16,16,21,19,16,18,14,1,0,1,1,1,1,1,1,1,1,1,1,1,1,1,
23,251,17,0,15,18,20,15,22,17,17,17,22,20,17,19,15,1,0,1,1,1,1,1,1,1,1,1,1,1,1,1,
24,265,18,0,16,19,21,16,23,18,18,18,23,21,18,20,16,1,0,1,1,1,1,1,1,1,1,1,1,1,1,1,
25,279,19,0,17,20,22,17,24,19,19,19,24,22,19,21,17,1,0,1,1,1,1,1,1,1,1,1,1,1,1,1,
26,293,20,0,18,21,23,18,25,20,20,20,25,23,20,22,18,1,0,1,1,1,1,1,1,1,1,1,1,1,1,1,
27,307,21,0,19,22,24,19,26,21,21,21,26,24,21,23,19,1,0,1,1,1,1,1,1,1,1,1,1,1,1,1,
28,321,22,0,20,23,25,20,27,22,22,22,27,25,22,24,20,1,0,1,1,1,1,1,1,1,1,1,1,1,1,1,
29,335,23,0,21,24,26,21,28,23,23,23,28,26,23,25,21,1,0,1,1,1,1,1,1,1,1,1,1,1,1,1,
30,349,24,0,22,25,27,22,29,24,24,24,29,27,24,26,22,1,0,1,1,1,1,1,1,1,1,1,1,1,1,1,
31,363,25,0,23,26,28,23,30,25,25,25,30,28,25,27,23,1,0,1,1,1,1,1,1,1,1,1,1,1,1,1,
32,377,26,0,24,27,29,24,31,26,26,26,31,29,26,28,24,1,0,1,1,1,1,1,1,1,1,1,1,1,1,1,
33,391,27,0,25,28,30,25,32,27,27,27,32,30,27,29,25,1,0,1,1,1,1,1,1,1,1,1,1,1,1,1,
34,405,28,0,26,29,31,26,33,28,28,28,33,31,28,30,26,1,0,1,1,1,1,1,1,1,1,1,1,1,1,1,
35,419,29,0,27,30,32,27,34,29,29,29,34,32,29,31,27,1,0,1,1,1,1,1,1,1,1,1,1,1,1,1,
36,433,30,0,28,31,33,28,35,30,30,30,35,33,30,32,28,1,0,1,1,1,1,1,1,1,1,1,1,1,1,1,
37,447,31,0,29,32,34,29,36,31,31,31,36,34,31,33,29,1,0,1,1,1,1,1,1,1,1,1,1,1,1,1,
38,461,32,0,30,33,35,30,37,32,32,32,37,35,32,34,30,1,0,1,1,1,1,1,1,1,1,1,1,1,1,1,
39,475,33,0,31,34,36,31,38,33,33,33,38,36,33,35,31,1,0,1,1,1,1,1,1,1,1,1,1,1,1,1,
40,489,34,0,32,35,37,32,39,34,34,34,39,37,34,36,32,1,0,1,1,1,1,1,1,1,1,1,1,1,1,1,
41,503,35,0,33,36,38,33,40,35,35,35,40,38,35,37,33,1,0,1,1,1,1,1,1,1,1,1,1,1,1,1,
42,517,36,0,34,37,39,34,41,36,36,36,41,39,36,38,34,1,0,1,1,1,1,1,1,1,1,1,1,1,1,1,
43,531,37,0,35,38,40,35,42,37,37,37,42,40,37,39,35,1,0,1,1,1,1,1,1,1,1,1,1,1,1,1,
44,545,38,0,36,39,41,36,43,38,38,38,43,41,38,40,36,1,0,1,1,1,1,1,1,1,1,1,1,1,1,1,
45,559,39,0,37,40,42,37,44,39,39,39,44,42,39,41,37,1,0,1,1,1,1,1,1,1,1,1,1,1,1,1,
46,572,40,0,37,41,43,38,45,40,40,40,45,43,40,42,38,1,0,1,1,1,1,1,1,1,1,1,1,1,1,1,
47,586,41,0,38,42,44,39,46,41,41,41,46,44,41,43,39,1,0,1,1,1,1,1,1,1,1,1,1,1,1,1,
48,600,42,0,39,43,45,40,47,42,42,42,47,45,42,44,40,1,0,1,1,1,1,1,1,1,1,1,1,1,1,1,
49,614,43,0,40,44,46,41,48,43,43,43,48,46,43,45,41,1,0,1,1,1,1,1,1,1,1,1,1,1,1,1,
50,628,44,0,41,45,47,42,49,44,44,44,49,47,44,46,42,1,0,1,1,1,1,1,1,1,1,1,1,1,1,1,
51,642,45,0,42,46,48,43,50,45,45,45,50,48,45,47,43,1,0,1,1,1,1,1,1,1,1,1,1,1,1,1,
52,656,46,0,43,47,49,44,51,46,46,46,51,49,46,48,44,1,0,1,1,1,1,1,1,1,1,1,1,1,1,1,
53,670,47,0,44,48,50,45,52,47,47,47,52,50,47,49,45,1,0,1,1,1,1,1,1,1,1,1,1,1,1,1,
54,684,48,0,45,49,51,46,53,48,48,48,53,51,48,50,46,1,0,1,1,1,1,1,1,1,1,1,1,1,1,1,
55,698,49,0,46,50,52,47,54,49,49,49,54,52,49,51,47,1,0,1,1,1,1,1,1,1,1,1,1,1,1,1,
56,712,50,0,47,51,53,48,55,50,50,50,55,53,50,52,48,1,0,1,1,1,1,1,1,1,1,1,1,1,1,1,
57,726,51,0,48,52,54,49,56,51,51,51,56,54,51,53,49,1,0,1,1,1,1,1,1,1,1,1,1,1,1,1,
58,740,52,0,49,53,55,50,57,52,52,52,57,55,52,54,50,1,0,1,1,1,1,1,1,1,1,1,1,1,1,1,
59,754,53,0,50,54,56,51,58,53,53,53,58,56,53,55,51,1,0,1,1,1,1,1,1,1,1,1,1,1,1,1,
60,768,54,0,51,55,57,52,59,54,54,54,59,57,54,56,52,1,0,1,1,1,1,1,1,1,1,1,1,1,1,1,
61,782,55,0,52,56,58,53,60,55,55,55,60,58,55,57,53,1,0,1,1,1,1,1,1,1,1,1,1,1,1,1,
62,796,56,0,53,57,59,54,61,56,56,56,61,59,56,58,54,1,0,1,1,1,1,1,1,1,1,1,1,1,1,1,
63,809,57,0,54,58,60,55,62,57,57,57,62,60,56,59,55,1,0,1,1,1,1,1,1,1,1,1,1,1,1,1,
64,823,58,0,55,59,61,56,63,58,58,58,63,61,57,60,56,1,0,1,1,1,1,1,1,1,1,1,1,1,1,1,
65,837,59,0,56,60,62,57,64,59,59,59,64,62,58,61,57,1,0,1,1,1,1,1,1,1,1,1,1,1,1,1,
66,851,60,0,57,61,63,58,65,60,60,60,65,63,59,62,58,1,0,1,1,1,1,1,1,1,1,1,1,1,1,1,
67,865,61,0,58,62,64,59,66,61,61,61,66,64,60,63,59,1,0,1,1,1,1,1,1,1,1,1,1,1,1,1,
68,879,62,0,59,63,65,60,67,62,62,62,67,65,61,64,60,1,0,1,1,1,1,1,1,1,1,1,1,1,1,1,
69,893,63,0,60,64,66,61,68,63,63,63,68,66,62,65,61,1,0,1,1,1,1,1,1,1,1,1,1,1,1,1,
70,907,64,0,61,65,67,62,69,64,64,64,69,67,63,66,62,1,0,1,1,1,1,1,1,1,1,1,1,1,1,1,
71,921,65,0,62,66,68,63,70,65,65,65,70,68,64,67,63,1,0,1,1,1,1,1,1,1,1,1,1,1,1,1,
72,935,66,0,63,67,69,64,71,66,66,66,71,69,65,68,64,1,0,1,1,1,1,1,1,1,1,1,1,1,1,1,
73,949,67,0,64,68,70,65,72,67,67,67,72,70,66,69,65,1,0,1,1,1,1,1,1,1,1,1,1,1,1,1,
74,963,68,0,65,69,71,66,73,68,68,68,73,71,67,70,66,1,0,1,1,1,1,1,1,1,1,1,1,1,1,1,
75,977,69,0,66,70,72,67,74,69,69,69,74,72,68,71,67,1,0,1,1,1,1,1,1,1,1,1,1,1,1,1,
76,991,70,0,67,71,73,68,75,70,70,70,75,73,69,72,68,1,0,1,1,1,1,1,1,1,1,1,1,1,1,1,
77,1005,71,0,68,72,74,69,76,71,71,71,76,74,70,73,69,1,0,1,1,1,1,1,1,1,1,1,1,1,1,1,
78,1019,72,0,69,73,75,70,77,72,72,72,77,75,71,74,70,1,0,1,1,1,1,1,1,1,1,1,1,1,1,1,
79,1033,73,0,70,74,76,71,78,73,73,73,78,76,72,75,71,1,0,1,1,1,1,1,1,1,1,1,1,1,1,1,
80,1047,74,0,71,75,77,72,79,74,74,74,79,77,73,76,72,1,0,1,1,1,1,1,1,1,1,1,1,1,1,1,
81,1061,75,0,72,76,78,73,80,75,75,75,80,78,74,77,73,1,0,1,1,1,1,1,1,1,1,1,1,1,1,1,
82,1075,76,0,73,77,79,74,81,76,76,76,81,79,75,78,74,1,0,1,1,1,1,1,1,1,1,1,1,1,1,1,
83,1089,77,0,74,78,80,75,82,77,77,77,82,80,76,79,75,1,0,1,1,1,1,1,1,1,1,1,1,1,1,1,
84,1103,78,0,75,79,81,76,83,78,78,78,83,81,77,80,76,1,0,1,1,1,1,1,1,1,1,1,1,1,1,1,
85,1117,79,0,76,80,82,77,84,79,79,79,84,82,78,81,77,1,0,1,1,1,1,1,1,1,1,1,1,1,1,1,
86,1131,80,0,77,81,83,78,85,80,80,80,85,83,79,82,78,1,0,1,1,1,1,1,1,1,1,1,1,1,1,1,
87,1145,81,0,78,82,84,79,86,81,81,81,86,84,80,83,79,1,0,1,1,1,1,1,1,1,1,1,1,1,1,1,
88,1159,82,0,79,83,85,80,87,82,82,82,87,85,81,84,80,1,0,1,1,1,1,1,1,1,1,1,1,1,1,1,
89,1173,83,0,80,84,86,81,88,83,83,83,88,86,82,85,81,1,0,1,1,1,1,1,1,1,1,1,1,1,1,1,
90,1187,84,0,81,85,87,82,89,84,84,84,89,87,83,86,82,1,0,1,1,1,1,1,1,1,1,1,1,1,1,1,
91,1201,85,0,82,86,88,83,90,85,85,85,90,88,84,87,83,1,0,1,1,1,1,1,1,1,1,1,1,1,1,1,
92,1215,86,0,83,87,89,84,91,86,86,86,91,89,85,88,84,1,0,1,1,1,1,1,1,1,1,1,1,1,1,1,
93,1229,87,0,84,88,90,85,92,87,87,87,92,90,86,89,85,1,0,1,1,1,1,1,1,1,1,1,1,1,1,1,
94,1243,88,0,85,89,91,86,93,88,88,88,93,91,87,90,86,1,0,1,1,1,1,1,1,1,1,1,1,1,1,1,
95,1257,89,0,86,90,92,87,94,89,89,89,94,92,88,91,87,1,0,1,1,1,1,1,1,1,1,1,1,1,1,1,
96,1271,90,0,87,91,93,88,95,90,90,90,95,93,89,92,88,1,0,1,1,1,1,1,1,1,1,1,1,1,1,1,
97,1285,91,0,88,92,94,89,96,91,91,91,96,94,90,93,89,1,0,1,1,1,1,1,1,1,1,1,1,1,1,1,
98,1299,92,0,89,93,95,90,97,92,92,92,97,95,91,94,90,1,0,1,1,1,1,1,1,1,1,1,1,1,1,1,
99,1313,93,0,90,94,96,91,98,93,93,93,98,96,92,95,91,1,0,1,1,1,1,1,1,1,1,1,1,1,1,1,
100,1327,94,0,91,95,97,92,99,94,94,94,99,97,93,96,92,1,0,1,1,1,1,1,1,1,1,1,1,1,1,1,
101,1341,95,0,92,96,98,93,100,95,95,95,100,98,94,97,93,1,0,1,1,1,1,1,1,1,1,1,1,1,1,1,
102,1355,96,0,93,97,99,94,101,96,96,96,101,99,95,98,94,1,0,1,1,1,1,1,1,1,1,1,1,1,1,1,
103,1369,97,0,94,98,100,95,102,97,97,97,102,100,96,99,95,1,0,1,1,1,1,1,1,1,1,1,1,1,1,1,
104,1383,98,0,95,99,101,96,103,98,98,98,103,101,97,100,96,1,0,1,1,1,1,1,1,1,1,1,1,1,1,1,
105,1397,99,0,96,100,102,97,104,99,99,99,104,102,98,101,97,1,0,1,1,1,1,1,1,1,1,1,1,1,1,1,
106,1411,100,0,97,101,103,98,105,100,100,100,105,103,99,102,98,1,0,1,1,1,1,1,1,1,1,1,1,1,1,1,
107,1425,101,0,98,102,104,99,106,101,101,101,106,104,100,103,99,1,0,1,1,1,1,1,1,1,1,1,1,1,1,1,
108,1439,102,0,99,103,105,100,107,102,102,102,107,105,101,104,100,1,0,1,1,1,1,1,1,1,1,1,1,1,1,1,
109,1453,103,0,100,104,106,101,108,103,103,103,108,106,102,105,101,1,0,1,1,1,1,1,1,1,1,1,1,1,1,1,
110,1467,104,0,101,105,107,102,109,104,104,104,109,107,103,106,102,1,0,1,1,1,1,1,1,1,1,1,1,1,1,1,
111,1481,105,0,102,106,108,103,110,105,105,105,110,108,104,107,103,1,0,1,1,1,1,1,1,1,1,1,1,1,1,1,
112,1495,106,0,103,107,109,104,111,106,106,106,111,109,105,108,104,1,0,1,1,1,1,1,1,1,1,1,1,1,1,1,
113,1509,107,0,104,108,110,105,112,107,107,107,112,110,106,109,105,1,0,1,1,1,1,1,1,1,1,1,1,1,1,1,
114,1523,108,0,105,109,111,106,113,108,108,108,113,111,107,110,106,1,0,1,1,1,1,1,1,1,1,1,1,1,1,1,
115,1537,109,0,106,110,112,107,114,109,109,109,114,112,108,111,107,1,0,1,1,1,1,1,1,1,1,1,1,1,1,1,
116,1551,110,0,107,111,113,108,115,110,110,110,115,113,109,112,108,1,0,1,1,1,1,1,1,1,1,1,1,1,1,1,
117,1565,111,0,108,112,114,109,116,111,111,111,116,114,110,113,109,1,0,1,1,1,1,1,1,1,1,1,1,1,1,1,
118,1579,112,0,109,113,115,110,117,112,112,112,117,115,111,114,110,1,0,1,1,1,1,1,1,1,1,1,1,1,1,1,
119,1593,113,0,110,114,116,111,118,113,113,113,118,116,112,115,111,1,0,1,1,1,1,1,1,1,1,1,1,1,1,1,
120,1607,114,0,111,115,117,112,119,114,114,114,119,117,113,116,112,1,0,1,1,1,1,1,1,1,1,1,1,1,1,1,
121,1621,115,0,112,116,118,113,120,115,115,115,120,118,114,117,113,1,0,1,1,1,1,1,1,1,1,1,1,1,1,1,
122,1635,116,0,113,117,119,114,121,116,116,116,121,119,115,118,114,1,0,1,1,1,1,1,1,1,1,1,1,1,1,1,
123,1649,117,0,114,118,120,115,122,117,117,117,122,120,116,119,115,1,0,1,1,1,1,1,1,1,1,1,1,1,1,1,
124,1663,118,0,115,119,121,116,123,118,118,118,123,121,117,120,116,1,0,1,1,1,1,1,1,1,1,1,1,1,1,1,
125,1677,119,0,116,120,122,117,124,119,119,119,124,122,118,121,117,1,0,1,1,1,1,1,1,1,1,1,1,1,1,1,
126,1691,120,0,117,121,123,118,125,120,120,120,125,123,119,122,118,1,0,1,1,1,1,1,1,1,1,1,1,1,1,1,
127,1705,121,0,118,122,124,119,126,121,121,121,126,124,120,123,119,1,0,1,1,1,1,1,1,1,1,1,1,1,1,1,
128,1719,122,0,119,123,125,120,127,122,122,122,127,125,121,124,120,1,0,1,1,1,1,1,1,1,1,1,1,1,1,1,
129,1733,123,0,120,124,126,121,128,123,123,123,128,126,122,125,121,1,0,1,1,1,1,1,1,1,1,1,1,1,1,1,
130,1747,124,0,121,125,127,122,129,124,124,124,129,127,123,126,122,1,0,1,1,1,1,1,1,1,1,1,1,1,1,1,
131,1761,125,0,122,126,128,123,130,125,125,125,130,128,124,127,123,1,0,1,1,1,1,1,1,1,1,1,1,1,1,1,
132,1775,126,0,123,127,129,124,131,126,126,126,131,129,125,128,124,1,0,1,1,1,1,1,1,1,1,1,1,1,1,1,
133,1789,127,0,124,128,130,125,132,127,127,127,132,130,126,129,125,1,0,1,1,1,1,1,1,1,1,1,1,1,1,1,
134,1803,128,0,125,129,131,126,133,128,128,128,133,131,127,130,126,1,0,1,1,1,1,1,1,1,1,1,1,1,1,1,
135,1817,129,0,126,130,132,127,134,129,129,129,134,132,128,131,127,1,0,1,1,1,1,1,1,1,1,1,1,1,1,1,
136,1831,130,0,127,131,133,128,135,130,130,130,135,133,129,132,128,1,0,1,1,1,1,1,1,1,1,1,1,1,1,1,
137,1845,131,0,128,132,134,129,136,131,131,131,136,134,130,133,129,1,0,1,1,1,1,1,1,1,1,1,1,1,1,1,
138,1859,132,0,129,133,135,130,137,132,132,132,137,135,131,134,130,1,0,1,1,1,1,1,1,1,1,1,1,1,1,1,
139,1873,133,0,130,134,136,131,138,133,133,133,138,136,132,135,131,1,0,1,1,1,1,1,1,1,1,1,1,1,1,1,
140,1887,134,0,131,135,137,132,139,134,134,134,139,137,133,136,132,1,0,1,1,1,1,1,1,1,1,1,1,1,1,1,
141,1901,135,0,132,136,138,133,140,135,135,135,140,138,134,137,133,1,0,1,1,1,1,1,1,1,1,1,1,1,1,1,
142,1915,136,0,133,137,139,134,141,136,136,136,141,139,135,138,134,1,0,1,1,1,1,1,1,1,1,1,1,1,1,1,
143,1929,137,0,134,138,140,135,142,137,137,137,142,140,136,139,135,1,0,1,1,1,1,1,1,1,1,1,1,1,1,1,
144,1943,138,0,135,139,141,136,143,138,138,138,143,141,137,140,136,1,0,1,1,1,1,1,1,1,1,1,1,1,1,1,
145,1957,139,0,136,140,142,137,144,139,139,139,144,142,138,141,137,1,0,1,1,1,1,1,1,1,1,1,1,1,1,1,
146,1971,140,0,137,141,143,138,145,140,140,140,145,143,139,142,138,1,0,1,1,1,1,1,1,1,1,1,1,1,1,1,
147,1985,141,0,138,142,144,139,146,141,141,141,146,144,140,143,139,1,0,1,1,1,1,1,1,1,1,1,1,1,1,1,
148,1999,142,0,139,143,145,140,147,142,142,142,147,145,141,144,140,1,0,1,1,1,1,1,1,1,1,1,1,1,1,1,
149,2013,143,0,140,144,146,141,148,143,143,143,148,146,142,145,141,1,0,1,1,1,1,1,1,1,1,1,1,1,1,1,
150,2027,144,0,141,145,147,142,149,144,144,144,149,147,143,146,142,1,0,1,1,1,1,1,1,1,1,1,1,1,1,1,
151,2041,145,0,142,146,148,143,150,145,145,145,150,148,144,147,143,1,0,1,1,1,1,1,1,1,1,1,1,1,1,1,
152,2055,146,0,143,147,149,144,151,146,146,146,151,149,145,148,144,1,0,1,1,1,1,1,1,1,1,1,1,1,1,1,
153,2069,147,0,144,148,150,145,152,147,147,147,152,150,146,149,145,1,0,1,1,1,1,1,1,1,1,1,1,1,1,1,
154,2083,148,0,145,149,151,146,153,148,148,148,153,151,147,150,146,1,0,1,1,1,1,1,1,1,1,1,1,1,1,1,
155,2097,149,0,146,150,152,147,154,149,149,149,154,152,148,151,147,1,0,1,1,1,1,1,1,1,1,1,1,1,1,1,
156,2111,150,0,147,151,153,148,155,150,150,150,155,153,149,152,148,1,0,1,1,1,1,1,1,1,1,1,1,1,1,1,
157,2125,151,0,148,152,154,149,156,151,151,151,156,154,150,153,149,1,0,1,1,1,1,1,1,1,1,1,1,1,1,1,
158,2139,152,0,149,153,155,150,157,152,152,152,157,155,151,154,150,1,0,1,1,1,1,1,1,1,1,1,1,1,1,1,
159,2153,153,0,150,154,156,151,158,153,153,153,158,156,152,155,151,1,0,1,1,1,1,1,1,1,1,1,1,1,1,1,
160,2167,154,0,151,155,157,152,159,154,154,154,159,157,153,156,152,1,0,1,1,1,1,1,1,1,1,1,1,1,1,1,
161,2181,155,0,152,156,158,153,160,155,155,155,160,158,154,157,153,1,0,1,1,1,1,1,1,1,1,1,1,1,1,1,
162,2195,156,0,153,157,159,154,161,156,156,156,161,159,155,158,154,1,0,1,1,1,1,1,1,1,1,1,1,1,1,1,
163,2209,157,0,154,158,160,155,162,157,157,157,162,160,156,159,155,1,0,1,1,1,1,1,1,1,1,1,1,1,1,1,
164,2223,158,0,155,159,161,156,163,158,158,158,163,161,157,160,156,1,0,1,1,1,1,1,1,1,1,1,1,1,1,1,
165,2237,159,0,156,160,162,157,164,159,159,159,164,162,158,161,157,1,0,1,1,1,1,1,1,1,1,1,1,1,1,1,
166,2251,160,0,157,161,163,158,165,160,160,160,165,163,159,162,158,1,0,1,1,1,1,1,1,1,1,1,1,1,1,1,
167,2265,161,0,158,162,164,159,166,161,161,161,166,164,160,163,159,1,0,1,1,1,1,1,1,1,1,1,1,1,1,1,
168,2279,162,0,159,163,165,160,167,162,162,162,167,165,161,164,160,1,0,1,1,1,1,1,1,1,1,1,1,1,1,1,
169,2293,163,0,160,164,166,161,168,163,163,163,168,166,162,165,161,1,0,1,1,1,1,1,1,1,1,1,1,1,1,1,
170,2307,164,0,161,165,167,162,169,164,164,164,169,167,163,166,162,1,0,1,1,1,1,1,1,1,1,1,1,1,1,1,
171,2321,165,0,162,166,168,163,170,165,165,165,170,168,164,167,163,1,0,1,1,1,1,1,1,1,1,1,1,1,1,1,
172,2335,166,0,163,167,169,164,171,166,166,166,171,169,165,168,164,1,0,1,1,1,1,1,1,1,1,1,1,1,1,1,
173,2349,167,0,164,168,170,165,172,167,167,167,172,170,166,169,165,1,0,1,1,1,1,1,1,1,1,1,1,1,1,1,
174,2363,168,0,165,169,171,166,173,168,168,168,173,171,167,170,166,1,0,1,1,1,1,1,1,1,1,1,1,1,1,1,
175,2377,169,0,166,170,172,167,174,169,169,169,174,172,168,171,167,1,0,1,1,1,1,1,1,1,1,1,1,1,1,1,
176,2391,170,0,167,171,173,168,175,170,170,170,175,173,169,172,168,1,0,1,1,1,1,1,1,1,1,1,1,1,1,1,
177,2405,171,0,168,172,174,169,176,171,171,171,176,174,170,173,169,1,0,1,1,1,1,1,1,1,1,1,1,1,1,1,
178,2419,172,0,169,173,175,170,177,172,172,172,177,175,171,174,170,1,0,1,1,1,1,1,1,1,1,1,1,1,1,1,
179,2433,173,0,170,174,176,171,178,173,173,173,178,176,172,175,171,1,0,1,1,1,1,1,1,1,1,1,1,1,1,1,
180,2447,174,0,171,175,177,172,179,174,174,174,179,177,173,176,172,1,0,1,1,1,1,1,1,1,1,1,1,1,1,1,
181,2461,175,0,172,176,178,173,180,175,175,175,180,178,174,177,173,1,0,1,1,1,1,1,1,1,1,1,1,1,1,1,
182,2475,176,0,173,177,179,174,181,176,176,176,181,179,175,178,174,1,0,1,1,1,1,1,1,1,1,1,1,1,1,1,
183,2489,177,0,174,178,180,175,182,177,177,177,182,180,176,179,175,1,0,1,1,1,1,1,1,1,1,1,1,1,1,1,
184,2503,178,0,175,179,181,176,183,178,178,178,183,181,177,180,176,1,0,1,1,1,1,1,1,1,1,1,1,1,1,1,
185,2517,179,0,176,180,182,177,184,179,179,179,184,182,178,181,177,1,0,1,1,1,1,1,1,1,1,1,1,1,1,1,
186,2531,180,0,177,181,183,178,185,180,180,180,185,183,179,182,178,1,0,1,1,1,1,1,1,1,1,1,1,1,1,1,
187,2545,181,0,178,182,184,179,186,181,181,181,186,184,180,183,179,1,0,1,1,1,1,1,1,1,1,1,1,1,1,1,
188,2559,182,0,179,183,185,180,187,182,182,182,187,185,181,184,180,1,0,1,1,1,1,1,1,1,1,1,1,1,1,1,
189,2573,183,0,180,184,186,181,188,183,183,183,188,186,182,185,181,1,0,1,1,1,1,1,1,1,1,1,1,1,1,1,
190,2587,184,0,181,185,187,182,189,184,184,184,189,187,183,186,182,1,0,1,1,1,1,1,1,1,1,1,1,1,1,1,
191,2601,185,0,182,186,188,183,190,185,185,185,190,188,184,187,183,1,0,1,1,1,1,1,1,1,1,1,1,1,1,1,
192,2615,186,0,183,187,189,184,191,186,186,186,191,189,185,188,184,1,0,1,1,1,1,1,1,1,1,1,1,1,1,1,
193,2629,187,0,184,188,190,185,192,187,187,187,192,190,186,189,185,1,0,1,1,1,1,1,1,1,1,1,1,1,1,1,
194,2643,188,0,185,189,191,186,193,188,188,188,193,191,187,190,186,1,0,1,1,1,1,1,1,1,1,1,1,1,1,1,
195,2657,189,0,186,190,192,187,194,189,189,189,194,192,188,191,187,1,0,1,1,1,1,1,1,1,1,1,1,1,1,1,
196,2671,190,0,187,191,193,188,195,190,190,190,195,193,189,192,188,1,0,1,1,1,1,1,1,1,1,1,1,1,1,1,
197,2685,191,0,188,192,194,189,196,191,191,191,196,194,190,193,189,1,0,1,1,1,1,1,1,1,1,1,1,1,1,1,
198,2699,192,0,189,193,195,190,197,192,192,192,197,195,191,194,190,1,0,1,1,1,1,1,1,1,1,1,1,1,1,1,
199,2713,193,0,190,194,196,191,198,193,193,193,198,196,192,195,191,1,0,1,1,1,1,1,1,1,1,1,1,1,1,1,
200,2727,194,0,191,195,197,192,199,194,194,194,199,197,193,196,192,1,0,1,1,1,1,1,1,1,1,1,1,1,1,1,
201,2740,195,0,192,196,198,193,200,195,195,195,200,198,193,197,193,1,0,1,1,1,1,1,1,1,1,1,1,0,1,1,
202,2753,196,0,193,197,199,194,201,196,196,196,201,199,193,198,194,1,0,1,1,1,1,1,1,1,1,1,1,1,1,1,
203,2767,197,0,194,198,200,195,202,197,197,197,202,200,194,199,195,1,0,1,1,1,1,1,1,1,1,1,1,1,1,1,
204,2781,198,0,195,199,201,196,203,198,198,198,203,201,195,200,196,1,0,1,1,1,1,1,1,1,1,1,1,1,1,1,
205,2795,199,0,196,200,202,197,204,199,199,199,204,202,196,201,197,1,0,1,1,1,1,1,1,1,1,1,1,1,1,1,
206,2809,200,0,197,201,203,198,205,200,200,200,205,203,197,202,198,1,0,1,1,1,1,1,1,1,1,1,1,1,1,1,
207,2823,201,0,198,202,204,199,206,201,201,201,206,204,198,203,199,1,0,1,1,1,1,1,1,1,1,1,1,1,1,1,
208,2837,202,0,199,203,205,200,207,202,202,202,207,205,199,204,200,1,0,1,1,1,1,1,1,1,1,1,1,1,1,1,
209,2851,203,0,200,204,206,201,208,203,203,203,208,206,200,205,201,1,0,1,1,1,1,1,1,1,1,1,1,1,1,1,
210,2865,204,0,201,205,207,202,209,204,204,204,209,207,201,206,202,1,0,1,1,1,1,1,1,1,1,1,1,1,1,1,
211,2879,205,0,202,206,208,203,210,205,205,205,210,208,202,207,203,1,0,1,1,1,1,1,1,1,1,1,1,1,1,1,
212,2893,206,0,203,207,209,204,211,206,206,206,211,209,203,208,204,1,0,1,1,1,1,1,1,1,1,1,1,1,1,1,
213,2907,207,0,204,208,210,205,212,207,207,207,212,210,204,209,205,1,0,1,1,1,1,1,1,1,1,1,1,1,1,1,
214,2921,208,0,205,209,211,206,213,208,208,208,213,211,205,210,206,1,0,1,1,1,1,1,1,1,1,1,1,1,1,1,
215,2935,209,0,206,210,212,207,214,209,209,209,214,212,206,211,207,1,0,1,1,1,1,1,1,1,1,1,1,1,1,1,
216,2949,210,0,207,211,213,208,215,210,210,210,215,213,207,212,208,1,0,1,1,1,1,1,1,1,1,1,1,1,1,1,
217,2963,211,0,208,212,214,209,216,211,211,211,216,214,208,213,209,1,0,1,1,1,1,1,1,1,1,1,1,1,1,1,
218,2977,212,0,209,213,215,210,217,212,212,212,217,215,209,214,210,1,0,1,1,1,1,1,1,1,1,1,1,1,1,1,
219,2991,213,0,210,214,216,211,218,213,213,213,218,216,210,215,211,1,0,1,1,1,1,1,1,1,1,1,1,1,1,1,
220,3005,214,0,211,215,217,212,219,214,214,214,219,217,211,216,212,1,0,1,1,1,1,1,1,1,1,1,1,1,1,1,
221,3019,215,0,212,216,218,213,220,215,215,215,220,218,212,217,213,1,0,1,1,1,1,1,1,1,1,1,1,1,1,1,
222,3033,216,0,213,217,219,214,221,216,216,216,221,219,213,218,214,1,0,1,1,1,1,1,1,1,1,1,1,1,1,1,
223,3047,217,0,214,218,220,215,222,217,217,217,222,220,214,219,215,1,0,1,1,1,1,1,1,1,1,1,1,1,1,1,
224,3061,218,0,215,219,221,216,223,218,218,218,223,221,215,220,216,1,0,1,1,1,1,1,1,1,1,1,1,1,1,1,
225,3075,219,0,216,220,222,217,224,219,219,219,224,222,216,221,217,1,0,1,1,1,1,1,1,1,1,1,1,1,1,1,
226,3089,220,0,217,221,223,218,225,220,220,220,225,223,217,222,218,1,0,1,1,1,1,1,1,1,1,1,1,1,1,1,
227,3103,221,0,218,222,224,219,226,221,221,221,226,224,218,223,219,1,0,1,1,1,1,1,1,1,1,1,1,1,1,1,
228,3117,222,0,219,223,225,220,227,222,222,222,227,225,219,224,220,1,0,1,1,1,1,1,1,1,1,1,1,1,1,1,
229,3131,223,0,220,224,226,221,228,223,223,223,228,226,220,225,221,1,0,1,1,1,1,1,1,1,1,1,1,1,1,1,
230,3145,224,0,221,225,227,222,229,224,224,224,229,227,221,226,222,1,0,1,1,1,1,1,1,1,1,1,1,1,1,1,
231,3159,225,0,222,226,228,223,230,225,225,225,230,228,222,227,223,1,0,1,1,1,1,1,1,1,1,1,1,1,1,1,
232,3173,226,0,223,227,229,224,231,226,226,226,231,229,223,228,224,1,0,1,1,1,1,1,1,1,1,1,1,1,1,1,
233,3187,227,0,224,228,230,225,232,227,227,227,232,230,224,229,225,1,0,1,1,1,1,1,1,1,1,1,1,1,1,1,
234,3201,228,0,225,229,231,226,233,228,228,228,233,231,225,230,226,1,0,1,1,1,1,1,1,1,1,1,1,1,1,1,
235,3215,229,0,226,230,232,227,234,229,229,229,234,232,226,231,227,1,0,1,1,1,1,1,1,1,1,1,1,1,1,1,
236,3229,230,0,227,231,233,228,235,230,230,230,235,233,227,232,228,1,0,1,1,1,1,1,1,1,1,1,1,1,1,1,
237,3243,231,0,228,232,234,229,236,231,231,231,236,234,228,233,229,1,0,1,1,1,1,1,1,1,1,1,1,1,1,1,
238,3257,232,0,229,233,235,230,237,232,232,232,237,235,229,234,230,1,0,1,1,1,1,1,1,1,1,1,1,1,1,1,
239,3271,233,0,230,234,236,231,238,233,233,233,238,236,230,235,231,1,0,1,1,1,1,1,1,1,1,1,1,1,1,1,
240,3285,234,0,231,235,237,232,239,234,234,234,239,237,231,236,232,1,0,1,1,1,1,1,1,1,1,1,1,1,1,1,
241,3299,235,0,232,236,238,233,240,235,235,235,240,238,232,237,233,1,0,1,1,1,1,1,1,1,1,1,1,1,1,1,
242,3313,236,0,233,237,239,234,241,236,236,236,241,239,233,238,234,1,0,1,1,1,1,1,1,1,1,1,1,1,1,1,
243,3327,237,0,234,238,240,235,242,237,237,237,242,240,234,239,235,1,0,1,1,1,1,1,1,1,1,1,1,1,1,1,
244,3341,238,0,235,239,241,236,243,238,238,238,243,241,235,240,236,1,0,1,1,1,1,1,1,1,1,1,1,1,1,1,
245,3355,239,0,236,240,242,237,244,239,239,239,244,242,236,241,237,1,0,1,1,1,1,1,1,1,1,1,1,1,1,1,
246,3369,240,0,237,241,243,238,245,240,240,240,245,243,237,242,238,1,0,1,1,1,1,1,1,1,1,1,1,1,1,1,
247,3383,241,0,238,242,244,239,246,241,241,241,246,244,238,243,239,1,0,1,1,1,1,1,1,1,1,1,1,1,1,1,
248,3396,242,0,239,243,245,240,247,242,242,242,247,245,238,244,240,1,0,1,1,1,1,1,1,1,1,1,1,0,1,1,
249,3409,243,0,240,244,246,241,248,243,243,243,248,246,238,245,241,1,0,1,1,1,1,1,1,1,1,1,1,1,1,1,
250,3423,244,0,241,245,247,242,249,244,244,244,249,247,239,246,242,1,0,1,1,1,1,1,1,1,1,1,1,1,1,1,
251,3437,245,0,242,246,248,243,250,245,245,245,250,248,240,247,243,1,0,1,1,1,1,1,1,1,1,1,1,1,1,1,
252,3450,246,0,243,247,249,244,251,246,246,246,251,249,240,248,244,1,0,1,1,1,1,1,1,1,1,1,1,0,1,1,
253,3463,247,0,244,248,250,245,252,247,247,247,252,250,240,249,245,1,0,1,1,1,1,1,1,1,1,1,1,0,1,1,
254,3476,248,0,245,249,251,246,253,248,248,248,253,251,240,250,246,1,0,1,1,1,1,1,1,1,1,1,1,1,1,1,
255,3490,249,0,246,250,252,247,254,249,249,249,254,252,241,251,247,1,0,1,1,1,1,1,1,1,1,1,1,1,1,1,
256,3504,250,0,247,251,253,248,255,250,250,250,255,253,242,252,248,1,0,1,1,1,1,1,1,1,1,1,1,1,1,1,
257,3517,251,0,248,252,254,249,256,251,251,251,256,254,242,253,249,1,0,1,1,1,1,1,1,1,1,1,1,0,1,1,
258,3530,252,0,249,253,255,250,257,252,252,252,257,255,242,254,250,1,0,1,1,1,1,1,1,1,1,1,1,1,1,1,
259,3544,253,0,250,254,256,251,258,253,253,253,258,256,243,255,251,1,0,1,1,1,1,1,1,1,1,1,1,1,1,1,
260,3558,254,0,251,255,257,252,259,254,254,254,259,257,244,256,252,1,0,1,1,1,1,1,1,1,1,1,1,1,1,1,
261,3572,255,0,252,256,258,253,260,255,255,255,260,258,245,257,253,1,0,1,1,1,1,1,1,1,1,1,1,1,1,1,
262,3586,256,0,253,257,259,254,261,256,256,256,261,259,246,258,254,1,0,1,1,1,1,1,1,1,1,1,1,1,1,1,
263,3600,257,0,254,258,260,255,262,257,257,257,262,260,247,259,255,1,0,1,1,1,1,1,1,1,1,1,1,1,1,1,
264,3614,258,0,255,259,261,256,263,258,258,258,263,261,248,260,256,1,0,1,1,1,1,1,1,1,1,1,1,1,1,1,
265,3628,259,0,256,260,262,257,264,259,259,259,264,262,249,261,257,1,0,1,1,1,1,1,1,1,1,1,1,1,1,1,
266,3642,260,0,257,261,263,258,265,260,260,260,265,263,250,262,258,1,0,1,1,1,1,1,1,1,1,1,1,1,1,1,
267,3656,261,0,258,262,264,259,266,261,261,261,266,264,251,263,259,1,0,1,1,1,1,1,1,1,1,1,1,1,1,1,
268,3670,262,0,259,263,265,260,267,262,262,262,267,265,252,264,260,1,0,1,1,1,1,1,1,1,1,1,1,1,1,1,
269,3684,263,0,260,264,266,261,268,263,263,263,268,266,253,265,261,1,0,1,1,1,1,1,1,1,1,1,1,1,1,1,
270,3698,264,0,261,265,267,262,269,264,264,264,269,267,254,266,262,1,0,1,1,1,1,1,1,1,1,1,1,1,1,1,
271,3712,265,0,262,266,268,263,270,265,265,265,270,268,255,267,263,1,0,1,1,1,1,1,1,1,1,1,1,1,1,1,
272,3726,266,0,263,267,269,264,271,266,266,266,271,269,256,268,264,1,0,1,1,1,1,1,1,1,1,1,1,1,1,1,
273,3740,267,0,264,268,270,265,272,267,267,267,272,270,257,269,265,1,0,1,1,1,1,1,1,1,1,1,1,1,1,1,
274,3754,268,0,265,269,271,266,273,268,268,268,273,271,258,270,266,1,0,1,1,1,1,1,1,1,1,1,1,1,1,1,
275,3768,269,0,266,270,272,267,274,269,269,269,274,272,259,271,267,1,0,1,1,1,1,1,1,1,1,1,1,1,1,1,
276,3782,270,0,267,271,273,268,275,270,270,270,275,273,260,272,268,1,0,1,1,1,1,1,1,1,1,1,1,1,1,1,
277,3796,271,0,268,272,274,269,276,271,271,271,276,274,261,273,269,1,0,1,1,1,1,1,1,1,1,1,1,1,1,1,
278,3810,272,0,269,273,275,270,277,272,272,272,277,275,262,274,270,1,0,1,1,1,1,1,1,1,1,1,1,1,1,1,
279,3824,273,0,270,274,276,271,278,273,273,273,278,276,263,275,271,1,0,1,1,1,1,1,1,1,1,1,1,1,1,1,
280,3837,273,0,271,275,277,272,279,274,274,274,279,277,264,276,272,1,0,1,1,1,1,1,1,1,1,1,1,1,1,1,
281,3851,274,0,272,276,278,273,280,275,275,275,280,278,265,277,273,1,0,1,1,1,1,1,1,1,1,1,1,1,1,1,
282,3864,275,0,273,277,279,274,281,275,276,276,281,279,266,278,274,1,0,1,1,1,1,1,0,1,1,1,1,1,1,1,
283,3876,275,0,274,278,280,275,282,275,277,277,282,280,267,279,275,0,0,1,1,1,1,1,0,1,1,1,1,1,1,1,
284,3888,275,0,275,279,281,276,283,275,278,278,283,281,268,280,276,1,0,1,1,1,1,1,1,1,1,1,1,1,1,1,
285,3902,276,0,276,280,282,277,284,276,279,279,284,282,269,281,277,1,0,1,1,1,1,1,1,1,1,1,1,1,1,1,
286,3916,277,0,277,281,283,278,285,277,280,280,285,283,270,282,278,1,0,1,1,1,1,1,1,1,1,1,1,1,1,1,
287,3929,278,0,278,282,284,279,286,277,281,281,286,284,271,283,279,1,0,1,1,1,1,1,1,1,1,1,1,1,1,1,
288,3942,278,0,279,283,285,280,287,278,282,282,287,285,272,284,280,1,0,1,1,1,1,1,1,1,1,1,1,1,1,1,
289,3956,279,0,280,284,286,281,288,279,283,283,288,286,273,285,281,1,0,1,1,1,1,1,1,1,1,1,1,1,1,1,
290,3970,280,0,281,285,287,282,289,280,284,284,289,287,274,286,282,1,0,1,1,1,1,1,1,1,1,1,1,1,1,1,
291,3984,281,0,282,286,288,283,290,281,285,285,290,288,275,287,283,1,0,1,1,1,1,1,1,1,1,1,1,1,1,1,
292,3998,282,0,283,287,289,284,291,282,286,286,291,289,276,288,284,1,0,1,1,1,1,1,1,1,1,1,1,1,1,1,
293,4012,283,0,284,288,290,285,292,283,287,287,292,290,277,289,285,1,0,1,1,1,1,1,1,1,1,1,1,1,1,1,
294,4026,284,0,285,289,291,286,293,284,288,288,293,291,278,290,286,1,0,1,1,1,1,1,1,1,1,1,1,1,1,1,
295,4040,285,0,286,290,292,287,294,285,289,289,294,292,279,291,287,1,0,1,1,1,1,1,1,1,1,1,1,1,1,1,
296,4054,286,0,287,291,293,288,295,286,290,290,295,293,280,292,288,1,0,1,1,1,1,1,1,1,1,1,1,1,1,1,
297,4068,287,0,288,292,294,289,296,287,291,291,296,294,281,293,289,1,0,1,1,1,1,1,1,1,1,1,1,1,1,1,
298,4082,288,0,289,293,295,290,297,288,292,292,297,295,282,294,290,1,0,1,1,1,1,1,1,1,1,1,1,1,1,1,
299,4096,289,0,290,294,296,291,298,289,293,293,298,296,283,295,291,1,0,1,1,1,1,1,1,1,1,1,1,1,1,1,
300,4110,290,0,291,295,297,292,299,290,294,294,299,297,284,296,292,1,0,1,1,1,1,1,1,1,1,1,1,1,1,1,
301,4124,291,0,292,296,298,293,300,291,295,295,300,298,285,297,293,1,0,1,1,1,1,1,1,1,1,1,1,1,1,1,
302,4138,292,0,293,297,299,294,301,292,296,296,301,299,286,298,294,1,0,1,1,1,1,1,1,1,1,1,1,1,1,1,
303,4152,293,0,294,298,300,295,302,293,297,297,302,300,287,299,295,1,0,1,1,1,1,1,1,1,1,1,1,1,1,1,
304,4166,294,0,295,299,301,296,303,294,298,298,303,301,288,300,296,1,0,1,1,1,1,1,1,1,1,1,1,1,1,1,
305,4180,295,0,296,300,302,297,304,295,299,299,304,302,289,301,297,1,0,1,1,1,1,1,1,1,1,1,1,1,1,1,
306,4194,296,0,297,301,303,298,305,296,300,300,305,303,290,302,298,1,0,1,1,1,1,1,1,1,1,1,1,1,1,1,
307,4208,297,0,298,302,304,299,306,297,301,301,306,304,291,303,299,1,0,1,1,1,1,1,1,1,1,1,1,1,1,1,
308,4222,298,0,299,303,305,300,307,298,302,302,307,305,292,304,300,1,0,1,1,1,1,1,1,1,1,1,1,1,1,1,
309,4236,299,0,300,304,306,301,308,299,303,303,308,306,293,305,301,1,0,1,1,1,1,1,1,1,1,1,1,1,1,1,
310,4250,300,0,301,305,307,302,309,300,304,304,309,307,294,306,302,1,0,1,1,1,1,1,1,1,1,1,1,1,1,1,
311,4264,301,0,302,306,308,303,310,301,305,305,310,308,295,307,303,1,0,1,1,1,1,1,1,1,1,1,1,1,1,1,
312,4277,302,0,303,307,309,304,311,301,306,306,311,309,296,308,304,1,0,1,1,1,1,1,0,1,1,1,1,1,1,1,
313,4290,303,0,304,308,310,305,312,301,307,307,312,310,297,309,305,1,0,1,1,1,1,1,1,1,1,1,1,1,1,1,
314,4304,304,0,305,309,311,306,313,302,308,308,313,311,298,310,306,1,0,1,1,1,1,1,1,1,1,1,1,1,1,1,
315,4318,305,0,306,310,312,307,314,303,309,309,314,312,299,311,307,1,0,1,1,1,1,1,1,1,1,1,1,1,1,1,
316,4332,306,0,307,311,313,308,315,304,310,310,315,313,300,312,308,1,0,1,1,1,1,1,1,1,1,1,1,1,1,1,
317,4346,307,0,308,312,314,309,316,305,311,311,316,314,301,313,309,1,0,1,1,1,1,1,1,1,1,1,1,1,1,1,
318,4360,308,0,309,313,315,310,317,306,312,312,317,315,302,314,310,1,0,1,1,1,1,1,1,1,1,1,1,1,1,1,
319,4374,309,0,310,314,316,311,318,307,313,313,318,316,303,315,311,1,0,1,1,1,1,1,1,1,1,1,1,1,1,1,
320,4388,310,0,311,315,317,312,319,308,314,314,319,317,304,316,312,1,0,1,1,1,1,1,1,1,1,1,1,1,1,1,
321,4402,311,0,312,316,318,313,320,309,315,315,320,318,305,317,313,1,0,1,1,1,1,1,1,1,1,1,1,1,1,1,
322,4416,312,0,313,317,319,314,321,310,316,316,321,319,306,318,314,1,0,1,1,1,1,1,1,1,1,1,1,1,1,1,
323,4430,313,0,314,318,320,315,322,311,317,317,322,320,307,319,315,1,0,1,1,1,1,1,1,1,1,1,1,1,1,1,
324,4444,314,0,315,319,321,316,323,312,318,318,323,321,308,320,316,1,0,1,1,1,1,1,1,1,1,1,1,1,1,1,
325,4458,315,0,316,320,322,317,324,313,319,319,324,322,309,321,317,1,0,1,1,1,1,1,1,1,1,1,1,1,1,1,
326,4472,316,0,317,321,323,318,325,314,320,320,325,323,310,322,318,1,0,1,1,1,1,1,1,1,1,1,1,1,1,1,
327,4486,317,0,318,322,324,319,326,315,321,321,326,324,311,323,319,1,0,1,1,1,1,1,1,1,1,1,1,1,1,1,
328,4500,318,0,319,323,325,320,327,316,322,322,327,325,312,324,320,1,0,1,1,1,1,1,1,1,1,1,1,1,1,1,
Completed in 328 rounds.
Completed in 65.7484 ms
